0 0.28669544740973313 0.08586165048543688 0.02904238618524333 0.03155339805825243
0 0.3161302982731554 0.08343446601941747 0.0282574568288854 0.019417475728155338
0 0.3577315541601256 0.08555825242718446 0.05180533751962324 0.02487864077669903
0 0.4342621664050236 0.08434466019417475 0.06985871271585557 0.035800970873786406
0 0.42994505494505497 0.08707524271844659 0.08006279434850865 0.03155339805825243
0 0.19211145996860285 0.10891990291262135 0.031397174254317116 0.019417475728155338
0 0.18975667189952905 0.1083131067961165 0.03924646781789639 0.020631067961165046
0 0.23449764521193095 0.11074029126213591 0.03767660910518054 0.030339805825242715
0 0.27452904238618525 0.1162014563106796 0.03924646781789639 0.02669902912621359
0 0.31946624803767665 0.11134708737864077 0.05062794348508635 0.02427184466019417
0 0.37048665620094196 0.11316747572815533 0.04513343799058085 0.0279126213592233
0 0.37813971742543173 0.1116504854368932 0.029827315541601257 0.028519417475728153
0 0.4197409733124019 0.11195388349514562 0.01883830455259027 0.015776699029126214
0 0.4118916797488226 0.11074029126213591 0.03453689167974883 0.01699029126213592
0 0.44642857142857145 0.1149878640776699 0.04866562009419152 0.03640776699029126
0 0.22586342229199374 0.1362257281553398 0.07378335949764521 0.023058252427184463
0 0.28120094191522765 0.14350728155339804 0.04081632653061225 0.03398058252427184
0 0.32358712715855575 0.14108009708737862 0.05337519623233909 0.025485436893203883
0 0.3814756671899529 0.14320388349514562 0.054552590266875985 0.03337378640776699
0 0.4428963893249608 0.13774271844660194 0.05180533751962324 0.02245145631067961
0 0.1936813186813187 0.16231796116504854 0.05023547880690738 0.02427184466019417
0 0.26589481946624804 0.1641383495145631 0.0816326530612245 0.032766990291262135
0 0.33222135007849296 0.1617111650485437 0.027472527472527476 0.020631067961165046
0 0.3708791208791209 0.16353155339805825 0.04827315541601256 0.021844660194174755
0 0.4283751962323391 0.1574635922330097 0.06122448979591837 0.02427184466019417
0 0.201138147566719 0.1878033980582524 0.0706436420722135 0.021844660194174755
0 0.2757064364207222 0.18689320388349512 0.05572998430141288 0.02245145631067961
0 0.31730769230769235 0.19629854368932037 0.02433281004709576 0.030339805825242715
0 0.3610675039246468 0.18628640776699026 0.060832025117739406 0.017597087378640776
0 0.4144427001569859 0.18173543689320387 0.04591836734693878 0.021844660194174755
0 0.45525902668759816 0.18173543689320387 0.03257456828885401 0.02427184466019417
0 0.20800627943485087 0.21935679611650483 0.08359497645211932 0.02669902912621359
0 0.28551805337519626 0.21480582524271843 0.06122448979591837 0.027305825242718445
0 0.34536891679748827 0.21874999999999997 0.05847723704866562 0.029126213592233007
0 0.41679748822605966 0.20631067961165048 0.0380690737833595 0.023665048543689317
0 0.4534929356357928 0.2066140776699029 0.03610675039246468 0.02427184466019417
0 0.1824960753532182 0.2390776699029126 0.03571428571428572 0.019417475728155338
0 0.2568681318681319 0.24180825242718446 0.076138147566719 0.025485436893203883
0 0.24862637362637363 0.24302184466019416 0.09419152276295134 0.023058252427184463
0 0.3632260596546311 0.24302184466019416 0.05023547880690738 0.03762135922330097
0 0.4069858712715856 0.2390776699029126 0.039638932496075356 0.03216019417475728
0 0.4481946624803768 0.23574029126213591 0.04356357927786499 0.030339805825242715
0 0.17759026687598117 0.26425970873786403 0.02433281004709576 0.029126213592233007
0 0.22998430141287285 0.27032766990291257 0.0663265306122449 0.03094660194174757
0 0.285223704866562 0.26911407766990286 0.03630298273155416 0.019417475728155338
0 0.3184850863422292 0.2660800970873786 0.023940345368916798 0.020024271844660192
0 0.34389717425431715 0.26668689320388345 0.02688383045525903 0.020024271844660192
0 0.3823587127158556 0.27093446601941745 0.04415227629513344 0.03155339805825243
0 0.4391679748822606 0.25834344660194175 0.06593406593406594 0.022754854368932036
0 0.20221742543171115 0.29793689320388345 0.02295918367346939 0.016383495145631068
0 0.19387755102040818 0.2970266990291262 0.04042386185243328 0.021844660194174755
0 0.3691130298273156 0.294751213592233 0.04591836734693878 0.020934466019417473
0 0.3333006279434851 0.29793689320388345 0.024529042386185244 0.016383495145631068
0 0.4310243328100471 0.28731796116504854 0.04415227629513344 0.0279126213592233
0 0.423861852433281 0.28610436893203883 0.06318681318681318 0.03094660194174757
0 0.20270800627943486 0.32933859223300965 0.031397174254317116 0.01911407766990291
0 0.1771978021978022 0.3266080097087378 0.01883830455259027 0.01729368932038835
0 0.2398940345368917 0.3275182038834951 0.032378335949764525 0.01729368932038835
0 0.32093799058084777 0.3296419902912621 0.04415227629513344 0.03610436893203883
0 0.372743328100471 0.3244842233009708 0.06220565149136578 0.03853155339805825
0 0.4628139717425432 0.30537014563106796 0.027668759811616955 0.0245752427184466
0 0.17778649921507064 0.3575546116504854 0.036499215070643645 0.033677184466019416
0 0.22164442700156986 0.35816140776699024 0.045329670329670335 0.019720873786407765
0 0.2655023547880691 0.35800970873786403 0.04003139717425432 0.020024271844660192
0 0.31779827315541603 0.3555825242718446 0.061420722135007856 0.023665048543689317
0 0.3821624803767661 0.34981796116504854 0.0445447409733124 0.028519417475728153
0 0.4375 0.3364684466019417 0.015894819466248038 0.01820388349514563
0 0.4298469387755102 0.3399575242718446 0.03159340659340659 0.01608009708737864
0 0.4569270015698587 0.33798543689320387 0.024529042386185244 0.027305825242718445
0 0.1826923076923077 0.3889563106796116 0.043171114599686033 0.023665048543689317
0 0.29964678178963894 0.384253640776699 0.030612244897959186 0.01608009708737864
0 0.33712715855573 0.3862257281553398 0.04591836734693878 0.03762135922330097
0 0.3838304552590267 0.37894417475728154 0.03885400313971743 0.03094660194174757
0 0.43180926216640503 0.3706007281553398 0.06338304552590267 0.03549757281553398
0 0.18386970172684458 0.41171116504854366 0.02904238618524333 0.01820388349514563
0 0.3172095761381476 0.4186893203883495 0.09399529042386186 0.029126213592233007
0 0.3953100470957614 0.4023058252427184 0.021781789638932497 0.017597087378640776
0 0.38657770800627944 0.4044296116504854 0.041601255886970175 0.020024271844660192
0 0.4274921507064364 0.4012439320388349 0.04140502354788069 0.028216019417475726
0 0.19191522762951335 0.4412924757281553 0.04827315541601256 0.018507281553398057
0 0.27688383045525905 0.44098907766990286 0.05494505494505495 0.02336165048543689
0 0.32211538461538464 0.4390169902912621 0.02806122448979592 0.020024271844660192
0 0.38069073783359497 0.42930825242718446 0.08634222919937207 0.023665048543689317
0 0.4482927786499215 0.42384708737864074 0.04768445839874411 0.020024271844660192
0 0.18642072213500785 0.4670813106796116 0.04120879120879121 0.020934466019417473
0 0.25529827315541603 0.475879854368932 0.09497645211930927 0.03003640776699029
0 0.3247645211930926 0.4658677184466019 0.02433281004709576 0.01911407766990291
0 0.3569466248037677 0.4649575242718446 0.04003139717425432 0.022754854368932036
0 0.4245486656200942 0.45388349514563103 0.05317896389324961 0.03398058252427184
0 0.2812990580847724 0.4937803398058252 0.039050235478806906 0.027609223300970872
0 0.33006279434850866 0.4939320388349514 0.0565149136577708 0.027305825242718445
0 0.4111067503924647 0.4799757281553398 0.07496075353218211 0.025485436893203883
0 0.4582025117739404 0.48194781553398053 0.03100470957613815 0.03246359223300971
0 0.1853414442700157 0.5201759708737863 0.03983516483516484 0.025182038834951456
0 0.3064167974882261 0.5294296116504854 0.07476452119309263 0.035800970873786406
0 0.3963893249607536 0.5116808252427184 0.09497645211930927 0.03428398058252427
0 0.4578100470957614 0.5018203883495145 0.027472527472527476 0.021844660194174755
0 0.1783751962323391 0.5449029126213591 0.022370486656200943 0.01820388349514563
0 0.23243720565149137 0.5496055825242718 0.06573783359497645 0.031856796116504854
0 0.3096546310832025 0.5479368932038835 0.03924646781789639 0.02487864077669903
0 0.2995486656200942 0.5464199029126213 0.061420722135007856 0.027305825242718445
0 0.385989010989011 0.5441444174757281 0.0620094191522763 0.033677184466019416
0 0.3751962323390895 0.5453580097087378 0.08830455259026689 0.03610436893203883
0 0.4503532182103611 0.5354975728155339 0.04591836734693878 0.0345873786407767
0 0.20368916797488226 0.5791868932038834 0.06828885400313972 0.023665048543689317
0 0.2846350078492936 0.5773665048543689 0.08104395604395605 0.027305825242718445
0 0.34821428571428575 0.5766080097087378 0.03355572998430142 0.018507281553398057
0 0.4114992150706437 0.5684162621359223 0.08359497645211932 0.027002427184466018
0 0.329179748822606 0.6090716019417475 0.07437205651491366 0.025182038834951456
0 0.3893249607535322 0.5984526699029126 0.04003139717425432 0.02214805825242718
0 0.4220957613814757 0.5954186893203883 0.02001569858712716 0.02336165048543689
0 0.4510400313971743 0.6020934466019418 0.03669544740973313 0.027002427184466018
0 0.182201726844584 0.6359223300970873 0.022566718995290426 0.02487864077669903
0 0.22959183673469388 0.6465412621359222 0.08202511773940346 0.03519417475728155
0 0.30494505494505497 0.6422936893203883 0.03767660910518054 0.029126213592233007
0 0.3403649921507065 0.6347087378640777 0.032770800627943485 0.017597087378640776
0 0.40492543171114603 0.6231796116504854 0.048861852433281006 0.025485436893203883
0 0.39324960753532184 0.6240898058252426 0.06828885400313972 0.028519417475728153
0 0.45005886970172687 0.6216626213592232 0.03708791208791209 0.01820388349514563
0 0.1875 0.6709648058252426 0.037480376766091054 0.028216019417475726
0 0.23910910518053377 0.6730885922330097 0.04297488226059655 0.030643203883495142
0 0.30514128728414447 0.6667172330097086 0.08673469387755102 0.022754854368932036
0 0.38441915227629514 0.6608009708737863 0.06711145996860284 0.04186893203883495
0 0.44534929356357933 0.6567050970873786 0.053571428571428575 0.04277912621359223
0 0.1991758241758242 0.7020631067961165 0.06711145996860284 0.03398058252427184
0 0.27168367346938777 0.6935679611650485 0.045722135007849295 0.020024271844660192
0 0.33025902668759816 0.6978155339805825 0.07770800627943486 0.0345873786407767
0 0.3931514913657771 0.6865898058252426 0.045329670329670335 0.02973300970873786
0 0.4474097331240189 0.6840109223300971 0.0423861852433281 0.0245752427184466
0 0.2398940345368917 0.725879854368932 0.05828100470957614 0.01911407766990291
0 0.30612244897959184 0.7264866504854368 0.04827315541601256 0.031856796116504854
0 0.3708791208791209 0.7175364077669902 0.07770800627943486 0.02669902912621359
0 0.440934065934066 0.7131371359223301 0.05886970172684459 0.03549757281553398
0 0.1865188383045526 0.7539441747572815 0.034340659340659344 0.02669902912621359
0 0.23273155416012561 0.7594053398058251 0.046703296703296704 0.028519417475728153
0 0.3775510204081633 0.7440837378640776 0.026687598116169546 0.022754854368932036
0 0.36616954474097335 0.7442354368932038 0.05102040816326531 0.023058252427184463
0 0.4528061224489796 0.7443871359223301 0.04179748822605966 0.025182038834951456
0 0.30043171114599687 0.7524271844660193 0.052982731554160126 0.0212378640776699
0 0.2437205651491366 0.786256067961165 0.05023547880690738 0.040958737864077666
0 0.32123233908948196 0.7845873786407767 0.09144427001569859 0.043082524271844655
0 0.4095368916797488 0.7719963592233009 0.031397174254317116 0.019720873786407765
0 0.39903846153846156 0.7750303398058251 0.05592621664050236 0.021541262135922327
0 0.4526098901098901 0.7789745145631067 0.04415227629513344 0.034890776699029125
0 0.45123626373626374 0.7789745145631067 0.04611459968602826 0.034890776699029125
0 0.31691522762951335 0.8105279126213591 0.07849293563579278 0.033677184466019416
0 0.4052197802197802 0.8077973300970873 0.07535321821036108 0.048240291262135915
0 0.2643249607535322 0.846632281553398 0.10164835164835165 0.04035194174757281
0 0.3605769230769231 0.8360133495145631 0.05121664050235479 0.030643203883495142
0 0.432201726844584 0.8296419902912621 0.08222135007849295 0.0245752427184466
0 0.4039442700156986 0.8322208737864077 0.13873626373626374 0.035800970873786406
0 0.27560832025117743 0.8807645631067961 0.053571428571428575 0.04186893203883495
0 0.3227040816326531 0.8777305825242717 0.032770800627943485 0.03216019417475728
0 0.3888343799058085 0.8592233009708737 0.05121664050235479 0.029126213592233007
0 0.4452511773940346 0.8651395631067961 0.06122448979591837 0.033677184466019416
0 0.20574960753532184 0.90063713592233 0.03944270015698587 0.023968446601941744
0 0.25981161695447413 0.9097390776699028 0.05808477237048666 0.033677184466019416
0 0.3055337519623234 0.907008495145631 0.031789638932496075 0.031856796116504854
0 0.3602825745682889 0.8959344660194174 0.03532182103610675 0.03216019417475728
0 0.3515502354788069 0.8953276699029126 0.05474882260596547 0.032766990291262135
0 0.4262166405023548 0.8907766990291262 0.09301412872841444 0.03640776699029126
0 0.2162480376766091 0.9346177184466019 0.03021978021978022 0.019720873786407765
0 0.18857927786499215 0.938258495145631 0.030612244897959186 0.037924757281553395
0 0.25078492935635793 0.931128640776699 0.0282574568288854 0.01820388349514563
0 0.29317111459968603 0.9282463592233009 0.03296703296703297 0.01911407766990291
0 0.3218210361067504 0.9346177184466019 0.031789638932496075 0.03428398058252427
0 0.35321821036106754 0.928398058252427 0.0423861852433281 0.029126213592233007
0 0.39589874411302983 0.918385922330097 0.03944270015698587 0.016383495145631068
0 0.4320054945054945 0.913379854368932 0.035910518053375196 0.0245752427184466
0 0.605671114599686 0.07858009708737863 0.031200941915227633 0.021844660194174755
0 0.668563579277865 0.08282766990291261 0.06279434850863423 0.040048543689320384
0 0.6614992150706437 0.0837378640776699 0.07574568288854004 0.03822815533980582
0 0.7352825745682889 0.07751820388349513 0.06593406593406594 0.03610436893203883
0 0.7884615384615385 0.07236043689320387 0.044740973312401885 0.043992718446601936
0 0.8353610675039247 0.07342233009708737 0.05180533751962324 0.0424757281553398
0 0.8836342229199372 0.06659587378640776 0.04356357927786499 0.03307038834951456
0 0.6077315541601256 0.10482402912621358 0.036499215070643645 0.021541262135922327
0 0.6434458398744113 0.11013349514563106 0.04120879120879121 0.032766990291262135
0 0.717425431711146 0.10194174757281553 0.0663265306122449 0.020024271844660192
0 0.7107535321821037 0.10072815533980582 0.08202511773940346 0.01699029126213592
0 0.8131868131868132 0.10300364077669902 0.09458398744113031 0.04338592233009708
0 0.8891287284144428 0.08919902912621358 0.029434850863422294 0.023665048543689317
0 0.6012558869701727 0.13121966019417475 0.02590266875981162 0.027002427184466018
0 0.6396193092621665 0.12651699029126212 0.019427001569858715 0.020024271844660192
0 0.6342229199372057 0.12788228155339804 0.030612244897959186 0.022754854368932036
0 0.6894623233908949 0.13106796116504854 0.07280219780219781 0.023665048543689317
0 0.7462715855572999 0.13713592233009708 0.044740973312401885 0.03398058252427184
0 0.7835557299843015 0.12560679611650485 0.0282574568288854 0.020024271844660192
0 0.8278061224489797 0.12242111650485436 0.02413657770800628 0.022754854368932036
0 0.8202511773940346 0.12196601941747572 0.04003139717425432 0.029126213592233007
0 0.8801020408163266 0.12682038834951456 0.0565149136577708 0.025485436893203883
0 0.6072409733124019 0.15685679611650485 0.032770800627943485 0.020024271844660192
0 0.6605180533751963 0.15776699029126212 0.022370486656200943 0.020024271844660192
0 0.6557103610675039 0.15700849514563106 0.03826530612244898 0.01729368932038835
0 0.6957417582417583 0.1574635922330097 0.04336734693877551 0.020024271844660192
0 0.782967032967033 0.16019417475728154 0.10243328100470958 0.03822815533980582
0 0.8494897959183674 0.14881674757281552 0.02590266875981162 0.013652912621359222
0 0.8880494505494506 0.14229368932038833 0.05121664050235479 0.025485436893203883
0 0.6317700156985872 0.18598300970873785 0.07044740973312402 0.03640776699029126
0 0.7279238618524333 0.18294902912621358 0.11911302982731554 0.021844660194174755
0 0.8465463108320251 0.17566747572815533 0.0859497645211931 0.029126213592233007
0 0.6136185243328101 0.21753640776699026 0.05062794348508635 0.025485436893203883
0 0.6744505494505495 0.21480582524271843 0.026295133437990583 0.016383495145631068
0 0.7196821036106751 0.21283373786407764 0.06966248037676609 0.028216019417475726
0 0.7796310832025118 0.20843446601941745 0.03610675039246468 0.025485436893203883
0 0.8327119309262166 0.20752427184466019 0.04650706436420722 0.027305825242718445
0 0.881868131868132 0.19690533980582522 0.04827315541601256 0.021844660194174755
0 0.6040031397174255 0.23665048543689318 0.02001569858712716 0.023665048543689317
0 0.6274529042386185 0.2390776699029126 0.025313971742543174 0.020631067961165046
0 0.6727825745682889 0.23938106796116504 0.015894819466248038 0.01820388349514563
0 0.6654238618524333 0.23953276699029125 0.031789638932496075 0.017900485436893203
0 0.7073194662480378 0.24453883495145629 0.05945839874411303 0.03337378640776699
0 0.751177394034537 0.2368021844660194 0.024725274725274728 0.02336165048543689
0 0.77276295133438 0.22815533980582522 0.017660910518053376 0.019417475728155338
0 0.8110282574568289 0.23437499999999997 0.07182103610675039 0.03003640776699029
0 0.8628335949764522 0.2157160194174757 0.022370486656200943 0.021844660194174755
0 0.8922684458398744 0.22421116504854366 0.03728414442700157 0.027305825242718445
0 0.6269623233908949 0.27412014563106796 0.04081632653061225 0.027002427184466018
0 0.6210753532182104 0.27229975728155337 0.05337519623233909 0.027609223300970872
0 0.6774921507064364 0.26911407766990286 0.03669544740973313 0.02487864077669903
0 0.6732731554160126 0.26790048543689315 0.044740973312401885 0.021844660194174755
0 0.7276295133437991 0.26532160194174753 0.04356357927786499 0.028216019417475726
0 0.8074960753532182 0.25621966019417475 0.02590266875981162 0.01911407766990291
0 0.8429160125588697 0.24848300970873785 0.0260989010989011 0.015776699029126214
0 0.8830455259026688 0.24969660194174756 0.031397174254317116 0.02973300970873786
0 0.8787284144427002 0.2490898058252427 0.04081632653061225 0.03337378640776699
0 0.6308869701726845 0.2912621359223301 0.03532182103610675 0.020024271844660192
0 0.6213697017268446 0.2933859223300971 0.05514128728414443 0.02245145631067961
0 0.6669937205651492 0.2942961165048543 0.031397174254317116 0.021844660194174755
0 0.6921114599686029 0.29111043689320387 0.01883830455259027 0.01911407766990291
0 0.7240973312401884 0.2958131067961165 0.043171114599686033 0.032766990291262135
0 0.7823783359497646 0.2814016990291262 0.04003139717425432 0.02336165048543689
0 0.7751177394034537 0.28200849514563103 0.05416012558869702 0.020934466019417473
0 0.8386970172684459 0.2747269417475728 0.04356357927786499 0.020934466019417473
0 0.8910910518053375 0.2633495145631068 0.033359497645211934 0.020631067961165046
0 0.8851059654631084 0.2647148058252427 0.04689952904238619 0.025182038834951456
0 0.6173469387755103 0.3263046116504854 0.05062794348508635 0.027609223300970872
0 0.6562009419152277 0.32888349514563103 0.036499215070643645 0.032766990291262135
0 0.6953492935635793 0.31902305825242716 0.03944270015698587 0.027002427184466018
0 0.7510792778649922 0.3112864077669903 0.052001569858712716 0.021844660194174755
0 0.7960164835164836 0.31568567961165045 0.04297488226059655 0.03003640776699029
0 0.8425235478806908 0.30445995145631066 0.045722135007849295 0.03549757281553398
0 0.8862833594976453 0.2938410194174757 0.042189952904238624 0.026395631067961164
0 0.6349097331240189 0.3586165048543689 0.04807692307692308 0.030339805825242715
0 0.6265698587127159 0.3564927184466019 0.06475667189952905 0.0345873786407767
0 0.6932888540031398 0.34617718446601936 0.0380690737833595 0.025485436893203883
0 0.7346938775510204 0.33783373786407767 0.04003139717425432 0.021541262135922327
0 0.7694270015698588 0.3440533980582524 0.023547880690737835 0.030339805825242715
0 0.7968014128728415 0.33009708737864074 0.028846153846153848 0.023665048543689317
0 0.8551805337519623 0.3255461165048543 0.06593406593406594 0.023665048543689317
0 0.9048273155416013 0.31523058252427183 0.016483516483516484 0.021844660194174755
0 0.9010989010989011 0.31477548543689315 0.02433281004709576 0.022754854368932036
0 0.6106750392464678 0.3809162621359223 0.049450549450549455 0.03307038834951456
0 0.6906397174254317 0.3719660194174757 0.030416012558869703 0.025485436893203883
0 0.7190934065934066 0.37621359223300965 0.026491365777080063 0.03094660194174757
0 0.7588304552590267 0.3701456310679611 0.049450549450549455 0.01820388349514563
0 0.8125 0.3698422330097087 0.045329670329670335 0.03216019417475728
0 0.8826530612244898 0.3520934466019417 0.05612244897959184 0.03307038834951456
0 0.8451726844583988 0.3539138349514563 0.01883830455259027 0.01911407766990291
0 0.6126373626373627 0.4068567961165048 0.036499215070643645 0.017597087378640776
0 0.671997645211931 0.41080097087378636 0.08850078492935637 0.037014563106796114
0 0.7499018838304553 0.3989684466019417 0.059850863422292 0.035800970873786406
0 0.815934065934066 0.39290048543689315 0.07182103610675039 0.03094660194174757
0 0.8802982731554161 0.38364684466019416 0.06397174254317112 0.040958737864077666
0 0.6271585557299844 0.4344660194174757 0.023547880690737835 0.012742718446601941
0 0.6177394034536892 0.435376213592233 0.0423861852433281 0.014563106796116504
0 0.6664050235478808 0.435376213592233 0.06436420722135008 0.03094660194174757
0 0.7404827315541602 0.42536407766990286 0.07554945054945056 0.01820388349514563
0 0.8360478806907379 0.419751213592233 0.05592621664050236 0.03610436893203883
0 0.6421703296703297 0.46738470873786403 0.06573783359497645 0.031249999999999997
0 0.7190934065934066 0.45479368932038833 0.03826530612244898 0.02245145631067961
0 0.7523547880690739 0.4525182038834951 0.02590266875981162 0.020934466019417473
0 0.7783555729984302 0.44629854368932037 0.023351648351648352 0.020024271844660192
0 0.8032770800627944 0.4437196601941747 0.025313971742543174 0.01608009708737864
0 0.8493916797488227 0.43749999999999994 0.03630298273155416 0.014563106796116504
0 0.89776295133438 0.42384708737864074 0.0282574568288854 0.021844660194174755
0 0.8906985871271587 0.42627427184466016 0.043171114599686033 0.021844660194174755
0 0.8427197802197802 0.43932038834951453 0.0500392464678179 0.016383495145631068
0 0.6142072213500785 0.4892293689320388 0.01883830455259027 0.021541262135922327
0 0.6427590266875981 0.48877427184466016 0.035910518053375196 0.02245145631067961
0 0.6316718995290425 0.489381067961165 0.05808477237048666 0.020024271844660192
0 0.7074175824175825 0.49074635922330095 0.06514913657770802 0.031856796116504854
0 0.7669740973312402 0.47284587378640774 0.01903453689167975 0.019720873786407765
0 0.7953296703296704 0.47057038834951453 0.02708006279434851 0.018810679611650484
0 0.8312401883830456 0.465260922330097 0.03532182103610675 0.01729368932038835
0 0.8790227629513344 0.46192354368932037 0.05906593406593407 0.033677184466019416
0 0.6453100470957615 0.5169902912621359 0.04101255886970173 0.028519417475728153
0 0.6084183673469388 0.5254854368932038 0.03198587127158556 0.027305825242718445
0 0.7863029827315542 0.49757281553398053 0.046703296703296704 0.020024271844660192
0 0.8388932496075354 0.48710558252427183 0.054552590266875985 0.02336165048543689
0 0.8896193092621665 0.4813410194174757 0.043759811616954476 0.022754854368932036
0 0.6918171114599686 0.5344356796116504 0.0543563579277865 0.020934466019417473
0 0.7447998430141288 0.5317050970873786 0.05121664050235479 0.015473300970873785
0 0.7828689167974883 0.524878640776699 0.024921507064364207 0.020024271844660192
0 0.8048469387755103 0.518507281553398 0.01707221350078493 0.020024271844660192
0 0.8314364207221351 0.5177487864077669 0.039638932496075356 0.034890776699029125
0 0.8900117739403455 0.5053094660194174 0.050824175824175824 0.0245752427184466
0 0.6099882260596546 0.5634101941747572 0.025313971742543174 0.011529126213592231
0 0.6355965463108321 0.5599211165048543 0.022370486656200943 0.01911407766990291
0 0.6519819466248038 0.5621966019417475 0.05278649921507065 0.02669902912621359
0 0.7144819466248038 0.5526395631067961 0.017660910518053376 0.020934466019417473
0 0.7580455259026688 0.5533980582524272 0.06004709576138148 0.02427184466019417
0 0.8187794348508635 0.5462682038834951 0.0402276295133438 0.028216019417475726
0 0.8475274725274726 0.5367111650485437 0.017660910518053376 0.023665048543689317
0 0.8940345368916798 0.524878640776699 0.039638932496075356 0.016383495145631068
0 0.8839285714285715 0.5280643203883495 0.05749607535321821 0.020934466019417473
0 0.6222527472527473 0.5926881067961165 0.028649921507064365 0.025182038834951456
0 0.5302197802197802 0.6472997572815533 0.030612244897959186 0.011832524271844658
0 0.5569073783359498 0.649878640776699 0.029827315541601257 0.021844660194174755
0 0.6547291993720565 0.5861650485436892 0.031200941915227633 0.01699029126213592
0 0.7539246467817897 0.5726638349514562 0.023547880690737835 0.01729368932038835
0 0.7880690737833596 0.5685679611650485 0.0423861852433281 0.01820388349514563
0 0.8504709576138149 0.5559769417475727 0.07535321821036108 0.027609223300970872
0 0.902668759811617 0.5503640776699029 0.019623233908948195 0.03094660194174757
0 0.6167582417582418 0.614381067961165 0.04003139717425432 0.023058252427184463
0 0.6626766091051806 0.6074029126213591 0.05062794348508635 0.023058252427184463
0 0.7277276295133438 0.6017900485436892 0.07358712715855574 0.022754854368932036
0 0.7828689167974883 0.5967839805825242 0.034340659340659344 0.020024271844660192
0 0.8134811616954475 0.5893507281553397 0.027276295133437992 0.021541262135922327
0 0.8379120879120879 0.5826759708737863 0.02119309262166405 0.0245752427184466
0 0.8626373626373627 0.5872269417475727 0.030612244897959186 0.029429611650485434
0 0.8933477237048666 0.5770631067961165 0.034340659340659344 0.02245145631067961
0 0.6459968602825746 0.6371359223300971 0.06122448979591837 0.023665048543689317
0 0.8122056514913658 0.6158980582524272 0.02001569858712716 0.023665048543689317
0 0.8360478806907379 0.6113470873786407 0.025313971742543174 0.021844660194174755
