0 0.5869309262166406 0.09010922330097086 0.031397174254317116 0.020631067961165046
0 0.6279434850863422 0.08919902912621358 0.024725274725274728 0.0212378640776699
0 0.6703296703296704 0.09314320388349513 0.04513343799058085 0.03640776699029126
0 0.701923076923077 0.08464805825242717 0.01805337519623234 0.02669902912621359
0 0.723116169544741 0.08404126213592232 0.02433281004709576 0.023058252427184463
0 0.7619701726844584 0.08100728155339805 0.04866562009419152 0.02669902912621359
0 0.8090659340659341 0.07766990291262135 0.03296703296703297 0.023665048543689317
0 0.8392857142857143 0.08404126213592232 0.04003139717425432 0.040048543689320384
0 0.5967425431711146 0.11377427184466019 0.0282574568288854 0.02427184466019417
0 0.6477629513343799 0.12469660194174756 0.029827315541601257 0.02669902912621359
0 0.6752354788069074 0.11407766990291261 0.02590266875981162 0.028519417475728153
0 0.7085949764521193 0.11256067961165048 0.043171114599686033 0.025485436893203883
0 0.7456828885400314 0.11316747572815533 0.025510204081632654 0.01820388349514563
0 0.7684458398744114 0.11802184466019416 0.03021978021978022 0.030339805825242715
0 0.8025902668759812 0.11043689320388349 0.03728414442700157 0.0212378640776699
0 0.5894819466248038 0.14290048543689318 0.039638932496075356 0.02427184466019417
0 0.8726452119309263 0.10467233009708737 0.0565149136577708 0.03519417475728155
0 0.6224489795918368 0.14290048543689318 0.026295133437990583 0.03398058252427184
0 0.646585557299843 0.14168689320388347 0.023547880690737835 0.02669902912621359
0 0.6771978021978022 0.13804611650485435 0.03610675039246468 0.02427184466019417
0 0.718210361067504 0.1398665048543689 0.04513343799058085 0.03398058252427184
0 0.7635400313971743 0.1386529126213592 0.026687598116169546 0.023058252427184463
0 0.7600078492935636 0.13683252427184464 0.036891679748822605 0.02669902912621359
0 0.8071036106750393 0.1362257281553398 0.06043956043956044 0.02427184466019417
0 0.8804945054945056 0.1307645631067961 0.05337519623233909 0.029126213592233007
0 0.5896781789638933 0.16777912621359223 0.03924646781789639 0.01820388349514563
0 0.626177394034537 0.16504854368932037 0.033751962323390894 0.02245145631067961
0 0.6883830455259027 0.1686893203883495 0.0859497645211931 0.03216019417475728
0 0.7808084772370487 0.16504854368932037 0.05808477237048666 0.023665048543689317
0 0.8369309262166406 0.17141990291262135 0.06514913657770802 0.040048543689320384
0 0.8926609105180534 0.15807038834951456 0.03218210361067504 0.025485436893203883
0 0.5936028257456829 0.19569174757281552 0.05102040816326531 0.040048543689320384
0 0.6410910518053375 0.19751213592233008 0.04866562009419152 0.03640776699029126
0 0.7078100470957615 0.19265776699029125 0.031397174254317116 0.01699029126213592
0 0.679552590266876 0.1987257281553398 0.0282574568288854 0.029126213592233007
0 0.7364599686028258 0.18901699029126212 0.02590266875981162 0.021844660194174755
0 0.7760989010989011 0.1944781553398058 0.05808477237048666 0.03519417475728155
0 0.8339874411302983 0.1911407766990291 0.05612244897959184 0.03337378640776699
0 0.8958006279434851 0.1844660194174757 0.02904238618524333 0.02487864077669903
0 0.6395211930926217 0.22178398058252424 0.029827315541601257 0.021844660194174755
0 0.5943877551020409 0.2290655339805825 0.06357927786499215 0.03640776699029126
0 0.6666012558869702 0.21753640776699026 0.019623233908948195 0.03155339805825243
0 0.7082025117739403 0.21996359223300968 0.05886970172684459 0.032766990291262135
0 0.777668759811617 0.2211771844660194 0.08006279434850865 0.0424757281553398
0 0.8514521193092622 0.21146844660194172 0.05494505494505495 0.03762135922330097
0 0.8954081632653061 0.21268203883495143 0.029827315541601257 0.020631067961165046
0 0.6096938775510204 0.24999999999999997 0.03924646781789639 0.015169902912621358
0 0.6459968602825746 0.24757281553398056 0.03571428571428572 0.023665048543689317
0 0.6948587127158556 0.24848300970873785 0.05572998430141288 0.02669902912621359
0 0.7525510204081634 0.25455097087378636 0.06122448979591837 0.03398058252427184
0 0.8691130298273156 0.23543689320388347 0.02904238618524333 0.028519417475728153
0 0.8938383045525903 0.2424150485436893 0.03610675039246468 0.03398058252427184
0 0.6000784929356359 0.27336165048543687 0.052982731554160126 0.021844660194174755
0 0.6491365777080064 0.27336165048543687 0.04905808477237049 0.02669902912621359
0 0.7209576138147568 0.2745752427184466 0.07260596546310832 0.025485436893203883
0 0.777276295133438 0.27396844660194175 0.02119309262166405 0.02427184466019417
0 0.800039246467818 0.27305825242718446 0.026687598116169546 0.027305825242718445
0 0.8416405023547882 0.2766990291262136 0.052590266875981166 0.02973300970873786
0 0.892072213500785 0.2660800970873786 0.036499215070643645 0.021844660194174755
0 0.5906593406593407 0.3131067961165048 0.046703296703296704 0.03337378640776699
0 0.6277472527472527 0.3058252427184466 0.02511773940345369 0.018810679611650484
0 0.6717032967032968 0.30248786407766987 0.04395604395604396 0.0279126213592233
0 0.7386185243328101 0.3049150485436893 0.039638932496075356 0.03762135922330097
0 0.7766875981161696 0.29975728155339804 0.03257456828885401 0.026092233009708737
0 0.833006279434851 0.30006067961165045 0.043171114599686033 0.02427184466019417
0 0.8687205651491366 0.3058252427184466 0.03610675039246468 0.03337378640776699
0 0.614010989010989 0.33586165048543687 0.08241758241758242 0.04368932038834951
0 0.6840659340659341 0.33100728155339804 0.036499215070643645 0.02427184466019417
0 0.7307692307692308 0.3364684466019417 0.06711145996860284 0.0424757281553398
0 0.8027864992150707 0.3261529126213592 0.0423861852433281 0.02427184466019417
0 0.8443877551020409 0.32675970873786403 0.03767660910518054 0.03762135922330097
0 0.8769623233908949 0.3273665048543689 0.022762951334379906 0.01699029126213592
0 0.9001177394034537 0.33191747572815533 0.023547880690737835 0.03944174757281553
0 0.5951726844583988 0.3704490291262136 0.05808477237048666 0.03519417475728155
0 0.6397174254317112 0.3577063106796116 0.029434850863422294 0.02427184466019417
0 0.679552590266876 0.36134708737864074 0.04709576138147567 0.03155339805825243
0 0.7237048665620095 0.3652912621359223 0.04120879120879121 0.028519417475728153
0 0.831828885400314 0.3543689320388349 0.03453689167974883 0.02245145631067961
0 0.8571428571428572 0.35224514563106796 0.019230769230769232 0.021844660194174755
0 0.8828492935635793 0.3552791262135922 0.03296703296703297 0.019417475728155338
0 0.5934065934065934 0.3907766990291262 0.03414442700156986 0.0212378640776699
0 0.6204866562009419 0.3886529126213592 0.019230769230769232 0.025485436893203883
0 0.6428571428571429 0.38925970873786403 0.025510204081632654 0.02427184466019417
0 0.6756279434850864 0.38834951456310673 0.03767660910518054 0.027305825242718445
0 0.7252747252747254 0.39441747572815533 0.06004709576138148 0.0345873786407767
0 0.8037676609105181 0.39229368932038833 0.06004709576138148 0.040048543689320384
0 0.8857927786499216 0.3831917475728155 0.059262166405023554 0.021844660194174755
0 0.6049843014128728 0.42597087378640774 0.029827315541601257 0.02973300970873786
0 0.6418759811616955 0.4256674757281553 0.04081632653061225 0.029126213592233007
0 0.706828885400314 0.4211165048543689 0.028649921507064365 0.020024271844660192
0 0.7401883830455259 0.42445388349514557 0.03885400313971743 0.03155339805825243
0 0.6775902668759812 0.426881067961165 0.030612244897959186 0.02669902912621359
0 0.7815934065934066 0.42081310679611644 0.04081632653061225 0.019417475728155338
0 0.8224097331240189 0.4180825242718446 0.04081632653061225 0.0212378640776699
0 0.8791208791208792 0.41959951456310673 0.05612244897959184 0.03155339805825243
0 0.6089089481946626 0.45540048543689315 0.06750392464678179 0.04368932038834951
0 0.6740580847723705 0.45388349514563103 0.06122448979591837 0.037014563106796114
0 0.7541208791208792 0.45327669902912615 0.09576138147566719 0.03337378640776699
0 0.8286891679748823 0.4475121359223301 0.031397174254317116 0.02427184466019417
0 0.8738226059654631 0.44083737864077666 0.05494505494505495 0.030339805825242715
0 0.614403453689168 0.4814927184466019 0.023547880690737835 0.019417475728155338
0 0.58712715855573 0.48998786407766987 0.031789638932496075 0.03155339805825243
0 0.6385400313971743 0.48756067961165045 0.03021978021978022 0.032766990291262135
0 0.6936813186813188 0.48543689320388345 0.06593406593406594 0.0345873786407767
0 0.689756671899529 0.4881674757281553 0.07692307692307693 0.03519417475728155
0 0.7674646781789639 0.4778519417475728 0.06593406593406594 0.021844660194174755
0 0.8163265306122449 0.4839199029126213 0.03571428571428572 0.03398058252427184
0 0.8820643642072215 0.46996359223300965 0.02511773940345369 0.025485436893203883
0 0.5912480376766092 0.5118325242718447 0.0282574568288854 0.02427184466019417
0 0.6218602825745684 0.5127427184466019 0.029827315541601257 0.020024271844660192
0 0.6744505494505495 0.5145631067961165 0.05416012558869702 0.02973300970873786
0 0.7505886970172685 0.5130461165048543 0.08948194662480377 0.03155339805825243
0 0.833006279434851 0.5139563106796116 0.07849293563579278 0.03822815533980582
0 0.8832417582417583 0.4984830097087378 0.02511773940345369 0.01699029126213592
0 0.9056122448979592 0.5009101941747572 0.02433281004709576 0.02669902912621359
0 0.597723704866562 0.5385315533980582 0.0380690737833595 0.02427184466019417
0 0.6434458398744113 0.5458131067961165 0.049450549450549455 0.03398058252427184
0 0.6785714285714286 0.5397451456310679 0.02001569858712716 0.02669902912621359
0 0.7056514913657771 0.5427791262135921 0.03257456828885401 0.023058252427184463
0 0.7600078492935636 0.5376213592233009 0.038461538461538464 0.03337378640776699
0 0.7998430141287285 0.5354975728155339 0.04199372056514914 0.0279126213592233
0 0.8530219780219781 0.5397451456310679 0.044740973312401885 0.03640776699029126
0 0.896978021978022 0.522754854368932 0.041601255886970175 0.03155339805825243
0 0.6004709576138147 0.5676577669902912 0.0521978021978022 0.02427184466019417
0 0.641679748822606 0.5785800970873786 0.03728414442700157 0.029126213592233007
0 0.7082025117739403 0.5794902912621359 0.06750392464678179 0.03944174757281553
0 0.7656985871271585 0.5682645631067961 0.049843014128728415 0.025485436893203883
0 0.832221350078493 0.5652305825242718 0.05808477237048666 0.019417475728155338
0 0.8871664050235479 0.5625 0.06122448979591837 0.04793689320388349
0 0.5979199372056515 0.5979975728155339 0.03532182103610675 0.021844660194174755
0 0.6414835164835165 0.5955703883495145 0.029827315541601257 0.021844660194174755
0 0.679552590266876 0.6016383495145631 0.049450549450549455 0.01820388349514563
0 0.7246860282574569 0.6016383495145631 0.03924646781789639 0.020631067961165046
0 0.7823783359497646 0.6037621359223301 0.038461538461538464 0.03094660194174757
0 0.7733516483516484 0.6025485436893203 0.05808477237048666 0.0345873786407767
0 0.8324175824175825 0.59375 0.05690737833594977 0.021844660194174755
0 0.8938383045525903 0.5925364077669902 0.052590266875981166 0.03398058252427184
0 0.5998822605965464 0.6377427184466019 0.05337519623233909 0.04550970873786407
0 0.6461930926216641 0.6362257281553397 0.04866562009419152 0.04368932038834951
0 0.6928963893249608 0.6334951456310679 0.05886970172684459 0.03944174757281553
0 0.7678571428571429 0.6301577669902912 0.06593406593406594 0.02669902912621359
0 0.8341836734693878 0.6253033980582524 0.038461538461538464 0.02669902912621359
0 0.8959968602825746 0.6177184466019416 0.04042386185243328 0.023665048543689317
0 0.5918367346938775 0.6617111650485437 0.023940345368916798 0.019417475728155338
0 0.625 0.670509708737864 0.05337519623233909 0.03337378640776699
0 0.6715070643642073 0.6580703883495145 0.03885400313971743 0.02427184466019417
0 0.7017268445839875 0.6574635922330097 0.023155416012558872 0.0279126213592233
0 0.7464678178963894 0.6604975728155339 0.06868131868131869 0.03398058252427184
0 0.8059262166405023 0.6532160194174756 0.049450549450549455 0.029126213592233007
0 0.8767660910518054 0.643507281553398 0.07260596546310832 0.03155339805825243
0 0.5936028257456829 0.6944781553398057 0.03453689167974883 0.02427184466019417
0 0.6334379905808477 0.6947815533980581 0.044348508634222926 0.03337378640776699
0 0.6673861852433282 0.6896237864077669 0.02197802197802198 0.029126213592233007
0 0.6913265306122449 0.6902305825242718 0.02904238618524333 0.029126213592233007
0 0.7274332810047096 0.6896237864077669 0.043171114599686033 0.029126213592233007
0 0.7725667189952905 0.6932645631067961 0.04709576138147567 0.038834951456310676
0 0.8173076923076924 0.6835558252427184 0.03924646781789639 0.03155339805825243
0 0.8948194662480378 0.681128640776699 0.04905808477237049 0.03762135922330097
0 0.8612637362637363 0.6780946601941747 0.029827315541601257 0.02427184466019417
0 0.6202904238618525 0.7199635922330097 0.07535321821036108 0.03155339805825243
0 0.6899529042386185 0.7175364077669902 0.019230769230769232 0.02669902912621359
0 0.745094191522763 0.7254247572815533 0.09105180533751962 0.04490291262135922
0 0.8133830455259027 0.7169296116504854 0.04003139717425432 0.019417475728155338
0 0.8659733124018839 0.7099514563106796 0.0282574568288854 0.023665048543689317
0 0.8991365777080064 0.7066140776699028 0.036499215070643645 0.02427184466019417
0 0.6030219780219781 0.7481796116504854 0.04395604395604396 0.028519417475728153
0 0.6589481946624804 0.7509101941747572 0.04591836734693878 0.03398058252427184
0 0.7027080062794349 0.7499999999999999 0.03610675039246468 0.026092233009708737
0 0.778061224489796 0.7460558252427184 0.049450549450549455 0.03155339805825243
0 0.7419544740973313 0.7490898058252426 0.026687598116169546 0.021844660194174755
0 0.8271193092621665 0.747876213592233 0.027472527472527476 0.019417475728155338
0 0.8573390894819467 0.7421116504854368 0.03767660910518054 0.02245145631067961
0 0.896585557299843 0.7399878640776698 0.04081632653061225 0.032766990291262135
0 0.603414442700157 0.7776092233009708 0.04395604395604396 0.025485436893203883
0 0.6532574568288855 0.772754854368932 0.03924646781789639 0.0279126213592233
0 0.6927001569858713 0.7882281553398057 0.04356357927786499 0.03094660194174757
0 0.8490973312401884 0.9356796116504854 0.0007849293563579278 0.0006067961165048543
0 0.7445054945054945 0.7885315533980581 0.05690737833594977 0.032766990291262135
0 0.8018053375196232 0.7812499999999999 0.054552590266875985 0.03640776699029126
0 0.8526295133437991 0.7797330097087378 0.04395604395604396 0.02973300970873786
0 0.9001177394034537 0.7666868932038834 0.03532182103610675 0.02427184466019417
0 0.5959576138147568 0.8097694174757281 0.029827315541601257 0.021844660194174755
0 0.6210753532182104 0.8067354368932038 0.020408163265306124 0.023058252427184463
0 0.6516875981161696 0.8073422330097086 0.03767660910518054 0.021844660194174755
0 0.6903453689167975 0.8085558252427184 0.03885400313971743 0.02427184466019417
0 0.7211538461538461 0.8170509708737863 0.02904238618524333 0.03155339805825243
0 0.7866954474097332 0.8073422330097086 0.046310832025117744 0.023058252427184463
0 0.7490188383045526 0.8143203883495145 0.02904238618524333 0.028519417475728153
0 0.821624803767661 0.7994538834951456 0.022762951334379906 0.0279126213592233
0 0.8514521193092622 0.8097694174757281 0.033751962323390894 0.03155339805825243
0 0.5943877551020409 0.8449635922330097 0.0282574568288854 0.03398058252427184
0 0.6440345368916798 0.8346480582524272 0.049843014128728415 0.0279126213592233
0 0.7148744113029828 0.8416262135922329 0.07221350078492936 0.035800970873786406
0 0.7713893249607536 0.8340412621359222 0.03453689167974883 0.03155339805825243
0 0.8196624803767661 0.8304004854368932 0.059654631083202514 0.025485436893203883
0 0.6501177394034537 0.864381067961165 0.0282574568288854 0.029126213592233007
0 0.641679748822606 0.8634708737864077 0.04591836734693878 0.03094660194174757
0 0.6848508634222921 0.868628640776699 0.0380690737833595 0.021844660194174755
0 0.7313579277864992 0.8628640776699028 0.05572998430141288 0.0212378640776699
0 0.7951334379905809 0.868021844660194 0.07260596546310832 0.03640776699029126
0 0.6263736263736264 0.8968446601941746 0.07810047095761381 0.026092233009708737
0 0.6768053375196232 0.893507281553398 0.02511773940345369 0.02427184466019417
0 0.7260596546310832 0.8916868932038834 0.05690737833594977 0.0279126213592233
0 0.7694270015698588 0.8904733009708737 0.031397174254317116 0.023058252427184463
