0 0.18877551020408165 0.09769417475728155 0.034929356357927786 0.03094660194174757
0 0.2360675039246468 0.10527912621359223 0.05886970172684459 0.03762135922330097
0 0.3096546310832025 0.09314320388349513 0.08830455259026689 0.025485436893203883
0 0.3695054945054945 0.09314320388349513 0.02904238618524333 0.020631067961165046
0 0.4091444270015699 0.0928398058252427 0.05180533751962324 0.037014563106796114
0 0.45957613814756676 0.08404126213592232 0.054552590266875985 0.038834951456310676
0 0.18426216640502355 0.12773058252427183 0.027472527472527476 0.02427184466019417
0 0.2240973312401884 0.13774271844660194 0.03257456828885401 0.028519417475728153
0 0.26491365777080067 0.1362257281553398 0.033359497645211934 0.03640776699029126
0 0.260989010989011 0.1307645631067961 0.04120879120879121 0.04368932038834951
0 0.31730769230769235 0.11923543689320387 0.03296703296703297 0.021844660194174755
0 0.3632260596546311 0.11802184466019416 0.05102040816326531 0.029126213592233007
0 0.42032967032967034 0.11589805825242717 0.02708006279434851 0.018810679611650484
0 0.4668367346938776 0.10891990291262135 0.038461538461538464 0.015776699029126214
0 0.22802197802197804 0.1532160194174757 0.0380690737833595 0.021844660194174755
0 0.26609105180533754 0.15928398058252427 0.036499215070643645 0.03398058252427184
0 0.31730769230769235 0.14563106796116504 0.06122448979591837 0.02973300970873786
0 0.4582025117739404 0.1398665048543689 0.052590266875981166 0.038834951456310676
0 0.396978021978022 0.14472087378640774 0.076138147566719 0.03398058252427184
0 0.23253532182103612 0.17930825242718446 0.03453689167974883 0.019417475728155338
0 0.2880690737833595 0.18021844660194172 0.051412872841444274 0.037014563106796114
0 0.33575353218210363 0.183252427184466 0.05023547880690738 0.03822815533980582
0 0.37382260596546313 0.1708131067961165 0.02511773940345369 0.023058252427184463
0 0.4209183673469388 0.17020631067961164 0.06279434850863423 0.03640776699029126
0 0.46762166405023553 0.1686893203883495 0.03924646781789639 0.03094660194174757
0 0.20918367346938777 0.20934466019417475 0.03885400313971743 0.03216019417475728
0 0.27060439560439564 0.2011529126213592 0.04866562009419152 0.021844660194174755
0 0.3269230769230769 0.20934466019417475 0.04042386185243328 0.03216019417475728
0 0.37009419152276296 0.20297330097087377 0.05533751962323391 0.038834951456310676
0 0.41699372056514916 0.20024271844660194 0.044740973312401885 0.037014563106796114
0 0.45525902668759816 0.1923543689320388 0.04591836734693878 0.04186893203883495
0 0.1836734693877551 0.2314927184466019 0.020800627943485087 0.02427184466019417
0 0.22782574568288855 0.23209951456310676 0.0423861852433281 0.019417475728155338
0 0.2709968602825746 0.22845873786407764 0.03924646781789639 0.021844660194174755
0 0.3282967032967033 0.22603155339805822 0.07378335949764521 0.021844660194174755
0 0.39207221350078497 0.22178398058252424 0.04277864992150707 0.020631067961165046
0 0.4499607535321821 0.2169296116504854 0.07535321821036108 0.03398058252427184
0 0.1991758241758242 0.2624393203883495 0.06043956043956044 0.03155339805825243
0 0.2762951334379906 0.2615291262135922 0.051412872841444274 0.03822815533980582
0 0.3186813186813187 0.2606189320388349 0.04356357927786499 0.03398058252427184
0 0.37872841444270017 0.25091019417475724 0.07182103610675039 0.01820388349514563
0 0.4640894819466248 0.24180825242718446 0.044740973312401885 0.019417475728155338
0 0.42562794348508637 0.25424757281553395 0.03453689167974883 0.03337378640776699
0 0.206828885400314 0.29672330097087374 0.033359497645211934 0.035800970873786406
0 0.2819858712715856 0.28125 0.08006279434850865 0.025485436893203883
0 0.27452904238618525 0.28458737864077666 0.09654631083202513 0.026092233009708737
0 0.3479199372056515 0.2870145631067961 0.05808477237048666 0.04065533980582524
0 0.4330847723704867 0.2760922330097087 0.10832025117739404 0.04429611650485436
0 0.23233908948194665 0.31644417475728154 0.06789638932496075 0.0424757281553398
0 0.2968995290423862 0.3182645631067961 0.06907378335949765 0.03155339805825243
0 0.3820643642072214 0.3085558252427184 0.07535321821036108 0.038834951456310676
0 0.4611459968602826 0.2933859223300971 0.04591836734693878 0.032766990291262135
0 0.2054552590266876 0.34496359223300965 0.04709576138147567 0.030339805825242715
0 0.24195447409733126 0.33282766990291257 0.027472527472527476 0.023058252427184463
0 0.30160910518053374 0.3398058252427184 0.05416012558869702 0.043082524271844655
0 0.353806907378336 0.33586165048543687 0.04552590266875981 0.03640776699029126
0 0.4177786499215071 0.3216019417475728 0.08006279434850865 0.035800970873786406
0 0.47252747252747257 0.3206917475728155 0.022370486656200943 0.0279126213592233
0 0.18877551020408165 0.3734830097087378 0.06004709576138148 0.038834951456310676
0 0.23469387755102042 0.36225728155339804 0.02708006279434851 0.023665048543689317
0 0.3373233908948195 0.3607402912621359 0.04081632653061225 0.015776699029126214
0 0.3981554160125589 0.3595266990291262 0.08712715855572999 0.03762135922330097
0 0.1925039246467818 0.39229368932038833 0.03296703296703297 0.025485436893203883
0 0.23547880690737835 0.39168689320388345 0.04356357927786499 0.01699029126213592
0 0.2859105180533752 0.39290048543689315 0.05416012558869702 0.04854368932038834
0 0.33437990580847726 0.39502427184466016 0.049843014128728415 0.037014563106796114
0 0.4001177394034537 0.3889563106796116 0.10832025117739404 0.0491504854368932
0 0.21605180533751964 0.43173543689320387 0.09890109890109891 0.038834951456310676
0 0.32123233908948196 0.4256674757281553 0.11459968602825746 0.04126213592233009
0 0.41934850863422296 0.40382281553398053 0.0282574568288854 0.02669902912621359
0 0.45957613814756676 0.40624999999999994 0.057692307692307696 0.03640776699029126
0 0.2219387755102041 0.4493325242718446 0.046310832025117744 0.019417475728155338
0 0.2906200941915228 0.4493325242718446 0.07535321821036108 0.032766990291262135
0 0.3671507064364207 0.4432645631067961 0.06043956043956044 0.0424757281553398
0 0.4111067503924647 0.4381067961165048 0.030612244897959186 0.03216019417475728
0 0.1968210361067504 0.4757281553398058 0.038461538461538464 0.02973300970873786
0 0.23645996860282575 0.4757281553398058 0.031397174254317116 0.020024271844660192
0 0.2815934065934066 0.47542475728155337 0.05729984301412873 0.02669902912621359
0 0.375 0.47057038834951453 0.08948194662480377 0.046116504854368925
0 0.4523155416012559 0.45722087378640774 0.03767660910518054 0.021844660194174755
0 0.18936420722135008 0.5015169902912621 0.023547880690737835 0.01820388349514563
0 0.27433281004709575 0.5060679611650485 0.11499215070643642 0.035800970873786406
0 0.3526295133437991 0.5060679611650485 0.0423861852433281 0.037014563106796114
0 0.3879513343799058 0.49757281553398053 0.03296703296703297 0.02973300970873786
0 0.4307299843014129 0.48604368932038833 0.052590266875981166 0.026092233009708737
0 0.47350863422291994 0.48331310679611644 0.029827315541601257 0.015776699029126214
0 0.20604395604395606 0.5315533980582524 0.05612244897959184 0.03822815533980582
0 0.26275510204081637 0.5288228155339806 0.03218210361067504 0.019417475728155338
0 0.3122056514913658 0.5306432038834951 0.05572998430141288 0.030339805825242715
0 0.3981554160125589 0.522754854368932 0.08320251177394035 0.03640776699029126
0 0.4611459968602826 0.522754854368932 0.04513343799058085 0.03640776699029126
0 0.1981946624803768 0.5615898058252426 0.046703296703296704 0.03155339805825243
0 0.25098116169544743 0.556128640776699 0.05416012558869702 0.025485436893203883
0 0.3294740973312402 0.5546116504854368 0.09654631083202513 0.035800970873786406
0 0.407574568288854 0.5488470873786407 0.05494505494505495 0.0279126213592233
0 0.4684065934065934 0.5439927184466019 0.043171114599686033 0.020631067961165046
0 0.23802982731554162 0.581007281553398 0.03610675039246468 0.030339805825242715
0 0.2293956043956044 0.5828276699029126 0.0565149136577708 0.029126213592233007
0 0.19093406593406595 0.585254854368932 0.020408163265306124 0.019417475728155338
0 0.2827708006279435 0.5885922330097086 0.05337519623233909 0.035800970873786406
0 0.3412480376766091 0.5879854368932038 0.06357927786499215 0.03822815533980582
0 0.41620879120879123 0.5816140776699028 0.08320251177394035 0.03640776699029126
0 0.4705651491365777 0.5697815533980582 0.026295133437990583 0.026092233009708737
0 0.2152668759811617 0.6107402912621359 0.06907378335949765 0.025485436893203883
0 0.2837519623233909 0.6104368932038834 0.06711145996860284 0.028519417475728153
0 0.3569466248037677 0.6128640776699028 0.076138147566719 0.0345873786407767
0 0.4432888540031397 0.5992111650485437 0.09183673469387756 0.02669902912621359
0 0.20427786499215073 0.6362257281553397 0.031397174254317116 0.019417475728155338
0 0.2427394034536892 0.639259708737864 0.05337519623233909 0.030339805825242715
0 0.31475667189952905 0.639259708737864 0.06397174254317112 0.040048543689320384
0 0.37029042386185246 0.6289441747572815 0.043171114599686033 0.02427184466019417
0 0.4266091051805338 0.6243932038834951 0.04591836734693878 0.02973300970873786
0 0.20310047095761383 0.6720266990291262 0.0620094191522763 0.04368932038834951
0 0.2870879120879121 0.6611043689320388 0.07770800627943486 0.020631067961165046
0 0.3498822605965463 0.6617111650485437 0.047880690737833596 0.04126213592233009
0 0.39207221350078497 0.6617111650485437 0.039638932496075356 0.03155339805825243
0 0.4582025117739404 0.6550364077669902 0.05416012558869702 0.023058252427184463
0 0.19956828885400316 0.6953883495145631 0.03767660910518054 0.018810679611650484
0 0.25098116169544743 0.6917475728155339 0.02904238618524333 0.016383495145631068
0 0.29297488226059654 0.6911407766990291 0.04709576138147567 0.02973300970873786
0 0.3394819466248038 0.6874999999999999 0.031789638932496075 0.023665048543689317
0 0.36597331240188385 0.6838592233009708 0.01883830455259027 0.027305825242718445
0 0.4099293563579278 0.6932645631067961 0.03453689167974883 0.03155339805825243
0 0.4666405023547881 0.6787014563106796 0.046703296703296704 0.02669902912621359
0 0.19760596546310832 0.7184466019417475 0.029827315541601257 0.027305825242718445
0 0.23390894819466249 0.7181432038834951 0.044348508634222926 0.025485436893203883
0 0.30298273155416017 0.7263349514563107 0.07182103610675039 0.03216019417475728
0 0.37460753532182106 0.7199635922330097 0.05494505494505495 0.03398058252427184
0 0.44230769230769235 0.7108616504854368 0.07888540031397175 0.030339805825242715
0 0.20408163265306123 0.747876213592233 0.024725274725274728 0.01699029126213592
0 0.23567503924646782 0.7454490291262136 0.03610675039246468 0.021844660194174755
0 0.2859105180533752 0.747876213592233 0.04866562009419152 0.04126213592233009
0 0.32770800627943486 0.7506067961165048 0.04120879120879121 0.037014563106796114
0 0.3842229199372057 0.7439320388349514 0.07182103610675039 0.03216019417475728
0 0.4374018838304553 0.7490898058252426 0.03453689167974883 0.03398058252427184
0 0.4699764521193093 0.7442354368932038 0.03296703296703297 0.03398058252427184
0 0.2078100470957614 0.7703276699029126 0.04709576138147567 0.023058252427184463
0 0.27021193092621665 0.774878640776699 0.0706436420722135 0.03216019417475728
0 0.32967032967032966 0.772754854368932 0.022370486656200943 0.032766990291262135
0 0.38226059654631084 0.7715412621359222 0.06868131868131869 0.030339805825242715
0 0.45290423861852436 0.7697208737864077 0.06946624803767662 0.03155339805825243
0 0.2140894819466248 0.8097694174757281 0.043171114599686033 0.03155339805825243
0 0.2815934065934066 0.7988470873786407 0.05572998430141288 0.021844660194174755
0 0.3565541601255887 0.7958131067961164 0.026687598116169546 0.023058252427184463
0 0.41699372056514916 0.7942961165048543 0.03453689167974883 0.0212378640776699
0 0.4597723704866562 0.793385922330097 0.04081632653061225 0.025485436893203883
0 0.21507064364207223 0.8361650485436892 0.062401883830455265 0.04672330097087378
0 0.3010204081632653 0.833131067961165 0.06004709576138148 0.04065533980582524
0 0.36832810047095765 0.8249393203883495 0.0282574568288854 0.01820388349514563
0 0.41718995290423866 0.8282766990291262 0.05062794348508635 0.037014563106796114
0 0.46565934065934067 0.8216019417475727 0.04395604395604396 0.0345873786407767
0 0.21055729984301413 0.8564927184466019 0.046310832025117744 0.02427184466019417
0 0.28944270015698587 0.8546723300970873 0.07770800627943486 0.03155339805825243
0 0.37696232339089486 0.8583131067961164 0.07221350078492936 0.04854368932038834
0 0.4344583987441131 0.8461771844660193 0.0380690737833595 0.029126213592233007
0 0.47605965463108324 0.8510315533980581 0.029434850863422294 0.029126213592233007
0 0.21350078492935637 0.8889563106796116 0.06946624803767662 0.037014563106796114
0 0.30867346938775514 0.8834951456310679 0.09733124018838304 0.02973300970873786
0 0.38265306122448983 0.8795509708737863 0.03728414442700157 0.01820388349514563
0 0.41718995290423866 0.8756067961165048 0.031789638932496075 0.018810679611650484
0 0.46134222919937207 0.8795509708737863 0.052590266875981166 0.03640776699029126
0 0.3161302982731554 0.9165655339805825 0.07456828885400314 0.032766990291262135
0 0.37637362637362637 0.9086771844660193 0.044348508634222926 0.02669902912621359
0 0.4326923076923077 0.9117111650485437 0.059654631083202514 0.03640776699029126
0 0.47350863422291994 0.9086771844660193 0.031397174254317116 0.03640776699029126
0 0.20005886970172684 0.9195995145631067 0.03316326530612245 0.03822815533980582
0 0.6179356357927787 0.09314320388349513 0.03296703296703297 0.03398058252427184
0 0.673861852433281 0.09466019417475727 0.07417582417582418 0.03216019417475728
0 0.7317503924646782 0.09921116504854369 0.029827315541601257 0.029126213592233007
0 0.7570643642072213 0.09041262135922329 0.03021978021978022 0.018810679611650484
0 0.7884615384615385 0.09374999999999999 0.033359497645211934 0.03762135922330097
0 0.8320251177394035 0.09223300970873785 0.03257456828885401 0.017597087378640776
0 0.8722527472527473 0.09799757281553398 0.05337519623233909 0.03640776699029126
0 0.5949764521193093 0.12044902912621358 0.04748822605965464 0.03155339805825243
0 0.6359890109890111 0.11074029126213591 0.029827315541601257 0.014563106796116504
0 0.6667974882260597 0.10740291262135922 0.034929356357927786 0.0212378640776699
0 0.7133045525902669 0.11256067961165048 0.029827315541601257 0.025485436893203883
0 0.7804160125588697 0.11680825242718446 0.0706436420722135 0.03640776699029126
0 0.853806907378336 0.11893203883495145 0.07378335949764521 0.04550970873786407
0 0.6014521193092622 0.14350728155339804 0.05729984301412873 0.03640776699029126
0 0.6532574568288855 0.14016990291262135 0.06122448979591837 0.03337378640776699
0 0.7066326530612246 0.13895631067961164 0.04552590266875981 0.03216019417475728
0 0.7505886970172685 0.1362257281553398 0.03924646781789639 0.021844660194174755
0 0.7933673469387755 0.14290048543689318 0.05416012558869702 0.032766990291262135
0 0.8663657770800628 0.13501213592233008 0.06357927786499215 0.019417475728155338
0 0.6448194662480378 0.16565533980582522 0.11342229199372057 0.037014563106796114
0 0.7329277864992151 0.1686893203883495 0.04552590266875981 0.03216019417475728
0 0.7696232339089483 0.15807038834951456 0.03021978021978022 0.021844660194174755
0 0.8369309262166406 0.15867718446601942 0.02511773940345369 0.020631067961165046
0 0.88638147566719 0.15594660194174756 0.019623233908948195 0.017597087378640776
0 0.8098508634222921 0.1653519417475728 0.030612244897959186 0.03519417475728155
0 0.6049843014128728 0.18871359223300968 0.05494505494505495 0.020024271844660192
0 0.6921114599686029 0.19174757281553395 0.09340659340659341 0.03944174757281553
0 0.7631475667189953 0.185376213592233 0.017268445839874413 0.025485436893203883
0 0.7827708006279436 0.18841019417475727 0.02511773940345369 0.029126213592233007
0 0.8090659340659341 0.18507281553398056 0.027472527472527476 0.017597087378640776
0 0.8408555729984302 0.18112864077669902 0.031397174254317116 0.02427184466019417
0 0.6022370486656201 0.21389563106796114 0.04552590266875981 0.023058252427184463
0 0.6834772370486657 0.21632281553398056 0.11145996860282575 0.02669902912621359
0 0.7921899529042387 0.21146844660194172 0.08791208791208792 0.03155339805825243
0 0.8683281004709577 0.21086165048543687 0.06122448979591837 0.032766990291262135
0 0.5998822605965464 0.24423543689320387 0.026687598116169546 0.019417475728155338
0 0.6501177394034537 0.24362864077669902 0.08320251177394035 0.03762135922330097
0 0.7187990580847724 0.25515776699029125 0.03532182103610675 0.03519417475728155
0 0.778453689167975 0.2490898058252427 0.06514913657770802 0.03398058252427184
0 0.8746075353218211 0.2378640776699029 0.03610675039246468 0.03337378640776699
0 0.827315541601256 0.23847087378640774 0.034929356357927786 0.035800970873786406
0 0.6173469387755103 0.26972087378640774 0.03257456828885401 0.021844660194174755
0 0.6487441130298274 0.2669902912621359 0.029434850863422294 0.023665048543689317
0 0.6895604395604396 0.27214805825242716 0.026295133437990583 0.01699029126213592
0 0.7484301412872841 0.2724514563106796 0.1000784929356358 0.04186893203883495
0 0.8310439560439561 0.2594053398058252 0.0620094191522763 0.025485436893203883
0 0.8487048665620095 0.2600121359223301 0.09419152276295134 0.02669902912621359
0 0.6079277864992151 0.2936893203883495 0.04905808477237049 0.02973300970873786
0 0.6705259026687599 0.2933859223300971 0.06122448979591837 0.023058252427184463
0 0.7215463108320251 0.2952063106796116 0.031397174254317116 0.02427184466019417
0 0.7792386185243328 0.2903519417475728 0.041601255886970175 0.023058252427184463
0 0.815934065934066 0.28974514563106796 0.028649921507064365 0.015776699029126214
0 0.8524332810047096 0.28974514563106796 0.046703296703296704 0.032766990291262135
0 0.5900706436420723 0.3237257281553398 0.027472527472527476 0.020631067961165046
0 0.6155808477237049 0.3234223300970874 0.023547880690737835 0.02245145631067961
0 0.6569858712715856 0.3237257281553398 0.033359497645211934 0.025485436893203883
0 0.7070251177394035 0.3349514563106796 0.03218210361067504 0.03337378640776699
0 0.7580455259026688 0.3182645631067961 0.036891679748822605 0.02669902912621359
0 0.7963108320251178 0.31887135922330095 0.03571428571428572 0.025485436893203883
0 0.8231946624803768 0.3137135922330097 0.02119309262166405 0.0212378640776699
0 0.8614599686028258 0.31856796116504854 0.06554160125588697 0.04065533980582524
0 0.6159733124018839 0.35042475728155337 0.046310832025117744 0.032766990291262135
0 0.6711145996860283 0.34921116504854366 0.04827315541601256 0.025485436893203883
0 0.7313579277864992 0.34799757281553395 0.03532182103610675 0.025485436893203883
0 0.7812009419152277 0.3549757281553398 0.06279434850863423 0.03944174757281553
0 0.8286891679748823 0.35103155339805825 0.036891679748822605 0.03398058252427184
0 0.8691130298273156 0.34617718446601936 0.059654631083202514 0.03398058252427184
0 0.6149921507064364 0.3740898058252427 0.059262166405023554 0.02669902912621359
0 0.6887755102040817 0.3841019417475728 0.04042386185243328 0.035800970873786406
0 0.744701726844584 0.3798543689320388 0.07299843014128729 0.0212378640776699
0 0.8153453689167975 0.3819781553398058 0.05494505494505495 0.032766990291262135
0 0.8738226059654631 0.372876213592233 0.04395604395604396 0.03398058252427184
0 0.5979199372056515 0.4068567961165048 0.043171114599686033 0.02427184466019417
0 0.658751962323391 0.40807038834951453 0.031397174254317116 0.021844660194174755
0 0.690149136577708 0.40837378640776695 0.031397174254317116 0.026092233009708737
0 0.7184065934065934 0.4056432038834951 0.02511773940345369 0.03155339805825243
0 0.7494113029827316 0.40382281553398053 0.03532182103610675 0.0279126213592233
0 0.7959183673469388 0.40048543689320387 0.05612244897959184 0.023665048543689317
0 0.854199372056515 0.4032160194174757 0.06514913657770802 0.03640776699029126
0 0.6171507064364208 0.43052184466019416 0.04552590266875981 0.0279126213592233
0 0.6571821036106751 0.4423543689320388 0.03767660910518054 0.035800970873786406
0 0.7282182103610676 0.44083737864077666 0.05102040816326531 0.038834951456310676
0 0.7747252747252747 0.4329490291262136 0.023155416012558872 0.020631067961165046
0 0.7452904238618525 0.4390169902912621 0.08516483516483517 0.038834951456310676
0 0.8086734693877552 0.431128640776699 0.03296703296703297 0.02669902912621359
0 0.8377158555729984 0.42384708737864074 0.02511773940345369 0.025485436893203883
0 0.8667582417582418 0.42930825242718446 0.03296703296703297 0.030339805825242715
0 0.6155808477237049 0.46996359223300965 0.04081632653061225 0.03398058252427184
0 0.673861852433281 0.4632888349514563 0.029434850863422294 0.023058252427184463
0 0.7439167974882261 0.466626213592233 0.07535321821036108 0.027305825242718445
0 0.8436028257456829 0.46632281553398053 0.09733124018838304 0.038834951456310676
0 0.6016483516483517 0.4927184466019417 0.033359497645211934 0.02487864077669903
0 0.6352040816326531 0.49211165048543687 0.033751962323390894 0.028519417475728153
0 0.6844583987441131 0.5021237864077669 0.0380690737833595 0.03519417475728155
0 0.7368524332810048 0.5027305825242718 0.06122448979591837 0.03640776699029126
0 0.8396781789638933 0.48847087378640774 0.0282574568288854 0.0212378640776699
0 0.5947802197802198 0.5218446601941747 0.038461538461538464 0.03094660194174757
0 0.6611067503924647 0.5215412621359223 0.09419152276295134 0.030339805825242715
0 0.7480376766091053 0.5260922330097086 0.06711145996860284 0.03944174757281553
0 0.8202511773940346 0.518507281553398 0.06475667189952905 0.029126213592233007
0 0.8712715855572999 0.5188106796116504 0.0380690737833595 0.0345873786407767
0 0.6006671899529042 0.5500606796116504 0.06043956043956044 0.029126213592233007
0 0.6467817896389325 0.5503640776699029 0.034929356357927786 0.028519417475728153
0 0.6779827315541601 0.5530946601941747 0.031397174254317116 0.0279126213592233
0 0.7056514913657771 0.5524878640776698 0.02786499215070644 0.030339805825242715
0 0.7337127158555731 0.5664441747572815 0.04552590266875981 0.03519417475728155
0 0.8228021978021979 0.5579490291262136 0.03610675039246468 0.03762135922330097
0 0.8608712715855573 0.5500606796116504 0.05180533751962324 0.03155339805825243
0 0.6263736263736264 0.5813106796116504 0.06318681318681318 0.026092233009708737
0 0.7912087912087913 0.5813106796116504 0.025510204081632654 0.026092233009708737
0 0.8443877551020409 0.5807038834951456 0.07849293563579278 0.037014563106796114
0 0.7627551020408164 0.5828276699029126 0.02511773940345369 0.02427184466019417
0 0.6018445839874411 0.6219660194174756 0.08948194662480377 0.037014563106796114
0 0.6634615384615385 0.6243932038834951 0.041601255886970175 0.035800970873786406
0 0.7097723704866562 0.620752427184466 0.05102040816326531 0.03822815533980582
0 0.750392464678179 0.6140776699029126 0.024725274725274728 0.020024271844660192
0 0.7859105180533752 0.6095266990291262 0.044740973312401885 0.02669902912621359
0 0.8447802197802198 0.6049757281553397 0.046310832025117744 0.026092233009708737
0 0.5886970172684459 0.6374393203883495 0.026295133437990583 0.02427184466019417
0 0.6605180533751963 0.6389563106796116 0.049843014128728415 0.027305825242718445
0 0.739403453689168 0.6362257281553397 0.051412872841444274 0.025485436893203883
0 0.8078885400313972 0.6337985436893203 0.05102040816326531 0.023058252427184463
0 0.8483124018838305 0.6398665048543689 0.0282574568288854 0.029126213592233007
0 0.5973312401883831 0.6650485436893203 0.04748822605965464 0.017597087378640776
0 0.6479591836734694 0.6689927184466019 0.05062794348508635 0.025485436893203883
0 0.6854395604395604 0.6604975728155339 0.02119309262166405 0.020631067961165046
0 0.7207613814756673 0.6580703883495145 0.05102040816326531 0.023058252427184463
0 0.788265306122449 0.6574635922330097 0.020408163265306124 0.021844660194174755
0 0.8563579277864992 0.6556432038834951 0.024725274725274728 0.020631067961165046
0 0.6287284144427002 0.6881067961165048 0.04042386185243328 0.020024271844660192
0 0.5908555729984302 0.6847694174757281 0.03767660910518054 0.023058252427184463
0 0.745486656200942 0.6823422330097086 0.02511773940345369 0.015776699029126214
0 0.7876766091051806 0.6793082524271844 0.0663265306122449 0.021844660194174755
0 0.8722527472527473 0.6787014563106796 0.04003139717425432 0.015776699029126214
0 0.7070251177394035 0.7050970873786407 0.031397174254317116 0.023665048543689317
0 0.8090659340659341 0.7002427184466019 0.031397174254317116 0.02487864077669903
0 0.5590659340659341 0.9563106796116504 0.0282574568288854 0.017597087378640776
0 0.5657378335949765 0.9223300970873786 0.029827315541601257 0.016383495145631068
