0 0.19093406593406595 0.08252427184466019 0.05102040816326531 0.02245145631067961
0 0.26040031397174257 0.08859223300970873 0.05180533751962324 0.0345873786407767
0 0.30376766091051804 0.08282766990291261 0.03885400313971743 0.0279126213592233
0 0.35321821036106754 0.08737864077669902 0.057692307692307696 0.04186893203883495
0 0.4052197802197802 0.0816140776699029 0.05102040816326531 0.023058252427184463
0 0.4499607535321821 0.07979368932038834 0.02904238618524333 0.02427184466019417
0 0.47586342229199374 0.0837378640776699 0.022762951334379906 0.03337378640776699
0 0.17896389324960754 0.1116504854368932 0.03021978021978022 0.026092233009708737
0 0.20584772370486656 0.1049757281553398 0.02590266875981162 0.0212378640776699
0 0.23076923076923078 0.11225728155339805 0.02708006279434851 0.027305825242718445
0 0.27060439560439564 0.10770631067961164 0.031397174254317116 0.01699029126213592
0 0.30062794348508637 0.10527912621359223 0.026295133437990583 0.020631067961165046
0 0.3310439560439561 0.10891990291262135 0.03453689167974883 0.02669902912621359
0 0.37656985871271587 0.11195388349514562 0.03453689167974883 0.0279126213592233
0 0.4067896389324961 0.10406553398058252 0.02119309262166405 0.021844660194174755
0 0.4275902668759812 0.10285194174757281 0.02590266875981162 0.021844660194174755
0 0.45408163265306123 0.10315533980582524 0.021585557299843017 0.018810679611650484
0 0.473116169544741 0.10224514563106796 0.01883830455259027 0.023058252427184463
0 0.18995290423861855 0.12985436893203883 0.04199372056514914 0.018810679611650484
0 0.23018053375196235 0.13137135922330095 0.03218210361067504 0.030339805825242715
0 0.2925824175824176 0.13137135922330095 0.04395604395604396 0.030339805825242715
0 0.2645211930926217 0.12712378640776698 0.033359497645211934 0.023058252427184463
0 0.34752747252747257 0.13015776699029125 0.05180533751962324 0.02427184466019417
0 0.42562794348508637 0.1240898058252427 0.06436420722135008 0.01820388349514563
0 0.19878335949764522 0.1553398058252427 0.03296703296703297 0.035800970873786406
0 0.2415620094191523 0.1544296116504854 0.04866562009419152 0.025485436893203883
0 0.3076923076923077 0.1574635922330097 0.057692307692307696 0.03155339805825243
0 0.3675431711145997 0.14836165048543687 0.02433281004709576 0.01820388349514563
0 0.39521193092621665 0.14563106796116504 0.025510204081632654 0.02245145631067961
0 0.41895604395604397 0.14138349514563106 0.020408163265306124 0.02245145631067961
0 0.4452511773940346 0.14320388349514562 0.030612244897959186 0.026092233009708737
0 0.47154631083202514 0.1453276699029126 0.02197802197802198 0.029126213592233007
0 0.18681318681318682 0.17506067961165048 0.03571428571428572 0.01699029126213592
0 0.22821821036106751 0.18294902912621358 0.05023547880690738 0.03155339805825243
0 0.29120879120879123 0.1699029126213592 0.04042386185243328 0.026092233009708737
0 0.32751177394034536 0.17566747572815533 0.02904238618524333 0.02427184466019417
0 0.38088697017268447 0.16504854368932037 0.02904238618524333 0.020024271844660192
0 0.4056122448979592 0.1653519417475728 0.02197802197802198 0.020631067961165046
0 0.4285714285714286 0.16231796116504854 0.023155416012558872 0.021844660194174755
0 0.45054945054945056 0.1629247572815534 0.023940345368916798 0.01820388349514563
0 0.17916012558869704 0.1987257281553398 0.019623233908948195 0.021844660194174755
0 0.22036891679748824 0.19508495145631066 0.02511773940345369 0.019417475728155338
0 0.25137362637362637 0.1953883495145631 0.019623233908948195 0.020024271844660192
0 0.26785714285714285 0.1944781553398058 0.05416012558869702 0.019417475728155338
0 0.33124018838304553 0.19629854368932037 0.060832025117739406 0.03155339805825243
0 0.3840266875981162 0.1865898058252427 0.027472527472527476 0.021844660194174755
0 0.4111067503924647 0.18294902912621358 0.026687598116169546 0.019417475728155338
0 0.4432888540031397 0.19023058252427183 0.026687598116169546 0.02427184466019417
0 0.4733124018838305 0.18294902912621358 0.03414442700156986 0.019417475728155338
0 0.23469387755102042 0.2169296116504854 0.018445839874411302 0.01699029126213592
0 0.2655023547880691 0.21328883495145629 0.043171114599686033 0.021844660194174755
0 0.31927001569858715 0.2099514563106796 0.06279434850863423 0.018810679611650484
0 0.3836342229199372 0.20691747572815533 0.04709576138147567 0.017597087378640776
0 0.43328100470957615 0.20479368932038833 0.051412872841444274 0.025485436893203883
0 0.47586342229199374 0.20418689320388347 0.030612244897959186 0.030339805825242715
0 0.18563579277864994 0.2378640776699029 0.033359497645211934 0.017597087378640776
0 0.2195839874411303 0.23756067961165048 0.03296703296703297 0.021844660194174755
0 0.24627158555729986 0.23513349514563106 0.023547880690737835 0.021844660194174755
0 0.2686420722135008 0.23270631067961162 0.022762951334379906 0.02669902912621359
0 0.29003139717425436 0.24059466019417475 0.033359497645211934 0.03519417475728155
0 0.3624411302982732 0.23756067961165048 0.029827315541601257 0.03155339805825243
0 0.3924646781789639 0.22785194174757278 0.039638932496075356 0.029126213592233007
0 0.46055729984301413 0.2236043689320388 0.05808477237048666 0.023058252427184463
0 0.24548665620094193 0.26668689320388345 0.02197802197802198 0.03155339805825243
0 0.28787284144427006 0.2648665048543689 0.0282574568288854 0.0279126213592233
0 0.36401098901098905 0.2594053398058252 0.06436420722135008 0.03640776699029126
0 0.42680533751962324 0.24453883495145629 0.017268445839874413 0.023665048543689317
0 0.4578100470957614 0.24726941747572814 0.041601255886970175 0.03155339805825243
0 0.18622448979591838 0.2827669902912621 0.019623233908948195 0.017597087378640776
0 0.22664835164835165 0.2818567961165048 0.02197802197802198 0.02427184466019417
0 0.26785714285714285 0.28731796116504854 0.06043956043956044 0.02669902912621359
0 0.30867346938775514 0.28731796116504854 0.026687598116169546 0.03155339805825243
0 0.33339874411302983 0.28307038834951453 0.023547880690737835 0.03519417475728155
0 0.3840266875981162 0.277002427184466 0.03924646781789639 0.019417475728155338
0 0.35498430141287285 0.277002427184466 0.02119309262166405 0.020631067961165046
0 0.4305337519623234 0.27063106796116504 0.02786499215070644 0.026092233009708737
0 0.19289638932496075 0.3064320388349514 0.04866562009419152 0.020024271844660192
0 0.20153061224489796 0.30430825242718446 0.06436420722135008 0.02669902912621359
0 0.2588304552590267 0.3058252427184466 0.05023547880690738 0.028519417475728153
0 0.29336734693877553 0.3058252427184466 0.01883830455259027 0.023665048543689317
0 0.3141679748822606 0.30461165048543687 0.02590266875981162 0.027305825242718445
0 0.3522370486656201 0.3085558252427184 0.05180533751962324 0.03762135922330097
0 0.39109105180533754 0.2982402912621359 0.02590266875981162 0.02427184466019417
0 0.4201334379905809 0.3073422330097087 0.043171114599686033 0.03519417475728155
0 0.195839874411303 0.33222087378640774 0.05533751962323391 0.019417475728155338
0 0.25490580847723704 0.32888349514563103 0.06043956043956044 0.02245145631067961
0 0.30043171114599687 0.33100728155339804 0.03296703296703297 0.021844660194174755
0 0.3579277864992151 0.33100728155339804 0.05690737833594977 0.029126213592233007
0 0.3518445839874412 0.33100728155339804 0.06907378335949765 0.03155339805825243
0 0.413657770800628 0.3255461165048543 0.026295133437990583 0.019417475728155338
0 0.46055729984301413 0.3231189320388349 0.06122448979591837 0.030339805825242715
0 0.1936813186813187 0.36438106796116504 0.06750392464678179 0.03398058252427184
0 0.2794348508634223 0.3598300970873786 0.04356357927786499 0.03337378640776699
0 0.24234693877551022 0.36468446601941745 0.03296703296703297 0.03337378640776699
0 0.3516483516483517 0.3564927184466019 0.059262166405023554 0.029126213592233007
0 0.4158163265306123 0.3519417475728155 0.06593406593406594 0.02487864077669903
0 0.47468602825745687 0.34496359223300965 0.03453689167974883 0.020631067961165046
0 0.1805337519623234 0.37955097087378636 0.021585557299843017 0.021844660194174755
0 0.23920722135007852 0.3807645631067961 0.05180533751962324 0.02427184466019417
0 0.30082417582417587 0.38137135922330095 0.026687598116169546 0.023058252427184463
0 0.3602825745682889 0.3886529126213592 0.06161695447409733 0.03519417475728155
0 0.4385792778649922 0.3722694174757281 0.0565149136577708 0.021844660194174755
0 0.4790031397174255 0.37773058252427183 0.027472527472527476 0.0279126213592233
0 0.2152668759811617 0.4056432038834951 0.07142857142857144 0.030339805825242715
0 0.26373626373626374 0.40624999999999994 0.021585557299843017 0.01699029126213592
0 0.3033751962323391 0.4032160194174757 0.02786499215070644 0.023058252427184463
0 0.35302197802197804 0.40989077669902907 0.06907378335949765 0.03398058252427184
0 0.43112244897959184 0.3995752427184466 0.02197802197802198 0.0279126213592233
0 0.18622448979591838 0.42809466019417475 0.04395604395604396 0.03155339805825243
0 0.25510204081632654 0.42627427184466016 0.04827315541601256 0.025485436893203883
0 0.30200156985871274 0.435376213592233 0.06122448979591837 0.02669902912621359
0 0.3651883830455259 0.4308252427184466 0.033751962323390894 0.0212378640776699
0 0.4111067503924647 0.4341626213592233 0.04003139717425432 0.02427184466019417
0 0.4589874411302983 0.42597087378640774 0.03610675039246468 0.016383495145631068
0 0.1968210361067504 0.4490291262135922 0.06122448979591837 0.020024271844660192
0 0.2694270015698587 0.45327669902912615 0.047880690737833596 0.03094660194174757
0 0.3330062794348509 0.45600728155339804 0.041601255886970175 0.021844660194174755
0 0.3035714285714286 0.4535800970873786 0.017268445839874413 0.019417475728155338
0 0.3906985871271586 0.45509708737864074 0.0282574568288854 0.017597087378640776
0 0.440934065934066 0.45175970873786403 0.07299843014128729 0.02669902912621359
0 0.18131868131868134 0.47117718446601936 0.0380690737833595 0.02669902912621359
0 0.22762951334379908 0.46844660194174753 0.023940345368916798 0.023665048543689317
0 0.2631475667189953 0.4766383495145631 0.03532182103610675 0.021844660194174755
0 0.29827315541601257 0.47542475728155337 0.025510204081632654 0.01699029126213592
0 0.3436028257456829 0.47542475728155337 0.031397174254317116 0.014563106796116504
0 0.3985478806907379 0.4757281553398058 0.0282574568288854 0.023665048543689317
0 0.43171114599686033 0.4766383495145631 0.02786499215070644 0.02669902912621359
0 0.1760204081632653 0.4918082524271844 0.01883830455259027 0.020631067961165046
0 0.22468602825745684 0.4948422330097087 0.02904238618524333 0.021844660194174755
0 0.10733908948194663 0.7782160194174756 0.0706436420722135 0.03398058252427184
0 0.13520408163265307 0.836771844660194 0.04003139717425432 0.023665048543689317
0 0.09085557299843014 0.8124999999999999 0.04395604395604396 0.017597087378640776
0 0.0881083202511774 0.8467839805825242 0.04003139717425432 0.01820388349514563
0 0.12558869701726846 0.8674150485436892 0.05690737833594977 0.01820388349514563
0 0.19839089481946626 0.7836771844660193 0.09968602825745683 0.0837378640776699
0 0.2717817896389325 0.8079490291262135 0.052590266875981166 0.029126213592233007
0 0.3141679748822606 0.8052184466019416 0.02904238618524333 0.02973300970873786
0 0.3494897959183674 0.8073422330097086 0.041601255886970175 0.038834951456310676
0 0.3938383045525903 0.8052184466019416 0.05023547880690738 0.02973300970873786
0 0.4362244897959184 0.8103762135922329 0.03296703296703297 0.023058252427184463
0 0.20074568288854006 0.8334344660194174 0.04395604395604396 0.02427184466019417
0 0.3135792778649922 0.8322208737864077 0.057692307692307696 0.023058252427184463
0 0.3642072213500785 0.8304004854368932 0.0380690737833595 0.029126213592233007
0 0.42366562009419156 0.8328276699029126 0.04395604395604396 0.02669902912621359
0 0.244701726844584 0.8285800970873786 0.0423861852433281 0.021844660194174755
0 0.4668367346938776 0.8401092233009708 0.04081632653061225 0.02669902912621359
0 0.1970172684458399 0.8607402912621358 0.05062794348508635 0.02427184466019417
0 0.2737441130298273 0.8637742718446602 0.059654631083202514 0.03519417475728155
0 0.32790423861852436 0.860133495145631 0.05494505494505495 0.032766990291262135
0 0.3734301412872842 0.8631674757281552 0.03924646781789639 0.029126213592233007
0 0.4032574568288854 0.862257281553398 0.02511773940345369 0.03216019417475728
0 0.4330847723704867 0.8655946601941746 0.03610675039246468 0.030339805825242715
0 0.46507064364207223 0.8731796116504854 0.026295133437990583 0.043082524271844655
0 0.19191522762951335 0.8865291262135921 0.039638932496075356 0.026092233009708737
0 0.23645996860282575 0.8971480582524272 0.05572998430141288 0.03398058252427184
0 0.3076923076923077 0.889259708737864 0.04591836734693878 0.025485436893203883
0 0.3494897959183674 0.899878640776699 0.03453689167974883 0.02973300970873786
0 0.3961930926216641 0.8971480582524272 0.05023547880690738 0.03398058252427184
0 0.45839874411302983 0.897754854368932 0.04827315541601256 0.032766990291262135
0 0.17857142857142858 0.9335558252427184 0.04277864992150707 0.04126213592233009
0 0.2154631083202512 0.9229368932038834 0.03021978021978022 0.020024271844660192
0 0.26197017268445844 0.9296116504854368 0.07299843014128729 0.03822815533980582
0 0.32123233908948196 0.9208131067961164 0.04709576138147567 0.023058252427184463
0 0.35714285714285715 0.9317354368932038 0.03257456828885401 0.0279126213592233
0 0.38755886970172687 0.9293082524271844 0.02904238618524333 0.03762135922330097
0 0.45290423861852436 0.9299150485436892 0.06397174254317112 0.038834951456310676
0 0.5932103610675039 0.07493932038834951 0.05494505494505495 0.03640776699029126
0 0.6397174254317112 0.08586165048543688 0.039638932496075356 0.029126213592233007
0 0.6842621664050236 0.08586165048543688 0.03296703296703297 0.03155339805825243
0 0.7229199372056515 0.08464805825242717 0.04827315541601256 0.03640776699029126
0 0.7647174254317112 0.0816140776699029 0.041601255886970175 0.030339805825242715
0 0.8263343799058085 0.07190533980582524 0.05337519623233909 0.020631067961165046
0 0.8801020408163266 0.07251213592233009 0.05494505494505495 0.025485436893203883
0 0.6002747252747254 0.10345873786407767 0.0423861852433281 0.025485436893203883
0 0.6648351648351649 0.10436893203883495 0.05612244897959184 0.0212378640776699
0 0.7109497645211932 0.11013349514563106 0.0565149136577708 0.03398058252427184
0 0.7494113029827316 0.11377427184466019 0.023547880690737835 0.02669902912621359
0 0.7757064364207222 0.10467233009708737 0.02590266875981162 0.01820388349514563
0 0.8149529042386185 0.10891990291262135 0.06357927786499215 0.03398058252427184
0 0.8875588697017269 0.10254854368932038 0.04866562009419152 0.03216019417475728
0 0.6051805337519623 0.13440533980582522 0.057692307692307696 0.029126213592233007
0 0.6458006279434851 0.13925970873786406 0.0282574568288854 0.02669902912621359
0 0.7109497645211932 0.1395631067961165 0.03453689167974883 0.02973300970873786
0 0.778453689167975 0.1316747572815534 0.03610675039246468 0.0212378640776699
0 0.7639324960753533 0.12833737864077668 0.06828885400313972 0.02669902912621359
0 0.8177001569858713 0.12742718446601942 0.03767660910518054 0.023665048543689317
0 0.8490973312401884 0.12499999999999999 0.0282574568288854 0.02487864077669903
0 0.875784929356358 0.11741504854368931 0.02197802197802198 0.02427184466019417
0 0.5961538461538461 0.16565533980582522 0.05533751962323391 0.03216019417475728
0 0.6497252747252747 0.15807038834951456 0.052590266875981166 0.020631067961165046
0 0.7140894819466248 0.15867718446601942 0.059654631083202514 0.019417475728155338
0 0.7558869701726845 0.16504854368932037 0.03021978021978022 0.026092233009708737
0 0.7894427001569859 0.15564320388349515 0.03924646781789639 0.020631067961165046
0 0.8161302982731554 0.16383495145631066 0.031397174254317116 0.02973300970873786
0 0.8695054945054945 0.14714805825242716 0.0282574568288854 0.023058252427184463
0 0.8993328100470959 0.14199029126213591 0.029827315541601257 0.020024271844660192
0 0.5955651491365778 0.18719660194174756 0.03296703296703297 0.01820388349514563
0 0.6450156985871272 0.18598300970873785 0.03453689167974883 0.020631067961165046
0 0.6885792778649922 0.19174757281553395 0.0565149136577708 0.035800970873786406
0 0.751177394034537 0.1865898058252427 0.07025117739403454 0.03155339805825243
0 0.8530219780219781 0.18234223300970873 0.026687598116169546 0.0279126213592233
0 0.8848116169544742 0.1720266990291262 0.03610675039246468 0.01699029126213592
0 0.5955651491365778 0.2111650485436893 0.03767660910518054 0.028519417475728153
0 0.6475667189952905 0.21025485436893201 0.05612244897959184 0.02427184466019417
0 0.5990973312401884 0.34496359223300965 0.038461538461538464 0.023058252427184463
0 0.6995682888540031 0.21146844660194172 0.02511773940345369 0.01699029126213592
0 0.7242935635792779 0.216626213592233 0.02511773940345369 0.026092233009708737
0 0.7456828885400314 0.21207524271844658 0.029434850863422294 0.030339805825242715
0 0.7921899529042387 0.214502427184466 0.05337519623233909 0.025485436893203883
0 0.8298665620094192 0.2066140776699029 0.033751962323390894 0.019417475728155338
0 0.859497645211931 0.21177184466019416 0.028649921507064365 0.03094660194174757
0 0.6136185243328101 0.24180825242718446 0.03296703296703297 0.02427184466019417
0 0.679552590266876 0.2412014563106796 0.07927786499215071 0.03640776699029126
0 0.6883830455259027 0.2412014563106796 0.06475667189952905 0.03519417475728155
0 0.7362637362637363 0.23816747572815533 0.023940345368916798 0.02669902912621359
0 0.7866954474097332 0.23695388349514562 0.05416012558869702 0.029126213592233007
0 0.8249607535321821 0.23270631067961162 0.022370486656200943 0.01820388349514563
0 0.869701726844584 0.22815533980582522 0.03257456828885401 0.02487864077669903
0 0.6102825745682889 0.26729368932038833 0.034929356357927786 0.03640776699029126
0 0.6363814756671899 0.2627427184466019 0.02197802197802198 0.026092233009708737
0 0.6732731554160126 0.27093446601941745 0.04866562009419152 0.032766990291262135
0 0.7211538461538461 0.2612257281553398 0.04709576138147567 0.02427184466019417
0 0.7576530612244898 0.2578883495145631 0.02590266875981162 0.027305825242718445
0 0.8016091051805339 0.25515776699029125 0.04709576138147567 0.021844660194174755
0 0.8381083202511774 0.2618325242718446 0.029827315541601257 0.030339805825242715
0 0.8855965463108321 0.25091019417475724 0.05886970172684459 0.023058252427184463
0 0.6216640502354789 0.2973300970873786 0.06318681318681318 0.02973300970873786
0 0.6787676609105181 0.28610436893203883 0.05337519623233909 0.02427184466019417
0 0.7348901098901099 0.2903519417475728 0.049450549450549455 0.029126213592233007
0 0.794348508634223 0.2882281553398058 0.06711145996860284 0.03337378640776699
0 0.8799058084772371 0.2800364077669903 0.0663265306122449 0.03640776699029126
0 0.6057692307692308 0.32099514563106796 0.05180533751962324 0.0212378640776699
0 0.6775902668759812 0.3140169902912621 0.046310832025117744 0.020631067961165046
0 0.7364599686028258 0.31553398058252424 0.04866562009419152 0.02973300970873786
0 0.7796310832025118 0.3085558252427184 0.030612244897959186 0.01699029126213592
0 0.8131868131868132 0.3070388349514563 0.036499215070643645 0.03216019417475728
0 0.881475667189953 0.30430825242718446 0.062401883830455265 0.03155339805825243
0 0.6414835164835165 0.34496359223300965 0.02511773940345369 0.01699029126213592
0 0.6728806907378336 0.3486043689320388 0.04709576138147567 0.032766990291262135
0 0.7085949764521193 0.3391990291262136 0.02197802197802198 0.018810679611650484
0 0.7656985871271585 0.3376820388349514 0.08673469387755102 0.025485436893203883
0 0.8506671899529042 0.337378640776699 0.06436420722135008 0.03094660194174757
0 0.5947802197802198 0.37924757281553395 0.04866562009419152 0.026092233009708737
0 0.6395211930926217 0.3765169902912621 0.044740973312401885 0.03519417475728155
0 0.723901098901099 0.36923543689320387 0.10361067503924648 0.03762135922330097
0 0.8106357927786499 0.36013349514563103 0.02197802197802198 0.0279126213592233
0 0.83712715855573 0.35254854368932037 0.029434850863422294 0.023665048543689317
0 0.8946232339089483 0.34890776699029125 0.03767660910518054 0.023665048543689317
0 0.8844191522762952 0.35012135922330095 0.06279434850863423 0.027305825242718445
0 0.5912480376766092 0.40928398058252424 0.03767660910518054 0.032766990291262135
0 0.6338304552590267 0.40503640776699024 0.05062794348508635 0.03640776699029126
0 0.6983908948194663 0.3974514563106796 0.05729984301412873 0.03822815533980582
0 0.7713893249607536 0.39684466019417475 0.06671899529042387 0.03337378640776699
0 0.8192700156985872 0.39290048543689315 0.044740973312401885 0.03640776699029126
0 0.8899136577708007 0.3753033980582524 0.033751962323390894 0.0279126213592233
0 0.6055729984301413 0.42445388349514557 0.052982731554160126 0.02669902912621359
0 0.6650313971742543 0.4223300970873786 0.06279434850863423 0.02245145631067961
0 0.71212715855573 0.42445388349514557 0.026687598116169546 0.032766990291262135
0 0.7397959183673469 0.4177791262135922 0.03257456828885401 0.020631067961165046
0 0.7980769230769231 0.4223300970873786 0.0620094191522763 0.0345873786407767
0 0.8390894819466248 0.404126213592233 0.020800627943485087 0.028519417475728153
0 0.8763736263736265 0.41140776699029125 0.054552590266875985 0.03822815533980582
0 0.6124411302982732 0.4535800970873786 0.07692307692307693 0.03640776699029126
0 0.6662087912087913 0.4514563106796116 0.02590266875981162 0.0212378640776699
0 0.7356750392464678 0.44508495145631066 0.07221350078492936 0.02427184466019417
0 0.7957221350078494 0.4487257281553398 0.05494505494505495 0.038834951456310676
0 0.8479199372056515 0.4341626213592233 0.03453689167974883 0.02427184466019417
0 0.8804945054945056 0.42961165048543687 0.02511773940345369 0.02487864077669903
0 0.9014913657770801 0.426881067961165 0.023155416012558872 0.02427184466019417
0 0.6049843014128728 0.48634708737864074 0.04866562009419152 0.03155339805825243
0 0.6538461538461539 0.47542475728155337 0.04905808477237049 0.02427184466019417
0 0.702315541601256 0.48209951456310673 0.029827315541601257 0.0279126213592233
0 0.7501962323390895 0.47087378640776695 0.031397174254317116 0.023665048543689317
0 0.7815934065934066 0.47542475728155337 0.0282574568288854 0.019417475728155338
0 0.8386970172684459 0.473756067961165 0.03924646781789639 0.02336165048543689
0 0.8334968602825746 0.47330097087378636 0.04964678178963894 0.02427184466019417
0 0.8946232339089483 0.4681432038834951 0.03453689167974883 0.030339805825242715
0 0.6069466248037677 0.5118325242718447 0.05416012558869702 0.03640776699029126
0 0.6630690737833596 0.5172936893203883 0.06828885400313972 0.03762135922330097
0 0.717032967032967 0.5027305825242718 0.03885400313971743 0.02669902912621359
0 0.7496075353218211 0.5057645631067961 0.02786499215070644 0.019417475728155338
0 0.7827708006279436 0.5009101941747572 0.03924646781789639 0.0279126213592233
0 0.8294740973312402 0.4972694174757281 0.059654631083202514 0.03640776699029126
0 0.8789246467817897 0.4942354368932038 0.033751962323390894 0.032766990291262135
0 0.9038461538461539 0.4912014563106796 0.017660910518053376 0.02427184466019417
0 0.6151883830455259 0.5427791262135921 0.03218210361067504 0.032766990291262135
0 0.6567896389324961 0.5439927184466019 0.05337519623233909 0.040048543689320384
0 0.7240973312401884 0.5358009708737863 0.06004709576138148 0.028519417475728153
0 0.7731554160125589 0.5397451456310679 0.05062794348508635 0.038834951456310676
0 0.8175039246467818 0.5279126213592232 0.04277864992150707 0.020024271844660192
0 0.8730376766091053 0.5276092233009708 0.0847723704866562 0.0424757281553398
0 0.6204866562009419 0.5761529126213591 0.08830455259026689 0.04126213592233009
0 0.6777864992150707 0.5661407766990291 0.026295133437990583 0.02487864077669903
0 0.7042778649921507 0.5640169902912621 0.03296703296703297 0.02427184466019417
0 0.755690737833595 0.5688713592233009 0.07221350078492936 0.03640776699029126
0 0.8177001569858713 0.5591626213592232 0.017268445839874413 0.01699029126213592
0 0.8571428571428572 0.5537014563106796 0.060832025117739406 0.025485436893203883
0 0.6022370486656201 0.6028519417475727 0.04552590266875981 0.02427184466019417
0 0.6414835164835165 0.6089199029126213 0.03610675039246468 0.03155339805825243
0 0.6960361067503925 0.6052791262135921 0.049450549450549455 0.03640776699029126
0 0.7798273155416013 0.5931432038834951 0.0521978021978022 0.0279126213592233
0 0.8345761381475668 0.5922330097087378 0.07142857142857144 0.04429611650485436
0 0.892072213500785 0.5834344660194174 0.02786499215070644 0.02669902912621359
0 0.603414442700157 0.6377427184466019 0.06357927786499215 0.037014563106796114
0 0.6501177394034537 0.6337985436893203 0.031397174254317116 0.025485436893203883
0 0.6948587127158556 0.6259101941747572 0.03767660910518054 0.02427184466019417
0 0.7262558869701727 0.6204490291262136 0.02590266875981162 0.020631067961165046
0 0.7478414442700158 0.6177184466019416 0.02119309262166405 0.026092233009708737
0 0.778061224489796 0.6283373786407767 0.05180533751962324 0.03640776699029126
0 0.8314364207221351 0.616504854368932 0.05808477237048666 0.023665048543689317
0 0.8875588697017269 0.6125606796116504 0.03453689167974883 0.02427184466019417
0 0.6434458398744113 0.6583737864077669 0.02904238618524333 0.0212378640776699
0 0.6057692307692308 0.6562499999999999 0.041601255886970175 0.029126213592233007
0 0.6666012558869702 0.6695995145631067 0.04395604395604396 0.04126213592233009
0 0.7297880690737834 0.6562499999999999 0.06671899529042387 0.03398058252427184
0 0.7808084772370487 0.6513956310679611 0.03532182103610675 0.02427184466019417
0 0.8349686028257457 0.6429004854368932 0.033751962323390894 0.021844660194174755
0 0.8229984301412874 0.645631067961165 0.0521978021978022 0.0212378640776699
0 0.870094191522763 0.6416868932038834 0.028649921507064365 0.02427184466019417
0 0.8961930926216641 0.6444174757281553 0.022762951334379906 0.02487864077669903
0 0.6155808477237049 0.6884101941747572 0.06593406593406594 0.0279126213592233
0 0.6923076923076924 0.6850728155339805 0.031789638932496075 0.017597087378640776
0 0.7437205651491366 0.6871966019417475 0.05533751962323391 0.023058252427184463
0 0.788657770800628 0.6887135922330097 0.04552590266875981 0.035800970873786406
0 0.8471350078492936 0.6708131067961165 0.023547880690737835 0.019417475728155338
0 0.8785321821036107 0.6683859223300971 0.03924646781789639 0.02427184466019417
0 0.8867739403453689 0.6674757281553397 0.05416012558869702 0.02245145631067961
0 0.6014521193092622 0.7199635922330097 0.03453689167974883 0.020631067961165046
0 0.6383437990580848 0.7178398058252426 0.03767660910518054 0.023665048543689317
0 0.6713108320251178 0.7205703883495145 0.03296703296703297 0.03640776699029126
0 0.7162480376766092 0.7196601941747572 0.024725274725274728 0.02487864077669903
0 0.7089874411302983 0.7181432038834951 0.03924646781789639 0.03155339805825243
0 0.7482339089481947 0.7211771844660193 0.05180533751962324 0.040048543689320384
0 0.8074960753532182 0.7148058252427184 0.07299843014128729 0.04429611650485436
0 0.8659733124018839 0.7075242718446602 0.05180533751962324 0.03822815533980582
0 0.6016483516483517 0.7475728155339805 0.03728414442700157 0.02245145631067961
0 0.6501177394034537 0.7566747572815533 0.07221350078492936 0.03337378640776699
0 0.7168367346938775 0.7454490291262136 0.06122448979591837 0.020631067961165046
0 0.7694270015698588 0.7439320388349514 0.02197802197802198 0.015169902912621358
0 0.8118131868131868 0.7339199029126213 0.0282574568288854 0.02669902912621359
0 0.5987048665620095 0.7757888349514562 0.026687598116169546 0.023058252427184463
0 0.6748430141287285 0.7760922330097086 0.038461538461538464 0.023665048543689317
0 0.7125196232339089 0.7739684466019416 0.02904238618524333 0.029126213592233007
0 0.7576530612244898 0.7766990291262135 0.07299843014128729 0.04550970873786407
0 0.8377158555729984 0.7718446601941746 0.06436420722135008 0.04672330097087378
0 0.8914835164835165 0.7545509708737863 0.046310832025117744 0.029126213592233007
0 0.6134222919937206 0.8140169902912621 0.060832025117739406 0.038834951456310676
0 0.673861852433281 0.8097694174757281 0.05690737833594977 0.040048543689320384
0 0.7741365777080064 0.8027912621359222 0.03767660910518054 0.020024271844660192
0 0.8082810047095762 0.8024878640776698 0.033751962323390894 0.01820388349514563
0 0.8385007849293564 0.8037014563106796 0.0282574568288854 0.032766990291262135
0 0.8928571428571429 0.7861043689320387 0.04199372056514914 0.02669902912621359
0 0.646585557299843 0.8425364077669902 0.06671899529042387 0.03519417475728155
0 0.6934850863422293 0.8458737864077669 0.03571428571428572 0.03944174757281553
0 0.7549058084772371 0.8382888349514562 0.06985871271585557 0.038834951456310676
0 0.8188775510204082 0.8346480582524272 0.0706436420722135 0.04854368932038834
0 0.6687598116169545 0.8713592233009708 0.03571428571428572 0.03094660194174757
0 0.7029042386185244 0.8649878640776698 0.02708006279434851 0.021844660194174755
0 0.739403453689168 0.8640776699029126 0.04827315541601256 0.026092233009708737
0 0.7847331240188383 0.8655946601941746 0.041601255886970175 0.029126213592233007
0 0.8989403453689169 0.8461771844660193 0.030612244897959186 0.023058252427184463
0 0.5975274725274725 0.895631067961165 0.029827315541601257 0.027305825242718445
0 0.6367739403453689 0.9062499999999999 0.05494505494505495 0.038834951456310676
0 0.695447409733124 0.8959344660194174 0.05847723704866562 0.025485436893203883
0 0.783751962323391 0.8922936893203882 0.06554160125588697 0.02427184466019417
0 0.8302590266875982 0.9004854368932038 0.03296703296703297 0.03094660194174757
0 0.6222527472527473 0.926881067961165 0.07221350078492936 0.023058252427184463
0 0.6744505494505495 0.9365898058252426 0.03610675039246468 0.03640776699029126
0 0.7423469387755103 0.933252427184466 0.02590266875981162 0.0345873786407767
0 0.7743328100470958 0.922633495145631 0.0380690737833595 0.023058252427184463
0 0.8184850863422293 0.9280946601941746 0.06514913657770802 0.03398058252427184
0 0.8750981161695448 0.8228155339805825 0.05710361067503925 0.04550970873786407
