0 0.1803375196232339 0.08707524271844659 0.04552590266875981 0.03398058252427184
0 0.26157770800627944 0.0837378640776699 0.052590266875981166 0.02245145631067961
0 0.4093406593406594 0.08464805825242717 0.06004709576138148 0.02427184466019417
0 0.4603610675039247 0.08950242718446601 0.023940345368916798 0.02427184466019417
0 0.3369309262166405 0.08768203883495145 0.08634222919937207 0.03155339805825243
0 0.5363029827315542 0.12166262135922329 0.06671899529042387 0.040048543689320384
0 0.1936813186813187 0.11104368932038834 0.05023547880690738 0.016383495145631068
0 0.2708006279434851 0.10649271844660194 0.07182103610675039 0.019417475728155338
0 0.31907378335949765 0.11438106796116504 0.028649921507064365 0.0279126213592233
0 0.3663657770800628 0.10649271844660194 0.04395604395604396 0.019417475728155338
0 0.46958398744113033 0.28853155339805825 0.0007849293563579278 0.0
0 0.3620486656200942 0.10527912621359223 0.05494505494505495 0.021844660194174755
0 0.42680533751962324 0.10376213592233009 0.0423861852433281 0.0212378640776699
0 0.46153846153846156 0.10800970873786407 0.020800627943485087 0.02245145631067961
0 0.41836734693877553 0.10558252427184465 0.059262166405023554 0.02245145631067961
0 0.19309262166405025 0.13137135922330095 0.023155416012558872 0.023058252427184463
0 0.22350863422291994 0.13804611650485435 0.04709576138147567 0.029126213592233007
0 0.33575353218210363 0.13015776699029125 0.03924646781789639 0.025485436893203883
0 0.3710753532182104 0.13349514563106796 0.031397174254317116 0.028519417475728153
0 0.4283751962323391 0.13258495145631066 0.04552590266875981 0.03519417475728155
0 0.18288854003139718 0.15625 0.02786499215070644 0.021844660194174755
0 0.2109497645211931 0.1544296116504854 0.027472527472527476 0.01699029126213592
0 0.2360675039246468 0.15382281553398056 0.022762951334379906 0.019417475728155338
0 0.2611852433281005 0.1544296116504854 0.026687598116169546 0.01820388349514563
0 0.32986656200941916 0.15382281553398056 0.06985871271585557 0.025485436893203883
0 0.3971742543171115 0.14987864077669902 0.03021978021978022 0.0212378640776699
0 0.43131868131868134 0.154126213592233 0.025510204081632654 0.0212378640776699
0 0.46055729984301413 0.15625 0.033751962323390894 0.021844660194174755
0 0.17798273155416014 0.18173543689320387 0.01883830455259027 0.021844660194174755
0 0.2305729984301413 0.1865898058252427 0.06436420722135008 0.03398058252427184
0 0.2815934065934066 0.17839805825242716 0.0282574568288854 0.0212378640776699
0 0.3100470957613815 0.18082524271844658 0.02786499215070644 0.02245145631067961
0 0.35105965463108324 0.18143203883495143 0.049450549450549455 0.026092233009708737
0 0.4028649921507065 0.18901699029126212 0.07378335949764521 0.038834951456310676
0 0.4582025117739404 0.18385922330097085 0.05180533751962324 0.027305825242718445
0 0.19171899529042388 0.2111650485436893 0.049450549450549455 0.02973300970873786
0 0.2521585557299843 0.2078276699029126 0.06828885400313972 0.03155339805825243
0 0.3090659340659341 0.20479368932038833 0.0423861852433281 0.021844660194174755
0 0.348116169544741 0.2066140776699029 0.03414442700156986 0.020631067961165046
0 0.44839089481946626 0.2011529126213592 0.059654631083202514 0.021844660194174755
0 0.3918759811616955 0.2078276699029126 0.052590266875981166 0.02669902912621359
0 0.18857927786499215 0.23300970873786406 0.047880690737833596 0.0212378640776699
0 0.24175824175824176 0.22603155339805822 0.05533751962323391 0.025485436893203883
0 0.3110282574568289 0.22663834951456308 0.06514913657770802 0.021844660194174755
0 0.4036499215070644 0.2245145631067961 0.033751962323390894 0.017597087378640776
0 0.44839089481946626 0.2290655339805825 0.04081632653061225 0.02669902912621359
0 0.1709183673469388 0.2636529126213592 0.03610675039246468 0.02669902912621359
0 0.20172684458398746 0.25515776699029125 0.022370486656200943 0.01820388349514563
0 0.2272370486656201 0.2648665048543689 0.03414442700156986 0.029126213592233007
0 0.26157770800627944 0.2524271844660194 0.03218210361067504 0.020024271844660192
0 0.32751177394034536 0.2512135922330097 0.07299843014128729 0.026092233009708737
0 0.38893249607535324 0.2524271844660194 0.03257456828885401 0.027305825242718445
0 0.4217032967032967 0.247876213592233 0.030612244897959186 0.023058252427184463
0 0.2305729984301413 0.2797330097087378 0.026687598116169546 0.020024271844660192
0 0.2694270015698587 0.27427184466019416 0.05023547880690738 0.023665048543689317
0 0.33025902668759816 0.2715412621359223 0.07221350078492936 0.02427184466019417
0 0.4067896389324961 0.27093446601941745 0.05494505494505495 0.023058252427184463
0 0.4554552590266876 0.2669902912621359 0.04003139717425432 0.023665048543689317
0 0.22350863422291994 0.30127427184466016 0.07221350078492936 0.02427184466019417
0 0.315541601255887 0.2964199029126213 0.026295133437990583 0.023058252427184463
0 0.3412480376766091 0.2924757281553398 0.02197802197802198 0.026092233009708737
0 0.3663657770800628 0.30066747572815533 0.03453689167974883 0.029126213592233007
0 0.4034536891679749 0.2945995145631068 0.04199372056514914 0.029126213592233007
0 0.46094976452119313 0.2952063106796116 0.03532182103610675 0.02669902912621359
0 0.18563579277864994 0.3285800970873786 0.0380690737833595 0.029126213592233007
0 0.33025902668759816 0.3228155339805825 0.023547880690737835 0.0212378640776699
0 0.3220172684458399 0.3231189320388349 0.04003139717425432 0.020631067961165046
0 0.37225274725274726 0.31674757281553395 0.06043956043956044 0.02245145631067961
0 0.44662480376766095 0.3149271844660194 0.0859497645211931 0.02973300970873786
0 0.18072998430141288 0.3558859223300971 0.026687598116169546 0.01699029126213592
0 0.28434065934065933 0.3561893203883495 0.05729984301412873 0.027305825242718445
0 0.33614599686028257 0.3558859223300971 0.02590266875981162 0.032766990291262135
0 0.4118916797488226 0.3419296116504854 0.04866562009419152 0.021844660194174755
0 0.45525902668759816 0.339502427184466 0.03728414442700157 0.02669902912621359
0 0.18190737833594978 0.3807645631067961 0.03453689167974883 0.02669902912621359
0 0.23489010989010992 0.3841019417475728 0.06828885400313972 0.03216019417475728
0 0.28865777080062793 0.3856189320388349 0.027472527472527476 0.03155339805825243
0 0.35086342229199374 0.38015776699029125 0.06789638932496075 0.03398058252427184
0 0.4012951334379906 0.36802184466019416 0.029827315541601257 0.019417475728155338
0 0.4340659340659341 0.3652912621359223 0.036499215070643645 0.020024271844660192
0 0.46212715855573 0.3701456310679611 0.03296703296703297 0.03822815533980582
0 0.1783751962323391 0.40807038834951453 0.02590266875981162 0.025485436893203883
0 0.23685243328100472 0.4056432038834951 0.0706436420722135 0.025485436893203883
0 0.30435635792778654 0.3995752427184466 0.06279434850863423 0.02669902912621359
0 0.4030612244897959 0.4016990291262136 0.057692307692307696 0.03216019417475728
0 0.18975667189952905 0.4320388349514563 0.03767660910518054 0.02245145631067961
0 0.2568681318681319 0.431128640776699 0.049450549450549455 0.030339805825242715
0 0.29591836734693877 0.435376213592233 0.03571428571428572 0.03398058252427184
0 0.3436028257456829 0.42506067961165045 0.03767660910518054 0.023058252427184463
0 0.40208006279434855 0.41959951456310673 0.03453689167974883 0.021844660194174755
0 0.4546703296703297 0.42081310679611644 0.047880690737833596 0.02427184466019417
0 0.18818681318681318 0.4620752427184466 0.05023547880690738 0.03398058252427184
0 0.25137362637362637 0.45782766990291257 0.044740973312401885 0.0279126213592233
0 0.3228021978021978 0.45843446601941745 0.04003139717425432 0.02669902912621359
0 0.3985478806907379 0.4475121359223301 0.06907378335949765 0.029126213592233007
