0 0.184850863422292 0.09875606796116504 0.06671899529042387 0.04156553398058252
0 0.24234693877551022 0.10800970873786407 0.04905808477237049 0.03398058252427184
0 0.3091640502354788 0.10664441747572814 0.07908163265306123 0.037924757281553395
0 0.39756671899529045 0.10270024271844659 0.02904238618524333 0.02032766990291262
0 0.45094191522762955 0.10452063106796115 0.07378335949764521 0.040958737864077666
0 0.21202904238618525 0.1316747572815534 0.09674254317111461 0.03822815533980582
0 0.30366954474097335 0.1372876213592233 0.08536106750392465 0.03853155339805825
0 0.3675431711145997 0.13015776699029125 0.03257456828885401 0.029126213592233007
0 0.418563579277865 0.13000606796116504 0.046310832025117744 0.031249999999999997
0 0.46350078492935637 0.13804611650485435 0.04199372056514914 0.030339805825242715
0 0.19309262166405025 0.16231796116504854 0.04395604395604396 0.018810679611650484
0 0.2543171114599686 0.16125606796116504 0.02904238618524333 0.020934466019417473
0 0.2823783359497645 0.16064927184466019 0.026295133437990583 0.0245752427184466
0 0.3248626373626374 0.1617111650485437 0.05121664050235479 0.023058252427184463
0 0.40531789638932497 0.16702063106796114 0.0979199372056515 0.018507281553398057
0 0.470074568288854 0.17384708737864077 0.043759811616954476 0.03155339805825243
0 0.18602825745682888 0.19933252427184464 0.0521978021978022 0.0345873786407767
0 0.2483320251177394 0.1935679611650485 0.045722135007849295 0.021844660194174755
0 0.2968995290423862 0.19705703883495143 0.04552590266875981 0.033677184466019416
0 0.35213893249607536 0.19296116504854366 0.05121664050235479 0.0279126213592233
0 0.40100078492935637 0.19265776699029125 0.042189952904238624 0.02487864077669903
0 0.45839874411302983 0.20024271844660194 0.04748822605965464 0.030339805825242715
0 0.2004513343799058 0.2313410194174757 0.08339874411302983 0.03853155339805825
0 0.28149529042386184 0.22845873786407764 0.06573783359497645 0.03398058252427184
0 0.35017660910518056 0.2246662621359223 0.05474882260596547 0.020934466019417473
0 0.4039442700156986 0.22390776699029125 0.05396389324960754 0.026092233009708737
0 0.46654238618524335 0.22163228155339804 0.03787284144427002 0.01911407766990291
0 0.18897174254317112 0.25500606796116504 0.052590266875981166 0.03610436893203883
0 0.25137362637362637 0.2594053398058252 0.06122448979591837 0.02973300970873786
0 0.29650706436420726 0.2631978155339806 0.036891679748822605 0.031249999999999997
0 0.34998037676609106 0.25621966019417475 0.06573783359497645 0.03610436893203883
0 0.40835949764521196 0.25637135922330095 0.04277864992150707 0.03944174757281553
0 0.459478021978022 0.2594053398058252 0.059850863422292 0.035800970873786406
0 0.18691130298273156 0.28322208737864074 0.04768445839874411 0.019720873786407765
0 0.23253532182103612 0.2838288834951456 0.039638932496075356 0.027002427184466018
0 0.2985675039246468 0.2914138349514563 0.05278649921507065 0.03671116504854369
0 0.3809850863422292 0.29202063106796117 0.1077315541601256 0.034890776699029125
0 0.46310832025117743 0.2801881067961165 0.052982731554160126 0.019720873786407765
0 0.1781789638932496 0.31568567961165045 0.031789638932496075 0.015473300970873785
0 0.2240973312401884 0.3161407766990291 0.059654631083202514 0.0345873786407767
0 0.271978021978022 0.3234223300970874 0.03296703296703297 0.03094660194174757
0 0.3263343799058085 0.31356189320388345 0.051412872841444274 0.02578883495145631
0 0.3963893249607536 0.31796116504854366 0.05847723704866562 0.032766990291262135
0 0.4592817896389325 0.3208434466019417 0.05906593406593407 0.04035194174757281
0 0.2142857142857143 0.34996966019417475 0.0706436420722135 0.034890776699029125
0 0.2830651491365777 0.35224514563106796 0.07358712715855574 0.035800970873786406
0 0.3376177394034537 0.3495145631067961 0.03002354788069074 0.03944174757281553
0 0.3843210361067504 0.3417779126213592 0.061813186813186816 0.02578883495145631
0 0.4547684458398744 0.34693567961165045 0.06770015698587127 0.03549757281553398
0 0.1845565149136578 0.36802184466019416 0.04297488226059655 0.02669902912621359
0 0.22802197802197804 0.3704490291262136 0.036499215070643645 0.02427184466019417
0 0.2841444270015699 0.37955097087378636 0.09536891679748823 0.04186893203883495
0 0.3797095761381476 0.37378640776699024 0.09419152276295134 0.03216019417475728
0 0.4567307692307693 0.37788228155339804 0.035910518053375196 0.027609223300970872
0 0.2536302982731554 0.4032160194174757 0.061420722135007856 0.029126213592233007
0 0.29964678178963894 0.4165655339805825 0.031397174254317116 0.029126213592233007
0 0.33124018838304553 0.40518810679611644 0.03100470957613815 0.025182038834951456
0 0.3807888540031397 0.41155946601941745 0.06456043956043957 0.037924757281553395
0 0.4589874411302983 0.40624999999999994 0.06789638932496075 0.028519417475728153
0 0.184850863422292 0.43052184466019416 0.047880690737833596 0.020024271844660192
0 0.23479199372056517 0.4329490291262136 0.02374411302982732 0.02245145631067961
0 0.28797095761381475 0.43719660194174753 0.042189952904238624 0.035800970873786406
0 0.3423273155416013 0.4367415048543689 0.059850863422292 0.022754854368932036
0 0.40021585557299844 0.4455400485436893 0.06377551020408163 0.03428398058252427
0 0.46261773940345374 0.4299150485436893 0.05631868131868132 0.02427184466019417
0 0.17562794348508634 0.45949635922330095 0.02786499215070644 0.030643203883495142
0 0.21791601255886972 0.4626820388349514 0.04689952904238619 0.02487864077669903
0 0.277276295133438 0.4599514563106796 0.041601255886970175 0.023665048543689317
0 0.31495290423861855 0.4641990291262135 0.029434850863422294 0.020631067961165046
0 0.34438775510204084 0.4746662621359223 0.039638932496075356 0.027002427184466018
0 0.41385400313971743 0.46738470873786403 0.07535321821036108 0.030643203883495142
0 0.20408163265306123 0.500758495145631 0.08202511773940346 0.03246359223300971
0 0.29964678178963894 0.4922633495145631 0.07927786499215071 0.025182038834951456
0 0.1865188383045526 0.5274575242718447 0.048861852433281006 0.02578883495145631
0 0.22733516483516486 0.5332220873786407 0.040620094191522765 0.03853155339805825
0 0.2804160125588697 0.5297330097087378 0.06475667189952905 0.03640776699029126
0 0.3313383045525903 0.5353458737864077 0.03826530612244898 0.03610436893203883
0 0.3852040816326531 0.5218446601941747 0.06946624803767662 0.02669902912621359
0 0.4538854003139718 0.5318567961165048 0.0773155416012559 0.037014563106796114
0 0.1752354788069074 0.5649271844660194 0.03296703296703297 0.03155339805825243
0 0.21458006279434852 0.5656856796116504 0.042582417582417584 0.027609223300970872
0 0.27364599686028257 0.556128640776699 0.048861852433281006 0.020631067961165046
0 0.32447017268445844 0.5579490291262136 0.04650706436420722 0.03216019417475728
0 0.36577708006279436 0.5558252427184466 0.0282574568288854 0.019417475728155338
0 0.3963893249607536 0.556128640776699 0.03100470957613815 0.01395631067961165
0 0.427295918367347 0.5529429611650485 0.028846153846153848 0.01911407766990291
0 0.1946624803767661 0.5922330097087378 0.05886970172684459 0.026092233009708737
0 0.3541993720565149 0.5928398058252426 0.08202511773940346 0.03822815533980582
0 0.41915227629513346 0.5796419902912621 0.04709576138147567 0.029429611650485434
0 0.46821036106750397 0.5811589805825242 0.04277864992150707 0.027609223300970872
0 0.19927394034536894 0.6306128640776698 0.03394819466248038 0.028216019417475726
0 0.271585557299843 0.6219660194174756 0.07967032967032968 0.030339805825242715
0 0.34585949764521196 0.6174150485436892 0.050431711145996864 0.03337378640776699
0 0.40688775510204084 0.6210558252427184 0.06730769230769232 0.020024271844660192
0 0.4614403453689168 0.6152912621359222 0.04101255886970173 0.021844660194174755
0 0.19289638932496075 0.654884708737864 0.05416012558869702 0.02578883495145631
0 0.2712912087912088 0.654884708737864 0.07201726844583987 0.02578883495145631
0 0.3431122448979592 0.6588288834951456 0.05945839874411303 0.045206310679611644
0 0.3950156985871272 0.6529126213592232 0.04277864992150707 0.026092233009708737
0 0.18602825745682888 0.6920509708737863 0.049843014128728415 0.03640776699029126
0 0.23695054945054947 0.6962985436893203 0.050431711145996864 0.03944174757281553
0 0.28188775510204084 0.6912924757281553 0.03316326530612245 0.01911407766990291
0 0.3585164835164835 0.6870449029126213 0.11381475667189954 0.03003640776699029
0 0.4489795918367347 0.6935679611650485 0.06514913657770802 0.037014563106796114
0 0.19270015698587128 0.7249696601941747 0.060832025117739406 0.020934466019417473
0 0.2672684458398744 0.7261832524271844 0.08359497645211932 0.03428398058252427
0 0.3268249607535322 0.735133495145631 0.042582417582417584 0.040048543689320384
0 0.3745094191522763 0.7339199029126213 0.05592621664050236 0.0345873786407767
0 0.44044348508634223 0.7214805825242718 0.07437205651491366 0.020024271844660192
0 0.2061420722135008 0.7565230582524272 0.08575353218210362 0.03853155339805825
0 0.27109497645211933 0.7569781553398057 0.04611459968602826 0.030339805825242715
0 0.35733908948194665 0.7679004854368932 0.0565149136577708 0.03398058252427184
0 0.423861852433281 0.750758495145631 0.07299843014128729 0.02882281553398058
0 0.472723704866562 0.7575849514563107 0.0380690737833595 0.03519417475728155
0 0.1823979591836735 0.8017293689320387 0.04101255886970173 0.037924757281553395
0 0.2514717425431711 0.7944478155339805 0.09831240188383046 0.03853155339805825
0 0.3170133437990581 0.7930825242718446 0.03198587127158556 0.02245145631067961
0 0.35684850863422296 0.7850424757281552 0.043759811616954476 0.02882281553398058
0 0.40531789638932497 0.795509708737864 0.05631868131868132 0.0345873786407767
0 0.46291208791208793 0.7982402912621358 0.0423861852433281 0.035800970873786406
0 0.2262558869701727 0.8294902912621358 0.07535321821036108 0.04126213592233009
0 0.3146585557299843 0.8225121359223301 0.0912480376766091 0.03337378640776699
0 0.3790227629513344 0.8184162621359222 0.03708791208791209 0.02032766990291262
0 0.18622448979591838 0.8605885922330097 0.044348508634222926 0.022754854368932036
0 0.2415620094191523 0.8674150485436892 0.06514913657770802 0.03762135922330097
0 0.30867346938775514 0.8593749999999999 0.06750392464678179 0.03853155339805825
0 0.40041208791208793 0.8569478155339805 0.07986656200941916 0.031856796116504854
0 0.46487441130298274 0.8539138349514562 0.044348508634222926 0.0245752427184466
0 0.22900313971742545 0.8910800970873786 0.026687598116169546 0.025485436893203883
0 0.29248430141287285 0.8951759708737863 0.050824175824175824 0.03974514563106796
0 0.375392464678179 0.9003337378640776 0.10478806907378337 0.03853155339805825
0 0.4531985871271586 0.889259708737864 0.04807692307692308 0.037014563106796114
0 0.6093014128728415 0.09739077669902912 0.049450549450549455 0.027305825242718445
0 0.6485478806907379 0.11210558252427183 0.03532182103610675 0.03003640776699029
0 0.6810243328100472 0.09784587378640776 0.028846153846153848 0.02032766990291262
0 0.7361656200941916 0.10300364077669902 0.06102825745682889 0.019720873786407765
0 0.7774725274725275 0.10254854368932038 0.020408163265306124 0.017597087378640776
0 0.8081828885400314 0.10179004854368931 0.03394819466248038 0.02032766990291262
0 0.8522370486656201 0.10543082524271843 0.06043956043956044 0.030643203883495142
0 0.5987048665620095 0.12833737864077668 0.02904238618524333 0.023665048543689317
0 0.6265698587127159 0.1341019417475728 0.026295133437990583 0.0345873786407767
0 0.7890502354788069 0.13228155339805825 0.08830455259026689 0.035800970873786406
0 0.856848508634223 0.12697208737864077 0.035518053375196236 0.01608009708737864
0 0.8891287284144428 0.13228155339805825 0.03924646781789639 0.03094660194174757
0 0.6186224489795918 0.16049757281553398 0.06730769230769232 0.02427184466019417
0 0.6856357927786499 0.15716019417475727 0.06004709576138148 0.02973300970873786
0 0.7540227629513344 0.16019417475728154 0.07908163265306123 0.03822815533980582
0 0.8227040816326531 0.16155946601941745 0.06809262166405024 0.03731796116504854
0 0.8847135007849294 0.15245752427184464 0.052001569858712716 0.01729368932038835
0 0.614010989010989 0.19038228155339804 0.06868131868131869 0.03246359223300971
0 0.6908359497645212 0.18158373786407767 0.08065149136577708 0.02032766990291262
0 0.7864992150706437 0.19023058252427183 0.08398744113029828 0.03519417475728155
0 0.8532182103610676 0.1797633495145631 0.049450549450549455 0.01911407766990291
0 0.8944270015698588 0.17278519417475727 0.031789638932496075 0.0245752427184466
0 0.6048861852433282 0.2179915048543689 0.04179748822605966 0.040958737864077666
0 0.6669937205651492 0.21070995145631066 0.07927786499215071 0.03307038834951456
0 0.736361852433281 0.21874999999999997 0.04611459968602826 0.04186893203883495
0 0.7777668759811618 0.22026699029126212 0.03983516483516484 0.02973300970873786
0 0.8222135007849294 0.21237864077669902 0.04356357927786499 0.03094660194174757
0 0.8781397174254317 0.2008495145631068 0.06043956043956044 0.023058252427184463
0 0.6191130298273155 0.2480279126213592 0.07810047095761381 0.04035194174757281
0 0.6813186813186813 0.23756067961165048 0.03532182103610675 0.020631067961165046
0 0.7112441130298274 0.24104975728155337 0.023351648351648352 0.031856796116504854
0 0.7364599686028258 0.24742111650485435 0.036499215070643645 0.031249999999999997
0 0.7708006279434851 0.2389259708737864 0.031789638932496075 0.02032766990291262
0 0.8006279434850864 0.24772451456310676 0.03767660910518054 0.03307038834951456
0 0.8483124018838305 0.23088592233009705 0.05808477237048666 0.021844660194174755
0 0.895113814756672 0.22648665048543687 0.034340659340659344 0.023968446601941744
0 0.6103806907378336 0.2765473300970874 0.048861852433281006 0.033677184466019416
0 0.6718014128728415 0.26668689320388345 0.06613029827315542 0.030339805825242715
0 0.7381279434850864 0.2648665048543689 0.059850863422292 0.02669902912621359
0 0.796997645211931 0.27169296116504854 0.028453689167974885 0.03003640776699029
0 0.8353610675039247 0.2557645631067961 0.04395604395604396 0.025485436893203883
0 0.8832417582417583 0.2603155339805825 0.05533751962323391 0.037014563106796114
0 0.6285321821036107 0.31705097087378636 0.0003924646781789639 0.0
0 0.6147959183673469 0.30112257281553395 0.052590266875981166 0.02214805825242718
0 0.6667974882260597 0.2959648058252427 0.044348508634222926 0.025182038834951456
0 0.731456043956044 0.30142597087378636 0.07711930926216641 0.04459951456310679
0 0.7912087912087913 0.30445995145631066 0.05102040816326531 0.031856796116504854
0 0.8639128728414444 0.2973300970873786 0.10145211930926218 0.03640776699029126
0 0.6057692307692308 0.33206917475728154 0.036499215070643645 0.019720873786407765
0 0.6437401883830456 0.33085558252427183 0.03316326530612245 0.02032766990291262
0 0.6974097331240189 0.32903519417475724 0.0706436420722135 0.018507281553398057
0 0.7558869701726845 0.33146237864077666 0.04199372056514914 0.031249999999999997
0 0.8106357927786499 0.3240291262135922 0.039638932496075356 0.015776699029126214
0 0.8607731554160126 0.31689927184466016 0.050824175824175824 0.022754854368932036
0 0.6173469387755103 0.3586165048543689 0.06279434850863423 0.019417475728155338
0 0.6895604395604396 0.36119538834951453 0.05376766091051806 0.03003640776699029
0 0.7674646781789639 0.3599817961165048 0.10164835164835165 0.034890776699029125
0 0.8735282574568289 0.35012135922330095 0.0782967032967033 0.03640776699029126
0 0.6154827315541601 0.3877427184466019 0.06102825745682889 0.029126213592233007
0 0.6778846153846154 0.3850121359223301 0.05278649921507065 0.02427184466019417
0 0.7493131868131868 0.39047330097087374 0.08732339089481947 0.04429611650485436
0 0.8209379905808478 0.3880461165048543 0.060243328100470964 0.03762135922330097
0 0.8852040816326531 0.3756067961165048 0.060832025117739406 0.028519417475728153
0 0.6016483516483517 0.4318871359223301 0.03532182103610675 0.031856796116504854
0 0.6552197802197802 0.419751213592233 0.06554160125588697 0.019720873786407765
0 0.7278257456828886 0.4165655339805825 0.07770800627943486 0.0279126213592233
0 0.7948390894819467 0.4159587378640776 0.0445447409733124 0.03944174757281553
0 0.8548861852433282 0.41125606796116504 0.07083987441130299 0.03731796116504854
0 0.6976059654631084 0.45858616504854366 0.09065934065934067 0.03610436893203883
0 0.7668759811616955 0.4456917475728155 0.04003139717425432 0.019417475728155338
0 0.8167189952904239 0.4412924757281553 0.05023547880690738 0.019720873786407765
0 0.8566522762951335 0.43522451456310673 0.029631083202511777 0.022754854368932036
0 0.6062598116169545 0.4798240291262135 0.03708791208791209 0.021541262135922327
0 0.6568877551020409 0.4760315533980582 0.05788854003139718 0.0212378640776699
0 0.7126177394034537 0.48558859223300965 0.05788854003139718 0.03428398058252427
0 0.7765894819466248 0.46874999999999994 0.06534536891679749 0.02487864077669903
0 0.8314364207221351 0.47239077669902907 0.03728414442700157 0.030339805825242715
0 0.8802982731554161 0.4638956310679611 0.05690737833594977 0.01699029126213592
0 0.6029238618524333 0.5053094660194174 0.02413657770800628 0.0245752427184466
0 0.631083202511774 0.5045509708737863 0.023940345368916798 0.020631067961165046
0 0.6572802197802198 0.5094053398058253 0.024529042386185244 0.0212378640776699
0 0.6974097331240189 0.511377427184466 0.05612244897959184 0.031249999999999997
0 0.7501962323390895 0.4981796116504854 0.04356357927786499 0.023058252427184463
0 0.8404631083202512 0.5024271844660194 0.13775510204081634 0.038834951456310676
0 0.6312794348508635 0.5304915048543689 0.026687598116169546 0.02032766990291262
0 0.6968210361067504 0.53125 0.036891679748822605 0.018810679611650484
0 0.7436224489795918 0.5361043689320388 0.06495290423861853 0.03155339805825243
0 0.7968995290423863 0.5285194174757281 0.04513343799058085 0.03155339805825243
0 0.8345761381475668 0.5218446601941747 0.02786499215070644 0.02487864077669903
0 0.883732339089482 0.5150182038834951 0.06573783359497645 0.02214805825242718
0 0.6049843014128728 0.5634101941747572 0.024725274725274728 0.026092233009708737
0 0.6768053375196232 0.5656856796116504 0.1130298273155416 0.033677184466019416
0 0.755690737833595 0.5562803398058251 0.04513343799058085 0.031856796116504854
0 0.8445839874411304 0.542627427184466 0.03924646781789639 0.022754854368932036
0 0.8856946624803769 0.542627427184466 0.04415227629513344 0.03731796116504854
0 0.6265698587127159 0.5984526699029126 0.07378335949764521 0.028216019417475726
0 0.6787676609105181 0.5896541262135921 0.025510204081632654 0.014259708737864077
0 0.7323390894819467 0.5875303398058251 0.07770800627943486 0.031856796116504854
0 0.8008241758241759 0.5808555825242718 0.051412872841444274 0.0245752427184466
0 0.8966836734693878 0.5667475728155339 0.032378335949764525 0.01699029126213592
0 0.6164638932496076 0.6196905339805825 0.047291993720565154 0.022754854368932036
0 0.6604199372056515 0.6137742718446602 0.03787284144427002 0.021844660194174755
0 0.6982927786499216 0.6087682038834951 0.03669544740973313 0.021541262135922327
0 0.7538265306122449 0.6108919902912621 0.07240973312401884 0.03731796116504854
0 0.8206436420722135 0.5951152912621359 0.057692307692307696 0.0245752427184466
0 0.881475667189953 0.5878337378640777 0.059654631083202514 0.025182038834951456
0 0.6019427001569859 0.6469963592233009 0.016679748822605967 0.01911407766990291
0 0.6440345368916798 0.6415351941747572 0.05808477237048666 0.027609223300970872
0 0.7401883830455259 0.6290958737864077 0.08437990580847725 0.02578883495145631
0 0.8235871271585558 0.6251516990291262 0.07770800627943486 0.04277912621359223
0 0.8874607535321821 0.6140776699029126 0.0500392464678179 0.025485436893203883
0 0.6101844583987441 0.6691444174757281 0.03316326530612245 0.0245752427184466
0 0.7271389324960754 0.6615594660194174 0.047291993720565154 0.03003640776699029
0 0.7769819466248038 0.6538228155339805 0.04807692307692308 0.015169902912621358
0 0.8284929356357928 0.6429004854368932 0.044348508634222926 0.02427184466019417
0 0.8870682888540032 0.6441140776699028 0.06220565149136578 0.03216019417475728
0 0.6102825745682889 0.7076759708737863 0.04552590266875981 0.04035194174757281
0 0.6569858712715856 0.701001213592233 0.05023547880690738 0.030643203883495142
0 0.7075156985871272 0.694629854368932 0.035910518053375196 0.013652912621359222
0 0.7452904238618525 0.6881067961165048 0.03257456828885401 0.02669902912621359
0 0.7897370486656201 0.6814320388349514 0.04925431711145997 0.020631067961165046
0 0.8463500784929356 0.6711165048543689 0.06554160125588697 0.020024271844660192
0 0.6146978021978022 0.7233009708737863 0.03787284144427002 0.020024271844660192
0 0.701530612244898 0.7176881067961164 0.03100470957613815 0.015473300970873785
0 0.7605965463108321 0.7117718446601942 0.02197802197802198 0.015169902912621358
0 0.8483124018838305 0.7064623786407767 0.04827315541601256 0.026395631067961164
0 0.895506279434851 0.7028216019417475 0.03473312401883831 0.030643203883495142
0 0.6161695447409733 0.7446905339805825 0.04552590266875981 0.0245752427184466
0 0.6646389324960754 0.7418082524271844 0.03610675039246468 0.021844660194174755
