0 0.17111459968602827 0.08404126213592232 0.03728414442700157 0.02427184466019417
0 0.2097723704866562 0.09010922330097086 0.044740973312401885 0.0279126213592233
0 0.25176609105180536 0.08555825242718446 0.03924646781789639 0.0212378640776699
0 0.27923861852433285 0.09253640776699028 0.0282574568288854 0.025485436893203883
0 0.34281789638932497 0.08252427184466019 0.05416012558869702 0.02245145631067961
0 0.33202511773940346 0.08282766990291261 0.07574568288854004 0.023665048543689317
0 0.4001177394034537 0.08100728155339805 0.06043956043956044 0.03094660194174757
0 0.4668367346938776 0.08055218446601942 0.04709576138147567 0.028216019417475726
0 0.16885792778649922 0.10785800970873785 0.026491365777080063 0.022754854368932036
0 0.19054160125588698 0.1084648058252427 0.02001569858712716 0.02032766990291262
0 0.22880690737833595 0.10983009708737863 0.05180533751962324 0.02245145631067961
0 0.3229984301412873 0.11377427184466019 0.04513343799058085 0.03094660194174757
0 0.3663657770800628 0.10330703883495145 0.04003139717425432 0.022754854368932036
0 0.3981554160125589 0.11013349514563106 0.03532182103610675 0.023665048543689317
0 0.4298469387755102 0.11043689320388349 0.027668759811616955 0.025485436893203883
0 0.47802197802197804 0.09754247572815533 0.02511773940345369 0.019720873786407765
0 0.4551609105180534 0.10133495145631068 0.0260989010989011 0.016383495145631068
0 0.17445054945054947 0.12894417475728154 0.038461538461538464 0.02427184466019417
0 0.24322998430141288 0.13470873786407767 0.07123233908948196 0.0345873786407767
0 0.31387362637362637 0.13713592233009708 0.04689952904238619 0.035800970873786406
0 0.3615580847723705 0.12879247572815533 0.045329670329670335 0.031249999999999997
0 0.4048273155416013 0.12469660194174756 0.03532182103610675 0.021844660194174755
0 0.43563579277864994 0.12363470873786407 0.02590266875981162 0.020934466019417473
0 0.46634615384615385 0.12105582524271843 0.039050235478806906 0.023665048543689317
0 0.1805337519623234 0.15382281553398056 0.0423861852433281 0.023665048543689317
0 0.2514717425431711 0.15564320388349515 0.01707221350078493 0.016383495145631068
0 0.2930729984301413 0.16110436893203883 0.03355572998430142 0.028519417475728153
0 0.32123233908948196 0.15625 0.026687598116169546 0.018810679611650484
0 0.35714285714285715 0.15382281553398056 0.044348508634222926 0.027305825242718445
0 0.39020800627943486 0.15063713592233008 0.019427001569858715 0.01911407766990291
0 0.42111459968602827 0.15351941747572814 0.04356357927786499 0.023058252427184463
0 0.4705651491365777 0.1486650485436893 0.04120879120879121 0.020024271844660192
0 0.1805337519623234 0.1774878640776699 0.030612244897959186 0.025485436893203883
0 0.3269230769230769 0.17521237864077668 0.057692307692307696 0.0245752427184466
0 0.3871664050235479 0.1753640776699029 0.059654631083202514 0.03216019417475728
0 0.4470172684458399 0.17930825242718446 0.03767660910518054 0.027305825242718445
0 0.4765502354788069 0.17718446601941745 0.02923861852433281 0.028519417475728153
0 0.18995290423861855 0.2022148058252427 0.0282574568288854 0.019720873786407765
0 0.1802394034536892 0.20403519417475727 0.04768445839874411 0.019720873786407765
0 0.24097331240188385 0.20024271844660194 0.07025117739403454 0.027305825242718445
0 0.2958202511773941 0.2008495145631068 0.03394819466248038 0.019417475728155338
0 0.32191915227629514 0.20069781553398056 0.018249607535321823 0.022754854368932036
0 0.36185243328100475 0.2013046116504854 0.03728414442700157 0.018507281553398057
0 0.3572409733124019 0.20160800970873785 0.0500392464678179 0.01911407766990291
0 0.39491758241758246 0.19948422330097085 0.027668759811616955 0.02578883495145631
0 0.4544740973312402 0.2032766990291262 0.0706436420722135 0.029126213592233007
0 0.24322998430141288 0.22527305825242716 0.021781789638932497 0.01911407766990291
0 0.3178963893249608 0.22587985436893201 0.0521978021978022 0.027002427184466018
0 0.37460753532182106 0.2189016990291262 0.039638932496075356 0.02032766990291262
0 0.445447409733124 0.22148058252427183 0.08359497645211932 0.029126213592233007
0 0.2224293563579278 0.25091019417475724 0.048469387755102046 0.02245145631067961
0 0.2668759811616955 0.24848300970873785 0.03532182103610675 0.0212378640776699
0 0.3107339089481947 0.2525788834951456 0.050824175824175824 0.026395631067961164
0 0.35753532182103615 0.24544902912621358 0.029434850863422294 0.02245145631067961
0 0.3835361067503925 0.2424150485436893 0.02374411302982732 0.025485436893203883
0 0.43818681318681324 0.24393203883495143 0.04709576138147567 0.023665048543689317
0 0.478806907378336 0.24074635922330095 0.02708006279434851 0.01729368932038835
0 0.18759811616954475 0.27639563106796117 0.023547880690737835 0.0212378640776699
0 0.21036106750392466 0.2724514563106796 0.023547880690737835 0.021844660194174755
0 0.2588304552590267 0.27032766990291257 0.06946624803767662 0.025485436893203883
0 0.3146585557299843 0.2786711165048543 0.05160910518053376 0.027609223300970872
0 0.3669544740973313 0.2680521844660194 0.05062794348508635 0.020934466019417473
0 0.41032182103610676 0.27063106796116504 0.029434850863422294 0.025485436893203883
0 0.4681122448979592 0.2641080097087378 0.04493720565149137 0.030643203883495142
0 0.45957613814756676 0.2662317961165048 0.06318681318681318 0.03003640776699029
0 0.18573390894819466 0.3049150485436893 0.04297488226059655 0.03216019417475728
0 0.22164442700156986 0.29869538834951453 0.025313971742543174 0.027002427184466018
0 0.24784144427001573 0.2959648058252427 0.02590266875981162 0.02578883495145631
0 0.271585557299843 0.29657160194174753 0.023155416012558872 0.019720873786407765
0 0.323489010989011 0.2956614077669903 0.042189952904238624 0.019720873786407765
0 0.37509811616954475 0.2912621359223301 0.0260989010989011 0.023665048543689317
0 0.36773940345368916 0.2902002427184466 0.046310832025117744 0.027002427184466018
0 0.4087519623233909 0.292627427184466 0.02001569858712716 0.01729368932038835
0 0.4374018838304553 0.290503640776699 0.04003139717425432 0.025182038834951456
0 0.4800824175824176 0.28777305825242716 0.02413657770800628 0.016686893203883495
0 0.1823979591836735 0.33586165048543687 0.05317896389324961 0.03337378640776699
0 0.2305729984301413 0.3229672330097087 0.024725274725274728 0.01911407766990291
0 0.25706436420722134 0.3235740291262136 0.02590266875981162 0.02214805825242718
0 0.30523940345368916 0.3258495145631068 0.04689952904238619 0.02427184466019417
0 0.35625981161695447 0.32782160194174753 0.06299058084772372 0.033677184466019416
0 0.4084576138147567 0.3228155339805825 0.04179748822605966 0.02973300970873786
0 0.44338697017268447 0.31765776699029125 0.027276295133437992 0.03094660194174757
0 0.46978021978021983 0.31007281553398053 0.022370486656200943 0.02427184466019417
0 0.1973116169544741 0.35239684466019416 0.04650706436420722 0.022754854368932036
0 0.2430337519623234 0.3555825242718446 0.021389324960753534 0.014563106796116504
0 0.27384222919937207 0.3539138349514563 0.03826530612244898 0.01486650485436893
0 0.26157770800627944 0.3540655339805825 0.0620094191522763 0.018810679611650484
0 0.33594976452119313 0.35103155339805825 0.049843014128728415 0.027305825242718445
0 0.396978021978022 0.34496359223300965 0.0706436420722135 0.026092233009708737
0 0.44623233908948196 0.3452669902912621 0.030612244897959186 0.0345873786407767
0 0.4752747252747253 0.3376820388349514 0.03100470957613815 0.02973300970873786
0 0.18524332810047098 0.38137135922330095 0.052590266875981166 0.0212378640776699
0 0.2385204081632653 0.37742718446601936 0.05710361067503925 0.02245145631067961
0 0.29680141287284145 0.37469660194174753 0.042582417582417584 0.025485436893203883
0 0.33182888540031397 0.3828883495145631 0.025510204081632654 0.025485436893203883
0 0.38697017268445844 0.3754550970873786 0.07299843014128729 0.02578883495145631
0 0.38343799058084777 0.372876213592233 0.08006279434850865 0.029126213592233007
0 0.43612637362637363 0.36680825242718446 0.025313971742543174 0.01699029126213592
0 0.4640894819466248 0.3678701456310679 0.031789638932496075 0.028216019417475726
0 0.45270800627943486 0.3693871359223301 0.057692307692307696 0.0245752427184466
0 0.17180141287284145 0.4047330097087378 0.02374411302982732 0.020024271844660192
0 0.2164442700156986 0.40518810679611644 0.03532182103610675 0.0245752427184466
0 0.20937990580847726 0.4042779126213592 0.049450549450549455 0.022754854368932036
0 0.26520800627943486 0.4024575242718446 0.06220565149136578 0.028216019417475726
0 0.31426609105180536 0.4033677184466019 0.032378335949764525 0.020934466019417473
0 0.3715659340659341 0.40837378640776695 0.03355572998430142 0.03094660194174757
0 0.4037480376766091 0.39836165048543687 0.04179748822605966 0.03155339805825243
0 0.46693485086342235 0.3900182038834951 0.0500392464678179 0.018507281553398057
0 0.2448979591836735 0.435376213592233 0.02708006279434851 0.021844660194174755
0 0.27923861852433285 0.4355279126213592 0.04827315541601256 0.0391383495145631
0 0.34566326530612246 0.431128640776699 0.028453689167974885 0.03094660194174757
0 0.34007064364207223 0.4323422330097087 0.039638932496075356 0.028519417475728153
0 0.37225274725274726 0.42839805825242716 0.02590266875981162 0.03519417475728155
0 0.40924254317111464 0.4223300970873786 0.04493720565149137 0.019417475728155338
0 0.44063971742543173 0.42460558252427183 0.02295918367346939 0.03246359223300971
0 0.4793956043956044 0.4152002427184466 0.02511773940345369 0.026395631067961164
0 0.1823979591836735 0.45722087378640774 0.04179748822605966 0.021844660194174755
0 0.2248822605965463 0.4601031553398058 0.019230769230769232 0.019720873786407765
0 0.2645211930926217 0.4601031553398058 0.020408163265306124 0.012439320388349514
0 0.30651491365777084 0.45737257281553395 0.06789638932496075 0.03246359223300971
0 0.2983712715855573 0.45949635922330095 0.08889324960753532 0.026395631067961164
0 0.35802590266875983 0.4505461165048543 0.026491365777080063 0.02245145631067961
0 0.4015894819466248 0.451001213592233 0.05396389324960754 0.027609223300970872
0 0.4422095761381476 0.44265776699029125 0.027276295133437992 0.01820388349514563
0 0.470467032967033 0.44265776699029125 0.02688383045525903 0.021844660194174755
0 0.21173469387755103 0.17475728155339804 0.02511773940345369 0.020024271844660192
0 0.24568288854003142 0.17506067961165048 0.04199372056514914 0.02427184466019417
