0 0.21065541601255888 0.11119538834951455 0.06770015698587127 0.037924757281553395
0 0.29915620094191525 0.10254854368932038 0.1077315541601256 0.03155339805825243
0 0.39393642072213503 0.09996966019417475 0.07908163265306123 0.019720873786407765
0 0.46212715855573 0.10603762135922329 0.06475667189952905 0.03003640776699029
0 0.2092817896389325 0.12151092233009708 0.037480376766091054 0.025182038834951456
0 0.25225667189952905 0.12469660194174756 0.04650706436420722 0.01820388349514563
0 0.29160125588697017 0.12348300970873785 0.03100470957613815 0.026092233009708737
0 0.3258437990580848 0.13273665048543687 0.045329670329670335 0.037924757281553395
0 0.3981554160125589 0.12591019417475727 0.1000784929356358 0.032766990291262135
0 0.47282182103610676 0.12727548543689318 0.04415227629513344 0.02578883495145631
0 0.19593799058084774 0.1564016990291262 0.02688383045525903 0.026395631067961164
0 0.24646781789638933 0.15154733009708737 0.05533751962323391 0.021541262135922327
0 0.31259811616954475 0.15564320388349515 0.06985871271585557 0.023665048543689317
0 0.3699960753532182 0.15670509708737862 0.0445447409733124 0.027002427184466018
0 0.407574568288854 0.1574635922330097 0.0282574568288854 0.016383495145631068
0 0.4592817896389325 0.15822208737864077 0.07201726844583987 0.027002427184466018
0 0.2016287284144427 0.1844660194174757 0.03394819466248038 0.032766990291262135
0 0.2415620094191523 0.18128033980582522 0.04748822605965464 0.03246359223300971
0 0.30278649921507067 0.18128033980582522 0.06907378335949765 0.02882281553398058
0 0.3800039246467818 0.18294902912621358 0.05710361067503925 0.02487864077669903
0 0.4290620094191523 0.1799150485436893 0.037480376766091054 0.023665048543689317
0 0.45839874411302983 0.1844660194174757 0.019623233908948195 0.028519417475728153
0 0.4809654631083203 0.18628640776699026 0.029827315541601257 0.02427184466019417
0 0.2039835164835165 0.20540048543689318 0.03512558869701727 0.023058252427184463
0 0.2334183673469388 0.216626213592233 0.03708791208791209 0.028519417475728153
0 0.27639324960753536 0.2079793689320388 0.04768445839874411 0.02214805825242718
0 0.31877943485086346 0.21055825242718446 0.03316326530612245 0.02427184466019417
0 0.35782967032967034 0.21920509708737862 0.0402276295133438 0.028216019417475726
0 0.407574568288854 0.21526092233009708 0.05494505494505495 0.03307038834951456
0 0.4646781789638933 0.2079793689320388 0.05376766091051806 0.023968446601941744
0 0.24342621664050237 0.23604368932038833 0.04689952904238619 0.028519417475728153
0 0.3184850863422292 0.24150485436893201 0.09772370486656201 0.03640776699029126
0 0.40639717425431715 0.2402912621359223 0.07103610675039247 0.0212378640776699
0 0.4687990580847724 0.23407160194174756 0.0521978021978022 0.023968446601941744
0 0.20947802197802198 0.2644114077669903 0.03865777080062795 0.022754854368932036
0 0.2683477237048666 0.26547330097087374 0.07319466248037677 0.0279126213592233
0 0.32427394034536894 0.27078276699029125 0.03787284144427002 0.02214805825242718
0 0.41532574568288855 0.2738167475728155 0.07751177394034538 0.037924757281553395
0 0.47350863422291994 0.27184466019417475 0.044740973312401885 0.03337378640776699
0 0.2046703296703297 0.2941444174757281 0.029827315541601257 0.018507281553398057
0 0.26304945054945056 0.29884708737864074 0.04925431711145997 0.02427184466019417
0 0.31112637362637363 0.3037014563106796 0.04336734693877551 0.035800970873786406
0 0.3539050235478807 0.2994538834951456 0.04179748822605966 0.026092233009708737
0 0.39393642072213503 0.30354975728155337 0.03630298273155416 0.03549757281553398
0 0.44122841444270017 0.30233616504854366 0.055533751962323394 0.033677184466019416
0 0.2056514913657771 0.3275182038834951 0.04552590266875981 0.030643203883495142
0 0.24980376766091053 0.3229672330097087 0.04277864992150707 0.027002427184466018
0 0.3028846153846154 0.33131067961165045 0.0543563579277865 0.029126213592233007
0 0.3627354788069074 0.3296419902912621 0.06573783359497645 0.027002427184466018
0 0.4468210361067504 0.3193264563106796 0.09340659340659341 0.029429611650485434
0 0.25294348508634223 0.35694781553398053 0.11852433281004711 0.03974514563106796
0 0.3311420722135008 0.36271237864077666 0.03787284144427002 0.03853155339805825
0 0.3710753532182104 0.35907160194174753 0.043171114599686033 0.02336165048543689
0 0.4417189952904239 0.3596783980582524 0.10400313971742543 0.04641990291262135
0 0.242052590266876 0.39259708737864074 0.11283359497645212 0.05036407766990291
0 0.3243720565149137 0.3986650485436893 0.04552590266875981 0.03155339805825243
0 0.36930926216640503 0.3868325242718446 0.03610675039246468 0.020631067961165046
0 0.4179748822605966 0.3901699029126213 0.06122448979591837 0.03398058252427184
0 0.2184065934065934 0.4203580097087378 0.06357927786499215 0.031249999999999997
0 0.2648155416012559 0.42597087378640774 0.03708791208791209 0.03337378640776699
0 0.29925431711146 0.4233919902912621 0.031789638932496075 0.03610436893203883
0 0.34536891679748827 0.4180825242718446 0.04866562009419152 0.023665048543689317
0 0.3913854003139718 0.41504854368932037 0.039050235478806906 0.020024271844660192
0 0.4543759811616955 0.41277305825242716 0.08457613814756672 0.021541262135922327
0 0.22203689167974883 0.4455400485436893 0.06259811616954475 0.02336165048543689
0 0.266679748822606 0.45964805825242716 0.033359497645211934 0.0279126213592233
0 0.3064167974882261 0.45949635922330095 0.05710361067503925 0.033677184466019416
0 0.3610675039246468 0.45403519417475724 0.052982731554160126 0.03307038834951456
0 0.40816326530612246 0.4464502427184466 0.031397174254317116 0.018507281553398057
0 0.4619309262166405 0.44311286407766987 0.07260596546310832 0.023968446601941744
0 0.23547880690737835 0.4773968446601941 0.031397174254317116 0.019720873786407765
0 0.2869897959183674 0.4824029126213592 0.06809262166405024 0.030339805825242715
0 0.3552786499215071 0.4828580097087378 0.06613029827315542 0.033677184466019416
0 0.4425039246467818 0.4749696601941747 0.1055729984301413 0.025182038834951456
0 0.20408163265306123 0.5212378640776698 0.03885400313971743 0.03398058252427184
0 0.24784144427001573 0.5078883495145631 0.04552590266875981 0.026092233009708737
0 0.3186813186813187 0.5107706310679612 0.08516483516483517 0.031249999999999997
0 0.388638147566719 0.5192657766990291 0.045329670329670335 0.03610436893203883
0 0.43543956043956045 0.5053094660194174 0.038461538461538464 0.02214805825242718
0 0.4766483516483517 0.5127427184466019 0.0423861852433281 0.032766990291262135
0 0.2512755102040816 0.5480885922330097 0.06730769230769232 0.033677184466019416
0 0.3033751962323391 0.5417172330097086 0.033359497645211934 0.023968446601941744
0 0.34350470957613816 0.549757281553398 0.05514128728414443 0.04126213592233009
0 0.3905023547880691 0.5414138349514562 0.036891679748822605 0.03671116504854369
0 0.454179748822606 0.5441444174757281 0.05278649921507065 0.03246359223300971
0 0.21438383045525905 0.5684162621359223 0.03787284144427002 0.025182038834951456
0 0.2698194662480377 0.5687196601941747 0.06671899529042387 0.02578883495145631
0 0.3581240188383046 0.576001213592233 0.08398744113029828 0.03853155339805825
0 0.434850863422292 0.5659890776699029 0.06828885400313972 0.026395631067961164
0 0.4839089481946625 0.5618932038834951 0.02786499215070644 0.026092233009708737
0 0.22753139717425433 0.6149878640776698 0.07240973312401884 0.0424757281553398
0 0.29650706436420726 0.6075546116504854 0.05533751962323391 0.02578883495145631
0 0.3615580847723705 0.6007281553398057 0.07358712715855574 0.02973300970873786
0 0.42651098901098905 0.6098300970873786 0.03394819466248038 0.0279126213592233
0 0.47174254317111464 0.5932949029126213 0.05416012558869702 0.025182038834951456
0 0.2097723704866562 0.6351638349514562 0.017660910518053376 0.01911407766990291
0 0.27433281004709575 0.636377427184466 0.10282574568288855 0.029429611650485434
0 0.3512558869701727 0.634253640776699 0.049450549450549455 0.02214805825242718
0 0.3921703296703297 0.6303094660194174 0.028453689167974885 0.022754854368932036
0 0.44191522762951335 0.6280339805825242 0.06554160125588697 0.030339805825242715
0 0.23292778649921508 0.6727851941747572 0.07260596546310832 0.04156553398058252
0 0.29317111459968603 0.6702063106796116 0.05572998430141288 0.0345873786407767
0 0.3469387755102041 0.6638349514563107 0.03021978021978022 0.016383495145631068
0 0.3871664050235479 0.6604975728155339 0.047880690737833596 0.020024271844660192
0 0.4567307692307693 0.6529126213592232 0.08536106750392465 0.030339805825242715
0 0.20937990580847726 0.6938713592233009 0.026295133437990583 0.028519417475728153
0 0.2737441130298273 0.6997876213592232 0.07496075353218211 0.027002427184466018
0 0.3581240188383046 0.7000910194174756 0.08281004709576138 0.04035194174757281
0 0.4184654631083203 0.685376213592233 0.03473312401883831 0.026092233009708737
0 0.4666405023547881 0.6862864077669902 0.06514913657770802 0.028519417475728153
0 0.2387166405023548 0.7284587378640776 0.10105965463108321 0.03398058252427184
0 0.3044544740973313 0.739381067961165 0.03630298273155416 0.03519417475728155
0 0.34782182103610676 0.7290655339805825 0.050431711145996864 0.029126213592233007
0 0.3985478806907379 0.7225424757281553 0.04709576138147567 0.022754854368932036
0 0.4452511773940346 0.7193567961165048 0.04120879120879121 0.0279126213592233
0 0.4824372056514914 0.7140473300970873 0.034340659340659344 0.02032766990291262
0 0.20957613814756673 0.7583434466019416 0.02433281004709576 0.027609223300970872
0 0.24313186813186816 0.7654733009708737 0.04042386185243328 0.019417475728155338
0 0.31014521193092626 0.7600121359223301 0.08418367346938777 0.02427184466019417
0 0.4054160125588697 0.7574332524271844 0.09615384615384616 0.048240291262135915
0 0.475765306122449 0.7434769417475727 0.04415227629513344 0.03307038834951456
0 0.24136577708006282 0.7993021844660193 0.09850863422291994 0.040958737864077666
0 0.30563186813186816 0.7894417475728155 0.02413657770800628 0.028519417475728153
0 0.3462519623233909 0.797633495145631 0.050824175824175824 0.03822815533980582
0 0.40835949764521196 0.7949029126213591 0.06122448979591837 0.0424757281553398
0 0.47105572998430145 0.7824635922330097 0.05278649921507065 0.03519417475728155
0 0.21997645211930927 0.819629854368932 0.046703296703296704 0.023968446601941744
0 0.26589481946624804 0.8168992718446602 0.04356357927786499 0.031249999999999997
0 0.32172291993720564 0.8361650485436892 0.05906593406593407 0.037014563106796114
0 0.3619505494505495 0.8253944174757281 0.019819466248037678 0.017900485436893203
0 0.40855572998430145 0.8253944174757281 0.06357927786499215 0.045206310679611644
0 0.47085949764521196 0.8208434466019416 0.05906593406593407 0.0391383495145631
0 0.21536499215070645 0.8536104368932038 0.042582417582417584 0.03246359223300971
0 0.3608712715855573 0.8628640776699028 0.09105180533751962 0.0424757281553398
0 0.4530023547880691 0.852396844660194 0.09360282574568289 0.034890776699029125
0 0.22429356357927788 0.8903216019417475 0.05572998430141288 0.0391383495145631
0 0.29003139717425436 0.8966929611650485 0.07417582417582418 0.04459951456310679
0 0.3464481946624804 0.902760922330097 0.039050235478806906 0.03610436893203883
0 0.43131868131868134 0.8897148058252426 0.12990580847723707 0.043992718446601936
0 0.28316326530612246 0.9326456310679611 0.031789638932496075 0.03337378640776699
0 0.31691522762951335 0.9350728155339805 0.03571428571428572 0.03762135922330097
0 0.3615580847723705 0.9239987864077669 0.04807692307692308 0.02032766990291262
0 0.40767268445839877 0.9243021844660193 0.04179748822605966 0.022754854368932036
0 0.4653649921507065 0.9168689320388349 0.07162480376766091 0.028519417475728153
0 0.6287284144427002 0.08297936893203883 0.08241758241758242 0.022754854368932036
0 0.6811224489795918 0.08009708737864077 0.019623233908948195 0.0212378640776699
0 0.7183084772370487 0.08206917475728155 0.050824175824175824 0.021541262135922327
0 0.8163265306122449 0.09147451456310679 0.1534536891679749 0.037924757281553395
0 0.9027668759811618 0.09147451456310679 0.030808477237048666 0.037924757281553395
0 0.6015502354788069 0.10876820388349513 0.02688383045525903 0.01911407766990291
0 0.6361852433281006 0.11984223300970873 0.05612244897959184 0.03398058252427184
0 0.6874018838304553 0.11999393203883495 0.052590266875981166 0.033677184466019416
0 0.7490188383045526 0.11574635922330095 0.07653061224489796 0.037924757281553395
0 0.8084772370486657 0.11362257281553396 0.04866562009419152 0.017900485436893203
0 0.8491954474097332 0.11149878640776698 0.026491365777080063 0.01608009708737864
0 0.8763736263736265 0.11240898058252426 0.023940345368916798 0.018507281553398057
0 0.6241169544740973 0.13895631067961164 0.07711930926216641 0.025485436893203883
0 0.6925039246467818 0.14547936893203883 0.057692307692307696 0.030643203883495142
0 0.7483320251177394 0.13804611650485435 0.04768445839874411 0.02669902912621359
0 0.8471350078492936 0.13698422330097088 0.13029827315541603 0.02578883495145631
0 0.6031200941915228 0.16550364077669902 0.03394819466248038 0.026395631067961164
0 0.6556122448979592 0.1700546116504854 0.0663265306122449 0.02214805825242718
0 0.7378335949764522 0.17597087378640774 0.06514913657770802 0.04186893203883495
0 0.8031789638932496 0.16899271844660194 0.06161695447409733 0.028519417475728153
0 0.8734301412872842 0.17278519417475727 0.08281004709576138 0.03610436893203883
0 0.5988029827315542 0.20433859223300968 0.03159340659340659 0.028216019417475726
0 0.6466836734693878 0.20054611650485435 0.05749607535321821 0.0424757281553398
0 0.7245879120879122 0.20145631067961164 0.06534536891679749 0.020024271844660192
0 0.7951334379905809 0.19827063106796114 0.06985871271585557 0.034890776699029125
0 0.8527276295133438 0.19569174757281552 0.04336734693877551 0.023665048543689317
0 0.8963893249607536 0.18947208737864077 0.04081632653061225 0.023968446601941744
0 0.6098901098901099 0.2248179611650485 0.04395604395604396 0.021844660194174755
0 0.6542386185243328 0.22952063106796114 0.03924646781789639 0.021541262135922327
0 0.7032967032967034 0.22936893203883493 0.05416012558869702 0.023665048543689317
0 0.7675627943485087 0.22770024271844658 0.06966248037676609 0.021541262135922327
0 0.8244701726844584 0.23209951456310676 0.042189952904238624 0.03337378640776699
0 0.8735282574568289 0.22269417475728154 0.03512558869701727 0.01699029126213592
0 0.603806907378336 0.2534890776699029 0.027472527472527476 0.02214805825242718
0 0.6576726844583988 0.2604672330097087 0.07672684458398744 0.031856796116504854
0 0.734497645211931 0.25439927184466016 0.06043956043956044 0.02336165048543689
0 0.7835557299843015 0.38046116504854366 0.0003924646781789639 0.0
0 0.8018053375196232 0.2581917475728155 0.05533751962323391 0.02487864077669903
0 0.8707810047095762 0.25758495145631066 0.08732339089481947 0.04368932038834951
0 0.6366758241758242 0.2826152912621359 0.061813186813186816 0.022754854368932036
0 0.6844583987441131 0.2894417475728155 0.03296703296703297 0.015169902912621358
0 0.742837519623234 0.2912621359223301 0.09007064364207222 0.030339805825242715
0 0.8296703296703297 0.2894417475728155 0.07339089481946626 0.03762135922330097
0 0.8909929356357928 0.2814016990291262 0.05239403453689168 0.04156553398058252
0 0.6058673469387755 0.32236043689320387 0.05592621664050236 0.040958737864077666
0 0.6717032967032968 0.3138652912621359 0.07378335949764521 0.03307038834951456
0 0.7349882260596546 0.3126516990291262 0.04650706436420722 0.02214805825242718
0 0.7830651491365778 0.32099514563106796 0.05514128728414443 0.038834951456310676
0 0.8355572998430142 0.31341019417475724 0.047880690737833596 0.021844660194174755
0 0.8883437990580848 0.3140169902912621 0.06004709576138148 0.038834951456310676
0 0.6093995290423863 0.3372269417475728 0.043759811616954476 0.027002427184466018
0 0.6951530612244898 0.3452669902912621 0.08496860282574568 0.035800970873786406
0 0.7525510204081634 0.3376820388349514 0.02511773940345369 0.025485436893203883
0 0.7964089481946626 0.34238470873786403 0.060243328100470964 0.01911407766990291
0 0.8744113029827316 0.3370752427184466 0.08987441130298274 0.04793689320388349
0 0.6703296703296704 0.3834951456310679 0.060832025117739406 0.03640776699029126
0 0.7206632653061225 0.3742415048543689 0.03983516483516484 0.016686893203883495
0 0.7798273155416013 0.36923543689320387 0.046310832025117744 0.02245145631067961
0 0.8339874411302983 0.3662014563106796 0.05847723704866562 0.025485436893203883
0 0.8906985871271587 0.36286407766990286 0.05416012558869702 0.03094660194174757
0 0.6291208791208791 0.4042779126213592 0.06475667189952905 0.01729368932038835
0 0.6875 0.4029126213592233 0.040620094191522765 0.01699029126213592
0 0.7266483516483517 0.40048543689320387 0.036499215070643645 0.02973300970873786
0 0.7650117739403454 0.40746359223300965 0.030416012558869703 0.03155339805825243
0 0.8509615384615385 0.4013956310679611 0.08536106750392465 0.047330097087378634
0 0.9062990580847724 0.3869842233009708 0.024529042386185244 0.015473300970873785
0 0.631475667189953 0.4303701456310679 0.04827315541601256 0.01729368932038835
0 0.736361852433281 0.42657766990291257 0.09556514913657771 0.0212378640776699
0 0.8095565149136578 0.4335558252427184 0.053571428571428575 0.029126213592233007
0 0.875 0.4170206310679611 0.07339089481946626 0.02882281553398058
0 0.6054748822605965 0.464502427184466 0.03669544740973313 0.02973300970873786
0 0.6828885400313972 0.4599514563106796 0.06711145996860284 0.03337378640776699
0 0.7470565149136578 0.45418689320388345 0.057692307692307696 0.03216019417475728
0 0.8101452119309263 0.45600728155339804 0.06377551020408163 0.032766990291262135
0 0.8764717425431712 0.4522148058252427 0.06652276295133439 0.03731796116504854
0 0.6217621664050236 0.48968446601941745 0.07319466248037677 0.025485436893203883
0 0.7022174254317112 0.49969660194174753 0.08889324960753532 0.03944174757281553
0 0.7683477237048666 0.49211165048543687 0.048861852433281006 0.0424757281553398
0 0.8551805337519623 0.4901395631067961 0.04748822605965464 0.03307038834951456
0 0.8968799058084773 0.4784587378640776 0.03473312401883831 0.016383495145631068
0 0.6816130298273155 0.5210861650485437 0.028453689167974885 0.02032766990291262
0 0.7210557299843015 0.5213895631067961 0.04611459968602826 0.026395631067961164
0 0.7879709576138147 0.5144114077669902 0.0826138147566719 0.025182038834951456
0 0.8783359497645212 0.5078883495145631 0.07299843014128729 0.030339805825242715
0 0.6274529042386185 0.5445995145631067 0.03787284144427002 0.01820388349514563
0 0.6893642072213502 0.5445995145631067 0.08084772370486656 0.0279126213592233
0 0.7508830455259027 0.5483919902912621 0.03708791208791209 0.01911407766990291
0 0.7834576138147568 0.5452063106796116 0.028453689167974885 0.020024271844660192
0 0.8542974882260597 0.5465716019417475 0.06730769230769232 0.03974514563106796
0 0.5991954474097332 0.5819174757281553 0.04179748822605966 0.03155339805825243
0 0.6427590266875981 0.5702366504854368 0.047291993720565154 0.03003640776699029
0 0.7085949764521193 0.5726638349514562 0.08241758241758242 0.026395631067961164
0 0.8011185243328101 0.5776699029126213 0.040620094191522765 0.04368932038834951
0 0.8381083202511774 0.5705400485436892 0.04081632653061225 0.04338592233009708
0 0.8701923076923077 0.5605279126213591 0.021781789638932497 0.02578883495145631
0 0.8961930926216641 0.5637135922330097 0.0282574568288854 0.026092233009708737
0 0.6036106750392465 0.5973907766990291 0.03100470957613815 0.01395631067961165
0 0.6512951334379906 0.6061893203883495 0.06946624803767662 0.03155339805825243
0 0.7215463108320251 0.6039138349514562 0.03453689167974883 0.02336165048543689
0 0.7558869701726845 0.6084648058252426 0.031397174254317116 0.027609223300970872
0 0.7847331240188383 0.6016383495145631 0.016875981161695447 0.019417475728155338
0 0.8203492935635793 0.6070995145631067 0.05121664050235479 0.02973300970873786
0 0.8774529042386185 0.5946601941747572 0.05396389324960754 0.02427184466019417
0 0.6061616954474097 0.6272754854368932 0.03924646781789639 0.025182038834951456
0 0.6642464678178964 0.6251516990291262 0.0706436420722135 0.021541262135922327
0 0.7229199372056515 0.6287924757281553 0.04003139717425432 0.016686893203883495
0 0.8358516483516484 0.6263652912621359 0.03512558869701727 0.021541262135922327
0 0.8779434850863422 0.6213592233009708 0.04905808477237049 0.023058252427184463
0 0.6179356357927787 0.6500303398058251 0.06161695447409733 0.019720873786407765
0 0.6697409733124019 0.652002427184466 0.018445839874411302 0.02245145631067961
0 0.717425431711146 0.6589805825242718 0.054552590266875985 0.028519417475728153
0 0.7713893249607536 0.6562499999999999 0.04356357927786499 0.029126213592233007
0 0.8106357927786499 0.6521541262135921 0.034929356357927786 0.02882281553398058
0 0.8505690737833596 0.6471480582524272 0.04336734693877551 0.01395631067961165
0 0.617052590266876 0.6764259708737863 0.06573783359497645 0.027609223300970872
0 0.6619897959183674 0.6879550970873786 0.02688383045525903 0.031856796116504854
0 0.6874018838304553 0.6867415048543689 0.03021978021978022 0.026395631067961164
0 0.7325353218210362 0.6756674757281553 0.057692307692307696 0.0212378640776699
0 0.801903453689168 0.6743021844660193 0.03512558869701727 0.02214805825242718
0 0.8622448979591837 0.6735436893203883 0.06593406593406594 0.03094660194174757
0 0.6356946624803768 0.7057038834951456 0.06966248037676609 0.02427184466019417
0 0.6842621664050236 0.6999393203883495 0.019623233908948195 0.023058252427184463
0 0.7207613814756673 0.7088895631067961 0.05023547880690738 0.02578883495145631
0 0.7665816326530612 0.7025182038834951 0.03630298273155416 0.018507281553398057
0 0.8220172684458399 0.7000910194174756 0.07339089481946626 0.02214805825242718
0 0.5588697017268446 0.9390169902912621 0.046310832025117744 0.0212378640776699
0 0.595859497645212 0.9412924757281552 0.028453689167974885 0.01729368932038835
0 0.5304160125588697 0.9557038834951456 0.0380690737833595 0.01820388349514563
