0 0.2066326530612245 0.06750606796116504 0.08948194662480377 0.040958737864077666
0 0.27835557299843017 0.07281553398058252 0.05239403453689168 0.0279126213592233
0 0.32859105180533754 0.06993325242718446 0.04807692307692308 0.027609223300970872
0 0.364403453689168 0.07569781553398057 0.023547880690737835 0.017900485436893203
0 0.38893249607535324 0.0726638349514563 0.02433281004709576 0.022754854368932036
0 0.44299450549450553 0.07524271844660194 0.05160910518053376 0.020024271844660192
0 0.17984693877551022 0.09405339805825241 0.028453689167974885 0.015776699029126214
0 0.2197802197802198 0.10087985436893203 0.052982731554160126 0.028216019417475726
0 0.27815934065934067 0.09405339805825241 0.06220565149136578 0.0212378640776699
0 0.3254513343799058 0.10179004854368931 0.030808477237048666 0.023968446601941744
0 0.3583202511773941 0.10012135922330097 0.03296703296703297 0.02487864077669903
0 0.4255298273155416 0.10527912621359223 0.07711930926216641 0.029126213592233007
0 0.19721350078492936 0.11969053398058252 0.06122448979591837 0.0245752427184466
0 0.247350863422292 0.12044902912621358 0.03669544740973313 0.02245145631067961
0 0.30494505494505497 0.12788228155339804 0.07849293563579278 0.02578883495145631
0 0.3672488226059655 0.12499999999999999 0.0402276295133438 0.028519417475728153
0 0.41679748822605966 0.12454490291262135 0.057692307692307696 0.02032766990291262
0 0.47085949764521196 0.12211771844660194 0.04101255886970173 0.02578883495145631
0 0.21350078492935637 0.14502427184466019 0.02786499215070644 0.020024271844660192
0 0.2521585557299843 0.14912014563106796 0.051412872841444274 0.030643203883495142
0 0.32554945054945056 0.14942354368932037 0.09497645211930927 0.031249999999999997
0 0.3926609105180534 0.1486650485436893 0.036891679748822605 0.015169902912621358
0 0.4330847723704867 0.14987864077669902 0.038461538461538464 0.01395631067961165
0 0.47252747252747257 0.1472997572815534 0.04003139717425432 0.01729368932038835
0 0.19593799058084774 0.1753640776699029 0.07201726844583987 0.029126213592233007
0 0.2510792778649922 0.17384708737864077 0.03944270015698587 0.021844660194174755
0 0.30327708006279436 0.18294902912621358 0.06887755102040817 0.03094660194174757
0 0.36813186813186816 0.1787014563106796 0.06043956043956044 0.03216019417475728
0 0.4187598116169545 0.1700546116504854 0.03924646781789639 0.026395631067961164
0 0.4549646781789639 0.17945995145631066 0.034340659340659344 0.03003640776699029
0 0.1760204081632653 0.20191140776699026 0.030612244897959186 0.03003640776699029
0 0.23812794348508637 0.19402305825242716 0.08771585557299844 0.027609223300970872
0 0.30975274725274726 0.20524878640776698 0.05592621664050236 0.02882281553398058
0 0.396585557299843 0.20282160194174756 0.11773940345368918 0.03731796116504854
0 0.18946232339089483 0.22754854368932037 0.05828100470957614 0.02973300970873786
0 0.25156985871271587 0.22709344660194172 0.06946624803767662 0.031856796116504854
0 0.3213304552590267 0.22861043689320387 0.06809262166405024 0.031249999999999997
0 0.3938383045525903 0.2257281553398058 0.07574568288854004 0.029126213592233007
0 0.4556514913657771 0.2245145631067961 0.046310832025117744 0.023665048543689317
0 0.19377943485086344 0.2501516990291262 0.061420722135007856 0.023968446601941744
0 0.25853610675039246 0.2525788834951456 0.06377551020408163 0.02882281553398058
0 0.3273155416012559 0.25546116504854366 0.06554160125588697 0.027305825242718445
0 0.37637362637362637 0.2512135922330097 0.029827315541601257 0.023058252427184463
0 0.4089481946624804 0.2622876213592233 0.0423861852433281 0.027002427184466018
0 0.4592817896389325 0.24742111650485435 0.0543563579277865 0.021541262135922327
0 0.2154631083202512 0.2800364077669903 0.05572998430141288 0.03216019417475728
0 0.27757064364207223 0.2827669902912621 0.07162480376766091 0.027305825242718445
0 0.3539050235478807 0.2836771844660194 0.0794740973312402 0.032766990291262135
0 0.410223704866562 0.28625606796116504 0.03002354788069074 0.026395631067961164
0 0.43926609105180536 0.2783677184466019 0.02688383045525903 0.01911407766990291
0 0.19044348508634223 0.3074939320388349 0.06495290423861853 0.03428398058252427
0 0.24597723704866564 0.310376213592233 0.045722135007849295 0.025485436893203883
0 0.29699764521193095 0.304004854368932 0.05631868131868132 0.029126213592233007
0 0.34968602825745687 0.3138652912621359 0.04591836734693878 0.0245752427184466
0 0.42719780219780223 0.3112864077669903 0.11106750392464679 0.040048543689320384
0 0.17827708006279436 0.33161407766990286 0.045722135007849295 0.0345873786407767
0 0.23459576138147567 0.32569781553398053 0.0684850863422292 0.031856796116504854
0 0.29444662480376765 0.33115898058252424 0.05278649921507065 0.020934466019417473
0 0.3468406593406594 0.33297936893203883 0.052001569858712716 0.03549757281553398
0 0.4420133437990581 0.3375303398058252 0.08104395604395605 0.03549757281553398
0 0.20427786499215073 0.3555825242718446 0.08398744113029828 0.03337378640776699
0 0.2724686028257457 0.3543689320388349 0.04964678178963894 0.023058252427184463
0 0.31779827315541603 0.35694781553398053 0.039050235478806906 0.020934466019417473
0 0.3658751962323391 0.3598300970873786 0.05121664050235479 0.0279126213592233
0 0.4305337519623234 0.3561893203883495 0.06985871271585557 0.02245145631067961
0 0.20624018838304553 0.3859223300970873 0.09222919937205652 0.027305825242718445
0 0.3342817896389325 0.3865291262135922 0.04650706436420722 0.029126213592233007
0 0.38108320251177397 0.3854672330097087 0.04513343799058085 0.02336165048543689
0 0.45074568288854006 0.38121966019417475 0.08437990580847725 0.027002427184466018
0 0.18347723704866564 0.3995752427184466 0.05102040816326531 0.027305825242718445
0 0.22282182103610676 0.4010922330097087 0.025706436420722137 0.020024271844660192
0 0.26491365777080067 0.40761529126213586 0.06475667189952905 0.029429611650485434
0 0.3449764521193093 0.41080097087378636 0.05337519623233909 0.030339805825242715
0 0.4034536891679749 0.41186286407766987 0.06122448979591837 0.031249999999999997
0 0.462519623233909 0.40731189320388345 0.0521978021978022 0.022754854368932036
0 0.1810243328100471 0.4279429611650485 0.03787284144427002 0.021541262135922327
0 0.24744897959183676 0.4437196601941747 0.054552590266875985 0.03428398058252427
0 0.2942503924646782 0.4326456310679611 0.032378335949764525 0.015169902912621358
0 0.3642072213500785 0.43977548543689315 0.03767660910518054 0.03003640776699029
0 0.3994309262166405 0.44098907766990286 0.027668759811616955 0.02336165048543689
0 0.4517268445839875 0.4334041262135922 0.07339089481946626 0.025182038834951456
0 0.19034536891679749 0.4590412621359223 0.05847723704866562 0.03216019417475728
0 0.24391679748822606 0.45964805825242716 0.034929356357927786 0.014563106796116504
0 0.27904238618524335 0.45540048543689315 0.03532182103610675 0.02427184466019417
0 0.3126962323390895 0.4591929611650485 0.03198587127158556 0.022754854368932036
0 0.3552786499215071 0.46966019417475724 0.053571428571428575 0.02669902912621359
0 0.402276295133438 0.45873786407766987 0.04081632653061225 0.015169902912621358
0 0.4344583987441131 0.4679915048543689 0.031397174254317116 0.026395631067961164
0 0.4720368916797488 0.458131067961165 0.042582417582417584 0.023665048543689317
0 0.18975667189952905 0.49089805825242716 0.06279434850863423 0.025485436893203883
0 0.26157770800627944 0.4824029126213592 0.07770800627943486 0.02427184466019417
0 0.3280023547880691 0.4916565533980582 0.05278649921507065 0.028216019417475726
0 0.3917778649921507 0.48528519417475724 0.07476452119309263 0.033677184466019416
0 0.21006671899529045 0.5131978155339806 0.05239403453689168 0.027002427184466018
0 0.2717817896389325 0.5127427184466019 0.07103610675039247 0.03094660194174757
0 0.3369309262166405 0.5124393203883495 0.05416012558869702 0.03216019417475728
0 0.4021781789638933 0.5144114077669902 0.07554945054945056 0.028216019417475726
0 0.4619309262166405 0.5136529126213591 0.04120879120879121 0.023665048543689317
0 0.1946624803767661 0.5377730582524272 0.0706436420722135 0.02032766990291262
0 0.2510792778649922 0.5462682038834951 0.04807692307692308 0.03003640776699029
0 0.3105376766091052 0.5430825242718446 0.07319466248037677 0.03094660194174757
0 0.3734301412872842 0.5392900485436892 0.044348508634222926 0.016686893203883495
0 0.4290620094191523 0.5406553398058251 0.0684850863422292 0.04126213592233009
0 0.17768838304552592 0.5623483009708737 0.04297488226059655 0.028216019417475726
0 0.2164442700156986 0.5640169902912621 0.03414442700156986 0.0212378640776699
0 0.247350863422292 0.5687196601941747 0.02806122448979592 0.02578883495145631
0 0.2967032967032967 0.5672026699029126 0.07142857142857144 0.02882281553398058
0 0.34605572998430145 0.5741808252427184 0.03198587127158556 0.029429611650485434
0 0.3861852433281005 0.5714502427184466 0.05729984301412873 0.028216019417475726
0 0.4489795918367347 0.5678094660194174 0.06750392464678179 0.027609223300970872
0 0.18906985871271587 0.5860133495145631 0.05828100470957614 0.021541262135922327
0 0.25294348508634223 0.5979975728155339 0.06593406593406594 0.02487864077669903
0 0.3064167974882261 0.5942050970873786 0.032378335949764525 0.031856796116504854
0 0.35625981161695447 0.5983009708737863 0.060243328100470964 0.027305825242718445
0 0.4114992150706437 0.5875303398058251 0.04591836734693878 0.020934466019417473
0 0.17611852433281006 0.6160497572815533 0.032378335949764525 0.018507281553398057
0 0.21085164835164835 0.6216626213592232 0.03630298273155416 0.025485436893203883
0 0.26775902668759816 0.6155946601941747 0.04611459968602826 0.023058252427184463
0 0.31544348508634223 0.6206007281553397 0.045722135007849295 0.01729368932038835
0 0.3600863422291994 0.622876213592233 0.04513343799058085 0.03519417475728155
0 0.4014913657770801 0.6204490291262136 0.03728414442700157 0.0279126213592233
0 0.45594583987441134 0.6195388349514562 0.06966248037676609 0.03519417475728155
0 0.1812205651491366 0.6495752427184466 0.050431711145996864 0.02973300970873786
0 0.22429356357927788 0.6401699029126213 0.03610675039246468 0.023665048543689317
0 0.266679748822606 0.6462378640776698 0.046310832025117744 0.02669902912621359
0 0.31014521193092626 0.6462378640776698 0.037480376766091054 0.020631067961165046
0 0.3896193092621664 0.6483616504854368 0.09674254317111461 0.03337378640776699
0 0.18730376766091053 0.6686893203883495 0.05396389324960754 0.02245145631067961
0 0.23489010989010992 0.6647451456310679 0.04120879120879121 0.018810679611650484
0 0.28502747252747257 0.6756674757281553 0.050431711145996864 0.025485436893203883
0 0.33771585557299844 0.6724817961165048 0.04905808477237049 0.018507281553398057
0 0.3905023547880691 0.6724817961165048 0.05102040816326531 0.018507281553398057
0 0.4501569858712716 0.6780946601941747 0.07535321821036108 0.03094660194174757
0 0.1898547880690738 0.6893203883495145 0.059850863422292 0.026092233009708737
0 0.24676216640502358 0.6981189320388349 0.05788854003139718 0.02973300970873786
0 0.30180533751962324 0.6915958737864077 0.0521978021978022 0.02578883495145631
0 0.347723704866562 0.6987257281553397 0.03728414442700157 0.029126213592233007
0 0.3955062794348509 0.6961468446601942 0.0543563579277865 0.020934466019417473
0 0.454179748822606 0.696753640776699 0.06259811616954475 0.027609223300970872
0 0.18818681318681318 0.7228458737864077 0.059654631083202514 0.031249999999999997
0 0.23233908948194665 0.7172330097087378 0.026295133437990583 0.019417475728155338
0 0.26108712715855575 0.7289138349514562 0.03708791208791209 0.028216019417475726
0 0.3046507064364207 0.7175364077669902 0.04964678178963894 0.0212378640776699
0 0.3911891679748823 0.7251213592233009 0.08889324960753532 0.030339805825242715
0 0.45839874411302983 0.7185983009708737 0.03924646781789639 0.01911407766990291
0 0.17611852433281006 0.7416565533980581 0.032378335949764525 0.019720873786407765
0 0.22586342229199374 0.7445388349514562 0.06436420722135008 0.023058252427184463
0 0.30131475667189955 0.7501516990291262 0.09164050235478807 0.031249999999999997
0 0.3739207221350079 0.7501516990291262 0.04689952904238619 0.025182038834951456
0 0.44593799058084777 0.7472694174757281 0.07751177394034538 0.03216019417475728
0 0.18563579277864994 0.768507281553398 0.023940345368916798 0.012742718446601941
0 0.2184065934065934 0.7659283980582524 0.036891679748822605 0.020934466019417473
0 0.2659929356357928 0.7695691747572815 0.05278649921507065 0.016686893203883495
0 0.31446232339089486 0.7713895631067961 0.042582417582417584 0.031249999999999997
0 0.3514521193092622 0.7675970873786407 0.02786499215070644 0.023665048543689317
0 0.39491758241758246 0.7733616504854368 0.05592621664050236 0.0212378640776699
0 0.4536891679748823 0.774878640776699 0.05808477237048666 0.029126213592233007
0 0.17965070643642073 0.7891383495145631 0.04140502354788069 0.018810679611650484
0 0.2293956043956044 0.7879247572815533 0.04591836734693878 0.02245145631067961
0 0.27472527472527475 0.8014259708737863 0.04513343799058085 0.022754854368932036
0 0.3120094191522763 0.7923240291262135 0.031789638932496075 0.018507281553398057
0 0.3457613814756672 0.7949029126213591 0.036499215070643645 0.020631067961165046
0 0.38540031397174257 0.7958131067961164 0.0380690737833595 0.02487864077669903
0 0.4280808477237049 0.8049150485436892 0.04415227629513344 0.026092233009708737
0 0.4668367346938776 0.7935376213592232 0.03257456828885401 0.02336165048543689
0 0.17994505494505494 0.8182645631067961 0.04042386185243328 0.029126213592233007
0 0.2159536891679749 0.8156856796116504 0.022174254317111463 0.016686893203883495
0 0.24980376766091053 0.8178094660194174 0.044348508634222926 0.03003640776699029
0 0.29935243328100475 0.8216019417475727 0.04493720565149137 0.025485436893203883
0 0.33634222919937207 0.8281249999999999 0.03414442700156986 0.030643203883495142
0 0.37480376766091056 0.8226638349514562 0.04356357927786499 0.02578883495145631
0 0.42395996860282575 0.8216019417475727 0.05160910518053376 0.020631067961165046
0 0.4698783359497645 0.8296419902912621 0.04336734693877551 0.022754854368932036
0 0.17543171114599687 0.8388956310679611 0.03532182103610675 0.01820388349514563
0 0.22184065934065936 0.836771844660194 0.050824175824175824 0.023058252427184463
0 0.27472527472527475 0.8454186893203883 0.052590266875981166 0.027002427184466018
0 0.31760204081632654 0.8452669902912621 0.034340659340659344 0.02973300970873786
0 0.36773940345368916 0.8435983009708737 0.059654631083202514 0.03428398058252427
0 0.44014913657770804 0.8419296116504854 0.08320251177394035 0.023665048543689317
0 0.18082810047095763 0.8669599514563106 0.05906593406593407 0.028216019417475726
0 0.2385204081632653 0.8646844660194174 0.061420722135007856 0.027305825242718445
0 0.28385007849293564 0.8614987864077669 0.027276295133437992 0.019720873786407765
0 0.3161302982731554 0.8625606796116504 0.03532182103610675 0.02487864077669903
0 0.36450156985871274 0.8662014563106796 0.05749607535321821 0.020631067961165046
0 0.4443681318681319 0.8684769417475727 0.08025902668759811 0.026395631067961164
0 0.3161302982731554 0.8903216019417475 0.06711145996860284 0.030643203883495142
0 0.3940345368916798 0.891383495145631 0.08516483516483517 0.03398058252427184
0 0.2490188383045526 0.9092839805825242 0.022370486656200943 0.016383495145631068
0 0.2798273155416013 0.9067050970873786 0.029827315541601257 0.02032766990291262
0 0.33418367346938777 0.9114077669902911 0.06318681318681318 0.019417475728155338
0 0.3854984301412873 0.9192961165048543 0.037480376766091054 0.02669902912621359
0 0.4177786499215071 0.9236953883495145 0.03257456828885401 0.030643203883495142
0 0.4578100470957614 0.9192961165048543 0.04748822605965464 0.035800970873786406
0 0.10959576138147567 0.4012439320388349 0.04768445839874411 0.02882281553398058
0 0.6072409733124019 0.0939016990291262 0.06377551020408163 0.042172330097087374
0 0.6644427001569859 0.08980582524271843 0.04513343799058085 0.0279126213592233
0 0.7021193092621665 0.08570995145631068 0.029827315541601257 0.01608009708737864
0 0.7607927786499216 0.07736650485436893 0.08241758241758242 0.023665048543689317
0 0.8220172684458399 0.07949029126213591 0.04120879120879121 0.027305825242718445
0 0.875392464678179 0.07129854368932038 0.06671899529042387 0.023665048543689317
0 0.6111656200941915 0.10983009708737863 0.05906593406593407 0.0212378640776699
0 0.6761185243328101 0.10983009708737863 0.06730769230769232 0.03216019417475728
0 0.731456043956044 0.11134708737864077 0.03865777080062795 0.025485436893203883
0 0.7685439560439561 0.10300364077669902 0.03159340659340659 0.017900485436893203
0 0.7947409733124019 0.10103155339805825 0.02001569858712716 0.016383495145631068
0 0.819368131868132 0.10330703883495145 0.02688383045525903 0.02336165048543689
0 0.8711734693877552 0.09481189320388349 0.07437205651491366 0.029429611650485434
0 0.5983124018838305 0.13243325242718446 0.03453689167974883 0.020934466019417473
0 0.6892660910518054 0.12666868932038833 0.043759811616954476 0.02214805825242718
0 0.7264521193092622 0.13440533980582522 0.030612244897959186 0.025485436893203883
0 0.7699175824175825 0.1328883495145631 0.05788854003139718 0.032766990291262135
0 0.8211342229199372 0.12317961165048542 0.04415227629513344 0.02487864077669903
0 0.8520408163265306 0.11680825242718446 0.018445839874411302 0.020631067961165046
0 0.8866758241758242 0.11529126213592232 0.042189952904238624 0.0212378640776699
0 0.5969387755102041 0.15837378640776698 0.030612244897959186 0.02427184466019417
0 0.6341248037676609 0.15882888349514562 0.04336734693877551 0.031249999999999997
0 0.6700353218210362 0.15336771844660194 0.022566718995290426 0.011225728155339804
0 0.7069270015698588 0.15473300970873785 0.04807692307692308 0.027305825242718445
0 0.7649136577708007 0.15109223300970873 0.06514913657770802 0.02487864077669903
0 0.8516483516483517 0.1485133495145631 0.10792778649921508 0.030643203883495142
0 0.5934065934065934 0.18037014563106796 0.024725274725274728 0.01486650485436893
0 0.6207810047095762 0.17597087378640774 0.02806122448979592 0.020631067961165046
0 0.6509026687598116 0.17672936893203883 0.023547880690737835 0.014259708737864077
0 0.6938775510204082 0.18021844660194172 0.06279434850863423 0.028519417475728153
0 0.7382260596546312 0.17824635922330095 0.026295133437990583 0.02336165048543689
0 0.7753139717425432 0.16838592233009708 0.05102040816326531 0.020631067961165046
0 0.842032967032967 0.1699029126213592 0.07417582417582418 0.02669902912621359
0 0.8906004709576139 0.16398665048543687 0.02295918367346939 0.01911407766990291
0 0.6120486656200942 0.2023665048543689 0.05886970172684459 0.019417475728155338
0 0.6544348508634223 0.20024271844660194 0.02511773940345369 0.020631067961165046
0 0.6948587127158556 0.2020631067961165 0.052590266875981166 0.027305825242718445
0 0.7553963893249608 0.2020631067961165 0.06652276295133439 0.03094660194174757
0 0.8083791208791209 0.19371966019417475 0.03826530612244898 0.01608009708737864
0 0.8563579277864992 0.18871359223300968 0.022762951334379906 0.02245145631067961
0 0.8870682888540032 0.1867415048543689 0.03198587127158556 0.02214805825242718
0 0.6116562009419153 0.23270631067961162 0.05808477237048666 0.02427184466019417
0 0.6640502354788069 0.22724514563106793 0.03728414442700157 0.0212378640776699
0 0.7002551020408163 0.2290655339805825 0.034340659340659344 0.012742718446601941
0 0.7419544740973313 0.22694174757281552 0.025510204081632654 0.015776699029126214
0 0.7813971742543172 0.2223907766990291 0.047880690737833596 0.016383495145631068
0 0.8484105180533752 0.21601941747572814 0.08496860282574568 0.020024271844660192
0 0.6065541601255887 0.25394417475728154 0.04552590266875981 0.015169902912621358
0 0.6692503924646782 0.2492415048543689 0.07594191522762951 0.021541262135922327
0 0.7456828885400314 0.2481796116504854 0.07025117739403454 0.0279126213592233
0 0.8126962323390895 0.2446905339805825 0.05710361067503925 0.031856796116504854
0 0.8643053375196232 0.24393203883495143 0.04689952904238619 0.029126213592233007
0 0.6057692307692308 0.2795813106796116 0.04395604395604396 0.02578883495145631
0 0.6459968602825746 0.27427184466019416 0.031397174254317116 0.019417475728155338
0 0.6858320251177394 0.2747269417475728 0.041601255886970175 0.015473300970873785
0 0.7421507064364208 0.2759405339805825 0.06397174254317112 0.02882281553398058
0 0.8111263736263736 0.26987257281553395 0.06966248037676609 0.027002427184466018
0 0.8763736263736265 0.2591019417475728 0.05494505494505495 0.026092233009708737
0 0.6148940345368917 0.29793689320388345 0.06220565149136578 0.020024271844660192
0 0.6840659340659341 0.30248786407766987 0.06907378335949765 0.028519417475728153
0 0.7427394034536892 0.29915048543689315 0.03296703296703297 0.015169902912621358
0 0.7760989010989011 0.30248786407766987 0.03728414442700157 0.025485436893203883
0 0.8171114599686029 0.2938410194174757 0.017660910518053376 0.01729368932038835
0 0.8572409733124019 0.2894417475728155 0.060243328100470964 0.03155339805825243
0 0.606063579277865 0.32114684466019416 0.0402276295133438 0.022754854368932036
0 0.6518838304552591 0.3264563106796116 0.047880690737833596 0.021844660194174755
0 0.7164442700156987 0.3237257281553398 0.05690737833594977 0.013349514563106795
0 0.7580455259026688 0.31887135922330095 0.022762951334379906 0.01820388349514563
0 0.7901295133437991 0.3241808252427184 0.04297488226059655 0.03428398058252427
0 0.8509615384615385 0.3076456310679611 0.04297488226059655 0.02245145631067961
0 0.8931514913657771 0.3087075242718446 0.03708791208791209 0.028216019417475726
0 0.618229984301413 0.34557038834951453 0.06613029827315542 0.023058252427184463
0 0.6796507064364208 0.34754247572815533 0.04964678178963894 0.01486650485436893
0 0.7266483516483517 0.34374999999999994 0.036891679748822605 0.015776699029126214
0 0.7751177394034537 0.3405643203883495 0.02590266875981162 0.01729368932038835
0 0.815541601255887 0.3405643203883495 0.04552590266875981 0.02882281553398058
0 0.8766679748822607 0.3253944174757281 0.06730769230769232 0.02882281553398058
0 0.6145996860282575 0.3672633495145631 0.05612244897959184 0.02032766990291262
0 0.6827904238618525 0.3731796116504854 0.0684850863422292 0.02669902912621359
0 0.7412676609105181 0.3695388349514563 0.04415227629513344 0.02973300970873786
0 0.800039246467818 0.36589805825242716 0.06397174254317112 0.030339805825242715
0 0.8634222919937207 0.3520934466019417 0.05533751962323391 0.02336165048543689
0 0.902668759811617 0.3537621359223301 0.027472527472527476 0.02427184466019417
0 0.5988029827315542 0.4010922330097087 0.028453689167974885 0.026092233009708737
0 0.6212715855572999 0.39153519417475724 0.017268445839874413 0.01911407766990291
0 0.6418759811616955 0.3912317961165048 0.023547880690737835 0.017900485436893203
0 0.6732731554160126 0.3901699029126213 0.033359497645211934 0.021844660194174755
0 0.7110478806907379 0.39047330097087374 0.0402276295133438 0.01699029126213592
0 0.7486263736263736 0.3900182038834951 0.03296703296703297 0.014259708737864077
0 0.7945447409733124 0.3889563106796116 0.06593406593406594 0.04126213592233009
0 0.8963893249607536 0.37833737864077666 0.0282574568288854 0.028519417475728153
0 0.6090070643642073 0.42278519417475724 0.050431711145996864 0.028216019417475726
0 0.6600274725274725 0.4179308252427184 0.042582417582417584 0.016686893203883495
0 0.7168367346938775 0.4132281553398058 0.06593406593406594 0.020024271844660192
0 0.7634419152276296 0.4199029126213592 0.027668759811616955 0.026092233009708737
0 0.8087715855572999 0.40609830097087374 0.03355572998430142 0.01729368932038835
0 0.8596938775510204 0.40048543689320387 0.04905808477237049 0.01820388349514563
0 0.5988029827315542 0.4444781553398058 0.027276295133437992 0.021844660194174755
0 0.6321624803767661 0.4437196601941747 0.03512558869701727 0.02214805825242718
0 0.6777864992150707 0.444629854368932 0.04905808477237049 0.01729368932038835
0 0.7190934065934066 0.44023058252427183 0.03159340659340659 0.0212378640776699
0 0.7729591836734694 0.44387135922330095 0.05690737833594977 0.0279126213592233
0 0.8244701726844584 0.4279429611650485 0.04415227629513344 0.02214805825242718
0 0.8739207221350079 0.4223300970873786 0.0543563579277865 0.020024271844660192
0 0.6011577708006279 0.4795206310679611 0.03826530612244898 0.030643203883495142
0 0.6343210361067504 0.47193567961165045 0.022566718995290426 0.014259708737864077
0 0.6675824175824177 0.47117718446601936 0.036499215070643645 0.02487864077669903
0 0.702315541601256 0.4766383495145631 0.03414442700156986 0.03094660194174757
0 0.739010989010989 0.4660194174757281 0.03532182103610675 0.015169902912621358
0 0.7771781789638933 0.4622269417475728 0.040620094191522765 0.02032766990291262
0 0.8282967032967034 0.4610133495145631 0.06122448979591837 0.031856796116504854
0 0.8698979591836735 0.4503944174757281 0.020408163265306124 0.019720873786407765
0 0.5418956043956045 0.5647754854368932 0.04415227629513344 0.016686893203883495
0 0.6143053375196232 0.493628640776699 0.04925431711145997 0.023058252427184463
0 0.6756279434850864 0.4918082524271844 0.02708006279434851 0.021844660194174755
0 0.7191915227629514 0.4971177184466019 0.060832025117739406 0.03731796116504854
0 0.7694270015698588 0.48634708737864074 0.031397174254317116 0.020631067961165046
0 0.8113226059654631 0.48528519417475724 0.0500392464678179 0.020934466019417473
0 0.8572409733124019 0.4778519417475728 0.034340659340659344 0.02487864077669903
0 0.8924646781789639 0.4798240291262135 0.03571428571428572 0.02882281553398058
0 0.6090070643642073 0.529126213592233 0.0445447409733124 0.030339805825242715
0 0.6640502354788069 0.5236650485436892 0.0380690737833595 0.03094660194174757
0 0.6979003139717426 0.5222997572815533 0.025313971742543174 0.01486650485436893
0 0.7861067503924647 0.5159283980582524 0.039638932496075356 0.03246359223300971
0 0.828787284144427 0.5081917475728155 0.04611459968602826 0.02973300970873786
0 0.8806907378335951 0.4974211165048543 0.0565149136577708 0.030643203883495142
0 0.6085164835164836 0.5477851941747572 0.036891679748822605 0.026395631067961164
0 0.6881868131868132 0.5474817961165048 0.0804552590266876 0.022754854368932036
0 0.753041601255887 0.5527912621359223 0.04964678178963894 0.03216019417475728
0 0.8098508634222921 0.5389866504854368 0.05886970172684459 0.0245752427184466
0 0.8589089481946626 0.5350424757281553 0.03532182103610675 0.03246359223300971
0 0.8985478806907379 0.532008495145631 0.03924646781789639 0.029429611650485434
0 0.6112637362637363 0.5790351941747572 0.03924646781789639 0.014259708737864077
0 0.6425627943485087 0.5764563106796116 0.022566718995290426 0.0212378640776699
0 0.6648351648351649 0.5735740291262136 0.02119309262166405 0.017900485436893203
0 0.6881868131868132 0.576001213592233 0.02433281004709576 0.014259708737864077
0 0.7285125588697018 0.571753640776699 0.05631868131868132 0.017900485436893203
0 0.7771781789638933 0.567506067961165 0.04140502354788069 0.01911407766990291
0 0.8386970172684459 0.5658373786407767 0.0620094191522763 0.0279126213592233
0 0.8957025117739404 0.5588592233009708 0.05396389324960754 0.028519417475728153
0 0.6149921507064364 0.6054308252427184 0.05023547880690738 0.031249999999999997
0 0.6989795918367347 0.6046723300970873 0.046310832025117744 0.02245145631067961
0 0.7783555729984302 0.5940533980582524 0.025706436420722137 0.016383495145631068
0 0.8149529042386185 0.5905643203883495 0.044348508634222926 0.019720873786407765
0 0.877649136577708 0.5807038834951456 0.07711930926216641 0.029126213592233007
0 0.6181318681318682 0.6315230582524272 0.06043956043956044 0.03307038834951456
0 0.6767072213500785 0.6243932038834951 0.050431711145996864 0.021844660194174755
0 0.7370486656200942 0.6213592233009708 0.06711145996860284 0.020024271844660192
0 0.8033751962323391 0.6152912621359222 0.022370486656200943 0.020631067961165046
0 0.8417386185243328 0.622876213592233 0.059850863422292 0.035800970873786406
0 0.903453689167975 0.6084648058252426 0.029434850863422294 0.027002427184466018
0 0.6080259026687599 0.6538228155339805 0.03198587127158556 0.017597087378640776
0 0.6384419152276295 0.6535194174757281 0.02688383045525903 0.015169902912621358
0 0.6751373626373627 0.6562499999999999 0.04925431711145997 0.02973300970873786
0 0.7392072213500785 0.652002427184466 0.08124018838304553 0.03640776699029126
0 0.8177982731554161 0.6436589805825242 0.04807692307692308 0.020934466019417473
0 0.8726452119309263 0.6412317961165048 0.059654631083202514 0.03428398058252427
0 0.6065541601255887 0.6771844660194174 0.029434850863422294 0.016383495145631068
0 0.654925431711146 0.6771844660194174 0.059850863422292 0.01820388349514563
0 0.7006475667189953 0.6736953883495145 0.027668759811616955 0.017900485436893203
0 0.7638343799058085 0.6718749999999999 0.06534536891679749 0.02578883495145631
0 0.84850863422292 0.6644417475728155 0.06750392464678179 0.02427184466019417
0 0.9012951334379906 0.6568567961165048 0.03571428571428572 0.015776699029126214
0 0.6258830455259027 0.7040351941747572 0.06691522762951335 0.01729368932038835
0 0.6933869701726845 0.6997876213592232 0.04650706436420722 0.01486650485436893
0 0.7333202511773941 0.6929611650485437 0.03218210361067504 0.02245145631067961
0 0.7754120879120879 0.6950849514563107 0.048861852433281006 0.017597087378640776
0 0.8186813186813188 0.6923543689320387 0.020408163265306124 0.025485436893203883
0 0.8404631083202512 0.6852245145631067 0.02590266875981162 0.02578883495145631
0 0.8877551020408164 0.6808252427184466 0.06750392464678179 0.0212378640776699
0 0.6177394034536892 0.7349817961165048 0.049450549450549455 0.028216019417475726
0 0.6736656200941915 0.7284587378640776 0.06043956043956044 0.027305825242718445
0 0.7919937205651492 0.7220873786407767 0.05062794348508635 0.02487864077669903
0 0.8672488226059655 0.7093446601941747 0.0990973312401884 0.03398058252427184
0 0.6186224489795918 0.7565230582524272 0.05160910518053376 0.01729368932038835
0 0.6802394034536892 0.7553094660194174 0.07083987441130299 0.023968446601941744
0 0.7271389324960754 0.7472694174757281 0.01903453689167975 0.026092233009708737
0 0.756083202511774 0.7472694174757281 0.034929356357927786 0.023058252427184463
0 0.7888540031397174 0.7512135922330097 0.029827315541601257 0.02427184466019417
0 0.8217229199372057 0.7387742718446602 0.032770800627943485 0.021844660194174755
0 0.8781397174254317 0.7331614077669902 0.07653061224489796 0.0245752427184466
0 0.6096938775510204 0.7908070388349514 0.0423861852433281 0.030643203883495142
0 0.6454081632653061 0.7780643203883495 0.023547880690737835 0.022754854368932036
0 0.665914442700157 0.7785194174757281 0.016287284144427004 0.012742718446601941
0 0.6874018838304553 0.7722997572815533 0.023155416012558872 0.020934466019417473
0 0.7138932496075354 0.7741201456310679 0.028649921507064365 0.016686893203883495
0 0.7580455259026688 0.7773058252427184 0.05416012558869702 0.03337378640776699
0 0.8274136577708007 0.7669902912621358 0.08222135007849295 0.028519417475728153
0 0.8905023547880692 0.7657766990291262 0.041601255886970175 0.027305825242718445
0 0.622743328100471 0.8026395631067961 0.055533751962323394 0.018507281553398057
0 0.682594191522763 0.7968749999999999 0.0543563579277865 0.023968446601941744
0 0.7246860282574569 0.8050667475728155 0.029827315541601257 0.02578883495145631
0 0.7682496075353219 0.7929308252427184 0.05533751962323391 0.02032766990291262
0 0.8314364207221351 0.7964199029126213 0.047880690737833596 0.02427184466019417
0 0.8763736263736265 0.7938410194174756 0.04081632653061225 0.02578883495145631
0 0.6096938775510204 0.8272148058252426 0.03218210361067504 0.020934466019417473
0 0.6636577708006279 0.8276699029126213 0.05416012558869702 0.01699029126213592
0 0.7351844583987441 0.8219053398058251 0.08143642072213501 0.01820388349514563
0 0.7915031397174255 0.8156856796116504 0.02295918367346939 0.02032766990291262
0 0.8152472527472528 0.8240291262135921 0.025706436420722137 0.023665048543689317
0 0.8495879120879122 0.8115898058252426 0.039050235478806906 0.020631067961165046
0 0.891679748822606 0.8103762135922329 0.043171114599686033 0.027305825242718445
0 0.609105180533752 0.855885922330097 0.028649921507064365 0.015776699029126214
0 0.6370682888540031 0.8534587378640776 0.021389324960753534 0.013349514563106795
0 0.6705259026687599 0.8536104368932038 0.043171114599686033 0.022754854368932036
0 0.7330259026687599 0.8435983009708737 0.0445447409733124 0.01911407766990291
0 0.7739403453689169 0.8422330097087378 0.033359497645211934 0.015169902912621358
0 0.805337519623234 0.8442050970873786 0.03414442700156986 0.031856796116504854
0 0.6058673469387755 0.8746966019417475 0.020604395604395604 0.021844660194174755
0 0.6406985871271585 0.8756067961165048 0.03571428571428572 0.015776699029126214
0 0.6810243328100472 0.8739381067961164 0.03865777080062795 0.018507281553398057
0 0.7282182103610676 0.8795509708737863 0.059262166405023554 0.030339805825242715
0 0.7910125588697018 0.8734830097087378 0.06868131868131869 0.0345873786407767
0 0.6247056514913658 0.8997269417475727 0.05749607535321821 0.02336165048543689
0 0.6912284144427002 0.8968446601941746 0.0543563579277865 0.023665048543689317
0 0.7434262166405023 0.8951759708737863 0.04768445839874411 0.01486650485436893
0 0.7979788069073784 0.8883495145631067 0.06063579277864992 0.020024271844660192
0 0.8585164835164836 0.8847087378640776 0.04513343799058085 0.015169902912621358
0 0.6263736263736264 0.9270327669902911 0.06397174254317112 0.026395631067961164
0 0.6889717425431712 0.9253640776699028 0.054552590266875985 0.0279126213592233
0 0.731456043956044 0.9282463592233009 0.02688383045525903 0.0245752427184466
0 0.7629513343799058 0.9192961165048543 0.03885400313971743 0.0279126213592233
0 0.8183869701726845 0.9109526699029126 0.06652276295133439 0.01911407766990291
