0 0.1760204081632653 0.08131067961165048 0.0282574568288854 0.03216019417475728
0 0.2044740973312402 0.08131067961165048 0.026687598116169546 0.015776699029126214
0 0.24077708006279436 0.08055218446601942 0.038461538461538464 0.021541262135922327
0 0.2779631083202512 0.08464805825242717 0.03159340659340659 0.019417475728155338
0 0.31760204081632654 0.08813713592233009 0.04611459968602826 0.025182038834951456
0 0.37912087912087916 0.0860133495145631 0.07142857142857144 0.019720873786407765
0 0.43475274725274726 0.08950242718446601 0.037480376766091054 0.015169902912621358
0 0.17768838304552592 0.10345873786407767 0.01785714285714286 0.021844660194174755
0 0.21055729984301413 0.10527912621359223 0.04395604395604396 0.01820388349514563
0 0.2664835164835165 0.11256067961165048 0.06828885400313972 0.02973300970873786
0 0.32162480376766095 0.1095266990291262 0.03532182103610675 0.018810679611650484
0 0.369701726844584 0.11862864077669902 0.057692307692307696 0.035800970873786406
0 0.4127747252747253 0.12242111650485436 0.03826530612244898 0.031249999999999997
0 0.46026295133437994 0.10816140776699028 0.05317896389324961 0.020934466019417473
0 0.20368916797488226 0.14138349514563106 0.07103610675039247 0.03094660194174757
0 0.2711930926216641 0.14487257281553398 0.06279434850863423 0.031856796116504854
0 0.3184850863422292 0.1394114077669903 0.036891679748822605 0.030643203883495142
0 0.3494897959183674 0.13683252427184464 0.023940345368916798 0.01820388349514563
0 0.38441915227629514 0.1374393203883495 0.04042386185243328 0.020024271844660192
0 0.44750784929356363 0.13137135922330095 0.08614599686028258 0.0279126213592233
0 0.19270015698587128 0.16368325242718446 0.0521978021978022 0.016686893203883495
0 0.24136577708006282 0.16459344660194172 0.025510204081632654 0.013652912621359222
0 0.27639324960753536 0.16520024271844658 0.042189952904238624 0.030643203883495142
0 0.3286891679748823 0.16140776699029125 0.059262166405023554 0.016383495145631068
0 0.437892464678179 0.15761529126213591 0.10576923076923078 0.03307038834951456
0 0.1855376766091052 0.1852245145631068 0.03159340659340659 0.021541262135922327
0 0.25941915227629514 0.1867415048543689 0.04513343799058085 0.01911407766990291
0 0.3062205651491366 0.18871359223300968 0.037480376766091054 0.01395631067961165
0 0.3563579277864992 0.1852245145631068 0.06043956043956044 0.023968446601941744
0 0.413265306122449 0.19053398058252424 0.04552590266875981 0.0279126213592233
0 0.18730376766091053 0.21723300970873785 0.045329670329670335 0.0279126213592233
0 0.2425431711145997 0.214502427184466 0.05690737833594977 0.020024271844660192
0 0.31456043956043955 0.21389563106796114 0.08006279434850865 0.021844660194174755
0 0.3928571428571429 0.21101334951456308 0.05612244897959184 0.02032766990291262
0 0.4640894819466248 0.21359223300970873 0.052982731554160126 0.03155339805825243
0 0.18926609105180534 0.2412014563106796 0.0500392464678179 0.02669902912621359
0 0.24911695447409735 0.2480279126213592 0.06377551020408163 0.04035194174757281
0 0.3222135007849294 0.2404429611650485 0.05808477237048666 0.01911407766990291
0 0.3861852433281005 0.23740898058252424 0.06318681318681318 0.026395631067961164
0 0.45574960753532184 0.2334648058252427 0.07005494505494506 0.023968446601941744
0 0.19564364207221352 0.27533373786407767 0.05572998430141288 0.04035194174757281
0 0.2408751962323391 0.2756371359223301 0.028453689167974885 0.01911407766990291
0 0.28571428571428575 0.26744538834951453 0.05533751962323391 0.019720873786407765
0 0.35233516483516486 0.2657766990291262 0.06809262166405024 0.02669902912621359
0 0.440541601255887 0.2657766990291262 0.10164835164835165 0.03337378640776699
0 0.18141679748822606 0.2982402912621359 0.021781789638932497 0.01395631067961165
0 0.22095761381475668 0.304004854368932 0.05337519623233909 0.03155339805825243
0 0.29415227629513346 0.2944478155339806 0.0521978021978022 0.017900485436893203
0 0.35586734693877553 0.2902002427184466 0.045722135007849295 0.018507281553398057
0 0.41336342229199374 0.28655946601941745 0.05396389324960754 0.016686893203883495
0 0.4563383045525903 0.28458737864077666 0.029631083202511777 0.01699029126213592
0 0.1991758241758242 0.321753640776699 0.05533751962323391 0.021541262135922327
0 0.25206043956043955 0.3229672330097087 0.045329670329670335 0.02882281553398058
0 0.2868916797488226 0.321753640776699 0.022370486656200943 0.014259708737864077
0 0.3161302982731554 0.31978155339805825 0.031789638932496075 0.0212378640776699
0 0.36145996860282575 0.31356189320388345 0.05808477237048666 0.025182038834951456
0 0.41748430141287285 0.31553398058252424 0.0500392464678179 0.03944174757281553
0 0.46654238618524335 0.30461165048543687 0.0445447409733124 0.020024271844660192
0 0.1790620094191523 0.3595266990291262 0.03787284144427002 0.03094660194174757
0 0.2171310832025118 0.34496359223300965 0.037480376766091054 0.01820388349514563
0 0.2737441130298273 0.34845266990291257 0.06043956043956044 0.03246359223300971
0 0.3416405023547881 0.3420813106796116 0.06907378335949765 0.02032766990291262
0 0.41679748822605966 0.3398058252427184 0.0773155416012559 0.02669902912621359
0 0.184850863422292 0.3756067961165048 0.031397174254317116 0.016383495145631068
0 0.24450549450549453 0.37575849514563103 0.0902668759811617 0.03428398058252427
0 0.3288854003139718 0.36923543689320387 0.07692307692307693 0.0212378640776699
0 0.4059065934065934 0.36923543689320387 0.07319466248037677 0.028519417475728153
0 0.4711538461538462 0.3577063106796116 0.03885400313971743 0.02427184466019417
0 0.18063186813186816 0.39927184466019416 0.02688383045525903 0.0212378640776699
0 0.2059458398744113 0.40958737864077666 0.030416012558869703 0.02487864077669903
0 0.296212715855573 0.4000303398058252 0.020604395604395604 0.01729368932038835
0 0.3195643642072214 0.39608616504854366 0.01903453689167975 0.026395631067961164
0 0.3447802197802198 0.39836165048543687 0.029434850863422294 0.020631067961165046
0 0.37078100470957615 0.3986650485436893 0.019819466248037678 0.01699029126213592
0 0.4032574568288854 0.39563106796116504 0.041601255886970175 0.019417475728155338
0 0.46477629513343804 0.38925970873786403 0.05396389324960754 0.020631067961165046
0 0.1845565149136578 0.43613470873786403 0.03787284144427002 0.03246359223300971
0 0.2550039246467818 0.4347694174757281 0.10694662480376767 0.03155339805825243
0 0.36430533751962324 0.42324029126213586 0.10380690737833595 0.02487864077669903
0 0.43367346938775514 0.4256674757281553 0.03728414442700157 0.03155339805825243
0 0.4723312401883831 0.4174757281553398 0.03728414442700157 0.02669902912621359
0 0.20957613814756673 0.45524878640776695 0.07770800627943486 0.02336165048543689
0 0.29964678178963894 0.45297330097087374 0.1012558869701727 0.02487864077669903
0 0.3678375196232339 0.46192354368932037 0.03630298273155416 0.028216019417475726
0 0.3989403453689168 0.4610133495145631 0.030612244897959186 0.03003640776699029
0 0.4531985871271586 0.45418689320388345 0.07672684458398744 0.03944174757281553
0 0.20673076923076925 0.4933252427184466 0.07162480376766091 0.03398058252427184
0 0.28669544740973313 0.48346480582524265 0.07692307692307693 0.031249999999999997
0 0.3749018838304553 0.48300970873786403 0.10027472527472528 0.029126213592233007
0 0.44790031397174257 0.47178398058252424 0.042189952904238624 0.02487864077669903
0 0.1996664050235479 0.513501213592233 0.05631868131868132 0.02032766990291262
0 0.26059654631083207 0.5182038834951456 0.08084772370486656 0.038834951456310676
0 0.32074175824175827 0.5159283980582524 0.04493720565149137 0.03853155339805825
0 0.3627354788069074 0.5084951456310679 0.03826530612244898 0.02669902912621359
0 0.4180729984301413 0.5075849514563107 0.06691522762951335 0.032766990291262135
0 0.4696821036106751 0.5084951456310679 0.0402276295133438 0.03094660194174757
0 0.19024725274725277 0.5441444174757281 0.0402276295133438 0.03549757281553398
0 0.24332810047095763 0.5414138349514562 0.062401883830455265 0.020934466019417473
0 0.31259811616954475 0.5464199029126213 0.08281004709576138 0.038834951456310676
0 0.3725470957613815 0.5389866504854368 0.032770800627943485 0.019720873786407765
0 0.40060832025117743 0.5333737864077669 0.020604395604395604 0.02669902912621359
0 0.4270996860282575 0.5321601941747572 0.030416012558869703 0.02427184466019417
0 0.4606554160125589 0.5408070388349514 0.0500392464678179 0.03731796116504854
0 0.18838304552590268 0.5688713592233009 0.04120879120879121 0.01820388349514563
0 0.25137362637362637 0.5672026699029126 0.07692307692307693 0.030643203883495142
0 0.32319466248037676 0.5670509708737863 0.06397174254317112 0.026092233009708737
0 0.3807888540031397 0.5635618932038835 0.04101255886970173 0.022754854368932036
0 0.4314167974882261 0.5620449029126213 0.05828100470957614 0.01911407766990291
0 0.19093406593406595 0.5981492718446602 0.04003139717425432 0.022754854368932036
0 0.2334183673469388 0.6043689320388349 0.048861852433281006 0.03519417475728155
0 0.29160125588697017 0.5984526699029126 0.06043956043956044 0.02882281553398058
0 0.3459576138147567 0.5970873786407767 0.051412872841444274 0.03398058252427184
0 0.3888343799058085 0.5983009708737863 0.03159340659340659 0.028519417475728153
0 0.44888147566719 0.5935983009708737 0.08536106750392465 0.040958737864077666
0 0.18229984301412874 0.6213592233009708 0.022370486656200943 0.028519417475728153
0 0.21075353218210363 0.6268203883495145 0.03021978021978022 0.017597087378640776
0 0.25765306122448983 0.6240898058252426 0.0620094191522763 0.01820388349514563
0 0.31603218210361067 0.6237864077669902 0.05514128728414443 0.021844660194174755
0 0.35900706436420726 0.6333434466019416 0.032378335949764525 0.03428398058252427
0 0.40237441130298274 0.6180218446601942 0.0543563579277865 0.0212378640776699
0 0.4619309262166405 0.6095266990291262 0.06004709576138148 0.026092233009708737
0 0.20025510204081634 0.6489684466019416 0.053571428571428575 0.0212378640776699
0 0.24018838304552592 0.6476031553398057 0.026687598116169546 0.020934466019417473
0 0.3122056514913658 0.6574635922330097 0.06711145996860284 0.03640776699029126
0 0.3768642072213501 0.6448725728155339 0.0543563579277865 0.0245752427184466
0 0.44858712715855575 0.6427487864077669 0.08634222919937207 0.040958737864077666
0 0.1823979591836735 0.6750606796116504 0.023351648351648352 0.02669902912621359
0 0.21359890109890112 0.6800667475728155 0.04415227629513344 0.03610436893203883
0 0.28404631083202514 0.6818871359223301 0.09281789638932497 0.03246359223300971
0 0.35233516483516486 0.6727851941747572 0.03944270015698587 0.02336165048543689
0 0.39128728414442704 0.6771844660194174 0.04591836734693878 0.03822815533980582
0 0.45378728414442704 0.6691444174757281 0.07319466248037677 0.033677184466019416
0 0.19044348508634223 0.7085861650485437 0.043759811616954476 0.03307038834951456
0 0.2523547880690738 0.7084344660194174 0.08202511773940346 0.037014563106796114
0 0.3200549450549451 0.7094963592233009 0.04552590266875981 0.03428398058252427
0 0.3695054945054945 0.6978155339805825 0.05062794348508635 0.017597087378640776
0 0.407967032967033 0.6944781553398057 0.025510204081632654 0.020024271844660192
0 0.4481946624803768 0.6905339805825242 0.0521978021978022 0.021844660194174755
0 0.19152276295133439 0.7337682038834951 0.03767660910518054 0.01608009708737864
0 0.2234105180533752 0.7289138349514562 0.026491365777080063 0.02214805825242718
0 0.2540227629513344 0.7267900485436892 0.032378335949764525 0.0245752427184466
0 0.2880690737833595 0.7337682038834951 0.04081632653061225 0.034890776699029125
0 0.3288854003139718 0.7284587378640776 0.031789638932496075 0.018810679611650484
0 0.3770604395604396 0.7196601941747572 0.06573783359497645 0.026092233009708737
0 0.4513343799058085 0.7249696601941747 0.0804552590266876 0.03671116504854369
0 0.2119309262166405 0.7553094660194174 0.05102040816326531 0.020934466019417473
0 0.25245290423861855 0.7677487864077669 0.030416012558869703 0.029429611650485434
0 0.288265306122449 0.7545509708737863 0.038461538461538464 0.01820388349514563
0 0.32309654631083207 0.7656249999999999 0.0402276295133438 0.034890776699029125
0 0.3715659340659341 0.7512135922330097 0.06534536891679749 0.02669902912621359
0 0.4506475667189953 0.746510922330097 0.08065149136577708 0.01911407766990291
0 0.2004513343799058 0.7804915048543689 0.05278649921507065 0.02336165048543689
0 0.28640109890109894 0.7879247572815533 0.03630298273155416 0.028519417475728153
0 0.31877943485086346 0.7814016990291262 0.027276295133437992 0.01911407766990291
0 0.34635007849293564 0.7759405339805825 0.02786499215070644 0.022754854368932036
0 0.3790227629513344 0.7779126213592232 0.029631083202511777 0.016383495145631068
0 0.41002747252747257 0.774878640776699 0.032378335949764525 0.01820388349514563
0 0.45937990580847726 0.7692657766990291 0.06475667189952905 0.025182038834951456
0 0.19976452119309263 0.8047633495145631 0.049843014128728415 0.022754854368932036
0 0.2532378335949765 0.8053701456310679 0.05160910518053376 0.027002427184466018
0 0.30111852433281006 0.8152305825242717 0.04611459968602826 0.0345873786407767
0 0.3469387755102041 0.804004854368932 0.04552590266875981 0.017597087378640776
0 0.36469780219780223 0.8164441747572815 0.022174254317111463 0.012135922330097085
0 0.38343799058084777 0.7993021844660193 0.020408163265306124 0.027002427184466018
0 0.41267660910518056 0.8035497572815533 0.04356357927786499 0.037924757281553395
0 0.4517268445839875 0.7947512135922329 0.03021978021978022 0.023968446601941744
0 0.19407378335949765 0.8337378640776698 0.03924646781789639 0.019417475728155338
0 0.22831632653061226 0.8344963592233009 0.02806122448979592 0.01729368932038835
0 0.26275510204081637 0.8341929611650485 0.0380690737833595 0.019720873786407765
0 0.29876373626373626 0.8300970873786407 0.035910518053375196 0.023665048543689317
0 0.33830455259026687 0.8284283980582523 0.04199372056514914 0.018507281553398057
0 0.3931514913657771 0.8354065533980581 0.05631868131868132 0.026395631067961164
0 0.4547684458398744 0.8272148058252426 0.07201726844583987 0.031856796116504854
0 0.18475274725274726 0.8561893203883495 0.025313971742543174 0.020024271844660192
0 0.24126766091051807 0.8587682038834951 0.08418367346938777 0.029429611650485434
0 0.31171507064364207 0.8570995145631067 0.055533751962323394 0.03944174757281553
0 0.3760792778649922 0.8542172330097086 0.07280219780219781 0.03549757281553398
0 0.42464678178963894 0.8570995145631067 0.029434850863422294 0.02487864077669903
0 0.46634615384615385 0.8520934466019416 0.05278649921507065 0.03549757281553398
0 0.1855376766091052 0.8825849514563106 0.021389324960753534 0.016383495145631068
0 0.2164442700156986 0.8816747572815533 0.03767660910518054 0.020631067961165046
0 0.2601059654631083 0.880006067961165 0.04689952904238619 0.020934466019417473
0 0.3195643642072214 0.8866808252427184 0.07554945054945056 0.02578883495145631
0 0.3802001569858713 0.8868325242718446 0.04964678178963894 0.03519417475728155
0 0.4331828885400314 0.8746966019417475 0.03002354788069074 0.02245145631067961
0 0.47017268445839877 0.8777305825242717 0.04356357927786499 0.023058252427184463
0 0.19024725274725277 0.9064016990291262 0.034340659340659344 0.02032766990291262
0 0.2495094191522763 0.9153519417475727 0.08025902668759811 0.0345873786407767
0 0.31671899529042385 0.9071601941747572 0.05102040816326531 0.01820388349514563
0 0.3522370486656201 0.9038228155339805 0.01805337519623234 0.02427184466019417
0 0.37205651491365777 0.9023058252427184 0.023940345368916798 0.02427184466019417
0 0.4008045525902669 0.913379854368932 0.04179748822605966 0.031249999999999997
0 0.45918367346938777 0.9079186893203882 0.06671899529042387 0.034890776699029125
0 0.5878139717425432 0.07903519417475728 0.0445447409733124 0.029429611650485434
0 0.6302001569858713 0.07645631067961164 0.034340659340659344 0.028519417475728153
0 0.6814167974882261 0.07478762135922329 0.060243328100470964 0.034890776699029125
0 0.7374411302982732 0.07023665048543688 0.044740973312401885 0.020934466019417473
0 0.7846350078492936 0.07509101941747572 0.055533751962323394 0.02578883495145631
0 0.829572213500785 0.06689927184466019 0.03473312401883831 0.02336165048543689
0 0.8756868131868132 0.06978155339805825 0.04611459968602826 0.015169902912621358
0 0.6024332810047096 0.10300364077669902 0.05729984301412873 0.02882281553398058
0 0.6415816326530612 0.10467233009708737 0.03355572998430142 0.0279126213592233
0 0.6860282574568289 0.09511529126213591 0.05533751962323391 0.029429611650485434
0 0.7337127158555731 0.10239684466019416 0.05102040816326531 0.028216019417475726
0 0.7674646781789639 0.09572208737864077 0.015698587127158558 0.02032766990291262
0 0.7894427001569859 0.09466019417475727 0.02511773940345369 0.0212378640776699
0 0.8166208791208792 0.09208131067961164 0.025706436420722137 0.02578883495145631
0 0.8580259026687599 0.09663228155339805 0.061420722135007856 0.034890776699029125
0 0.5989992150706437 0.12712378640776698 0.05239403453689168 0.029126213592233007
0 0.6759222919937206 0.11878033980582524 0.0500392464678179 0.019720873786407765
0 0.7315541601255887 0.11559466019417475 0.0423861852433281 0.0212378640776699
0 0.7830651491365778 0.11695995145631068 0.050431711145996864 0.01729368932038835
0 0.8828492935635793 0.1206007281553398 0.057692307692307696 0.03246359223300971
0 0.6062598116169545 0.14805825242718446 0.06456043956043957 0.02973300970873786
0 0.667091836734694 0.1497269417475728 0.047291993720565154 0.025182038834951456
0 0.7127158555729984 0.14350728155339804 0.036499215070643645 0.023665048543689317
0 0.7533359497645212 0.14229368932038833 0.04395604395604396 0.02245145631067961
0 0.8066130298273156 0.14047330097087377 0.06063579277864992 0.0279126213592233
0 0.848901098901099 0.13910800970873785 0.02511773940345369 0.01911407766990291
0 0.8882456828885401 0.13364684466019416 0.050824175824175824 0.020934466019417473
0 0.5933084772370487 0.1721783980582524 0.04179748822605966 0.028216019417475726
0 0.6562990580847724 0.16702063106796114 0.07751177394034538 0.0245752427184466
0 0.7171310832025118 0.17339199029126212 0.04140502354788069 0.027609223300970872
0 0.8017072213500785 0.17020631067961164 0.047291993720565154 0.0212378640776699
0 0.8443877551020409 0.1597390776699029 0.033751962323390894 0.021541262135922327
0 0.88638147566719 0.15670509708737862 0.05023547880690738 0.021541262135922327
0 0.6098901098901099 0.198877427184466 0.033751962323390894 0.027002427184466018
0 0.6478610675039247 0.19963592233009708 0.04140502354788069 0.02973300970873786
0 0.7229199372056515 0.19827063106796114 0.06279434850863423 0.02882281553398058
0 0.8313383045525903 0.18871359223300968 0.05514128728414443 0.028519417475728153
0 0.6356946624803768 0.22891383495145629 0.03826530612244898 0.030643203883495142
0 0.6808281004709577 0.21829490291262135 0.045329670329670335 0.018507281553398057
0 0.7244897959183674 0.21480582524271843 0.03453689167974883 0.02245145631067961
0 0.769328885400314 0.2143507281553398 0.05121664050235479 0.0245752427184466
0 0.8503728414442701 0.2155643203883495 0.055533751962323394 0.03671116504854369
0 0.5921310832025118 0.247876213592233 0.03394819466248038 0.019417475728155338
0 0.6323587127158556 0.24757281553398056 0.045722135007849295 0.015169902912621358
0 0.6774921507064364 0.2466626213592233 0.03630298273155416 0.018810679611650484
0 0.7251766091051806 0.24969660194174756 0.05906593406593407 0.038834951456310676
0 0.7845368916797488 0.24484223300970873 0.0521978021978022 0.01820388349514563
0 0.834085557299843 0.24514563106796114 0.0445447409733124 0.03398058252427184
0 0.8778453689167975 0.23285800970873785 0.04415227629513344 0.026395631067961164
0 0.6072409733124019 0.2726031553398058 0.06102825745682889 0.025182038834951456
0 0.6563971742543171 0.28094660194174753 0.03924646781789639 0.02669902912621359
0 0.6940737833594977 0.2726031553398058 0.03453689167974883 0.01911407766990291
0 0.7253728414442701 0.27063106796116504 0.02923861852433281 0.01820388349514563
0 0.7614795918367347 0.26744538834951453 0.03708791208791209 0.0245752427184466
0 0.8016091051805339 0.2765473300970874 0.03532182103610675 0.027609223300970872
0 0.8301609105180534 0.2669902912621359 0.02295918367346939 0.017597087378640776
0 0.8760792778649922 0.26547330097087374 0.06770015698587127 0.030339805825242715
0 0.5865384615384616 0.3087075242718446 0.03610675039246468 0.031249999999999997
0 0.6401098901098902 0.29793689320388345 0.06671899529042387 0.019417475728155338
0 0.8052394034536892 0.29004854368932037 0.05396389324960754 0.020631067961165046
0 0.8590070643642073 0.28534587378640774 0.042189952904238624 0.02032766990291262
0 0.8954081632653061 0.2923240291262136 0.036499215070643645 0.028216019417475726
0 0.6480572998430142 0.3249393203883495 0.028453689167974885 0.018810679611650484
0 0.6957417582417583 0.3282766990291262 0.06102825745682889 0.03155339805825243
0 0.7651098901098902 0.3247876213592233 0.0380690737833595 0.01608009708737864
0 0.8090659340659341 0.3206917475728155 0.047880690737833596 0.0212378640776699
0 0.8703885400313972 0.31432038834951453 0.07711930926216641 0.0279126213592233
0 0.6016483516483517 0.350879854368932 0.04748822605965464 0.022754854368932036
0 0.640894819466248 0.35012135922330095 0.029434850863422294 0.015169902912621358
0 0.6869113029827316 0.3531553398058252 0.02099686028257457 0.016383495145631068
0 0.7290031397174255 0.3566444174757281 0.06043956043956044 0.03246359223300971
0 0.7953296703296704 0.3528519417475728 0.06397174254317112 0.018810679611650484
0 0.8712715855572999 0.3452669902912621 0.08241758241758242 0.023665048543689317
0 0.6005690737833596 0.3839502427184466 0.058673469387755105 0.029429611650485434
0 0.6518838304552591 0.3810679611650485 0.0380690737833595 0.02669902912621359
0 0.7126177394034537 0.38364684466019416 0.08732339089481947 0.03610436893203883
0 0.7853218210361068 0.37666868932038833 0.05612244897959184 0.027002427184466018
0 0.8323194662480378 0.3743932038834951 0.03512558869701727 0.01820388349514563
0 0.8820643642072215 0.36908373786407767 0.06514913657770802 0.027002427184466018
0 0.5940934065934066 0.41489684466019416 0.0445447409733124 0.031249999999999997
0 0.6375588697017269 0.4053398058252427 0.04395604395604396 0.02669902912621359
0 0.6848508634222921 0.4044296116504854 0.04905808477237049 0.019417475728155338
0 0.7267464678178964 0.40397451456310673 0.028846153846153848 0.017900485436893203
0 0.7604984301412874 0.4010922330097087 0.03865777080062795 0.020024271844660192
0 0.8207417582417583 0.39578276699029125 0.08104395604395605 0.019720873786407765
0 0.8844191522762952 0.4024575242718446 0.05023547880690738 0.03307038834951456
0 0.5874215070643642 0.4359830097087378 0.03002354788069074 0.029126213592233007
0 0.7300824175824177 0.42642597087378636 0.0543563579277865 0.018507281553398057
0 0.7888540031397174 0.42961165048543687 0.04277864992150707 0.02973300970873786
0 0.8563579277864992 0.43052184466019416 0.10714285714285715 0.03640776699029126
0 0.5885989010989011 0.45479368932038833 0.021781789638932497 0.026092233009708737
0 0.6199960753532182 0.4613167475728155 0.045329670329670335 0.027609223300970872
0 0.8630298273155417 0.4453883495145631 0.06711145996860284 0.025485436893203883
0 0.6031200941915228 0.48604368932038833 0.05239403453689168 0.03337378640776699
0 0.6513932496075353 0.48103762135922323 0.03944270015698587 0.01608009708737864
0 0.7157574568288855 0.480127427184466 0.03787284144427002 0.02032766990291262
0 0.8544937205651492 0.4784587378640776 0.04493720565149137 0.03337378640776699
0 0.8950156985871273 0.4692050970873786 0.033359497645211934 0.020934466019417473
0 0.6023351648351649 0.5131978155339806 0.06495290423861853 0.03610436893203883
0 0.6713108320251178 0.5142597087378641 0.0706436420722135 0.030339805825242715
0 0.7374411302982732 0.5065230582524272 0.05847723704866562 0.023968446601941744
0 0.8005298273155417 0.4992415048543689 0.06259811616954475 0.0245752427184466
0 0.8505690737833596 0.4942354368932038 0.03630298273155416 0.02245145631067961
0 0.883732339089482 0.49787621359223294 0.028453689167974885 0.02487864077669903
0 0.6138147566718996 0.5385315533980582 0.08398744113029828 0.03094660194174757
0 0.6932888540031398 0.5329186893203883 0.06907378335949765 0.02882281553398058
0 0.7565737833594977 0.5262439320388349 0.025706436420722137 0.012439320388349514
0 0.7900313971742544 0.5210861650485437 0.04081632653061225 0.01729368932038835
0 0.8275117739403454 0.5283677184466019 0.04120879120879121 0.03003640776699029
0 0.8747056514913658 0.5207827669902912 0.04611459968602826 0.02882281553398058
0 0.6249018838304553 0.5585558252427184 0.09988226059654631 0.02669902912621359
0 0.6950549450549451 0.5544599514563107 0.033359497645211934 0.014259708737864077
0 0.731456043956044 0.5532463592233009 0.03473312401883831 0.019720873786407765
0 0.7736459968602826 0.5477851941747572 0.053571428571428575 0.0245752427184466
0 0.8342817896389325 0.5483919902912621 0.0684850863422292 0.029429611650485434
0 0.8850078492935636 0.5461165048543689 0.03924646781789639 0.035800970873786406
0 0.5884026687598116 0.5940533980582524 0.035910518053375196 0.038834951456310676
0 0.6199960753532182 0.5825242718446602 0.026491365777080063 0.014563106796116504
0 0.6462912087912088 0.5807038834951456 0.02413657770800628 0.01395631067961165
0 0.6885792778649922 0.5804004854368932 0.05886970172684459 0.03155339805825243
0 0.7359693877551021 0.5791868932038834 0.032770800627943485 0.015169902912621358
0 0.7710949764521193 0.5750910194174756 0.037480376766091054 0.027609223300970872
0 0.8441915227629514 0.5790351941747572 0.049843014128728415 0.031249999999999997
0 0.8880494505494506 0.5694781553398057 0.03159340659340659 0.016383495145631068
0 0.5952708006279436 0.6166565533980582 0.042189952904238624 0.037924757281553395
0 0.658751962323391 0.6151395631067961 0.07456828885400314 0.03246359223300971
0 0.7190934065934066 0.6001213592233009 0.035518053375196236 0.02245145631067961
0 0.7748233908948196 0.6013349514563107 0.07201726844583987 0.02245145631067961
0 0.8272174254317112 0.6089199029126213 0.03198587127158556 0.03337378640776699
0 0.8768642072213502 0.5958737864077669 0.06534536891679749 0.0212378640776699
0 0.5998822605965464 0.6401699029126213 0.04042386185243328 0.037014563106796114
0 0.6747448979591837 0.6351638349514562 0.11322605965463109 0.02578883495145631
0 0.8051412872841445 0.6368325242718446 0.0620094191522763 0.03337378640776699
0 0.8528257456828886 0.623634708737864 0.02590266875981162 0.0245752427184466
0 0.8905023547880692 0.6230279126213591 0.04748822605965464 0.03246359223300971
0 0.6008634222919937 0.6695995145631067 0.05180533751962324 0.026092233009708737
0 0.6702315541601256 0.6574635922330097 0.08182888540031398 0.0212378640776699
0 0.7515698587127159 0.6623179611650485 0.07103610675039247 0.016383495145631068
0 0.8200549450549451 0.6600424757281553 0.06946624803767662 0.03974514563106796
0 0.8799058084772371 0.6539745145631067 0.05180533751962324 0.01486650485436893
0 0.59850863422292 0.6859830097087378 0.041601255886970175 0.0212378640776699
0 0.644328885400314 0.6915958737864077 0.0500392464678179 0.02882281553398058
0 0.6984890109890111 0.6893203883495145 0.05514128728414443 0.029126213592233007
0 0.743229984301413 0.6850728155339805 0.03630298273155416 0.021844660194174755
0 0.7946428571428572 0.6914441747572815 0.04297488226059655 0.029126213592233007
0 0.8278061224489797 0.6865898058252426 0.03198587127158556 0.0345873786407767
0 0.8728414442700158 0.6779429611650485 0.0565149136577708 0.02882281553398058
0 0.5876177394034537 0.7248179611650485 0.031200941915227633 0.03155339805825243
0 0.652668759811617 0.7160194174757281 0.043171114599686033 0.014563106796116504
0 0.7247841444270016 0.7169296116504854 0.09752747252747253 0.03519417475728155
0 0.7898351648351649 0.7158677184466019 0.033359497645211934 0.02578883495145631
0 0.8277080062794349 0.7067657766990291 0.04199372056514914 0.015473300970873785
0 0.8736263736263736 0.7079793689320387 0.05416012558869702 0.03428398058252427
0 0.606063579277865 0.7404429611650485 0.053571428571428575 0.020934466019417473
0 0.6656200941915228 0.7454490291262136 0.07535321821036108 0.03337378640776699
0 0.7186028257456829 0.7343749999999999 0.026295133437990583 0.02032766990291262
0 0.7624607535321821 0.7354368932038834 0.058673469387755105 0.01820388349514563
0 0.8207417582417583 0.7369538834951456 0.05945839874411303 0.029126213592233007
0 0.8872645211930926 0.7298240291262136 0.03316326530612245 0.033677184466019416
0 0.5961538461538461 0.7657766990291262 0.034929356357927786 0.01699029126213592
0 0.6585557299843015 0.7695691747572815 0.0847723704866562 0.027609223300970872
0 0.7369505494505495 0.7604672330097086 0.0684850863422292 0.018507281553398057
0 0.8002354788069074 0.763501213592233 0.06593406593406594 0.037924757281553395
0 0.8553767660910518 0.7495449029126213 0.04003139717425432 0.02214805825242718
0 0.5949764521193093 0.7988470873786407 0.04827315541601256 0.035800970873786406
0 0.641679748822606 0.7929308252427184 0.04866562009419152 0.029429611650485434
0 0.7207613814756673 0.7821601941747572 0.06828885400313972 0.023058252427184463
0 0.770506279434851 0.7797330097087378 0.027668759811616955 0.023665048543689317
0 0.8436028257456829 0.7794296116504854 0.11852433281004711 0.02245145631067961
0 0.6169544740973313 0.8194781553398057 0.07653061224489796 0.02973300970873786
0 0.6781789638932496 0.8120449029126213 0.052982731554160126 0.02882281553398058
0 0.7388147566718996 0.8126516990291262 0.060832025117739406 0.031856796116504854
0 0.8555729984301413 0.8050667475728155 0.10164835164835165 0.025182038834951456
0 0.6304945054945056 0.8399575242718446 0.1012558869701727 0.034890776699029125
0 0.7134026687598116 0.8398058252427184 0.06299058084772372 0.028519417475728153
0 0.8171114599686029 0.8334344660194174 0.07535321821036108 0.026092233009708737
0 0.8654827315541602 0.8269114077669902 0.023351648351648352 0.01729368932038835
0 0.8926609105180534 0.821753640776699 0.029434850863422294 0.02032766990291262
0 0.590561224489796 0.8589199029126213 0.024529042386185244 0.02487864077669903
0 0.6311813186813188 0.8625606796116504 0.05121664050235479 0.01699029126213592
0 0.6752354788069074 0.8655946601941746 0.03532182103610675 0.028519417475728153
0 0.728806907378336 0.8605885922330097 0.044348508634222926 0.019720873786407765
0 0.8003335949764522 0.8540655339805825 0.09674254317111461 0.021844660194174755
0 0.8612637362637363 0.8514866504854368 0.022762951334379906 0.020934466019417473
0 0.5891875981161696 0.883646844660194 0.02413657770800628 0.022754854368932036
0 0.6196036106750393 0.8865291262135921 0.032378335949764525 0.015169902912621358
0 0.6592425431711146 0.8915351941747572 0.042189952904238624 0.029429611650485434
0 0.7138932496075354 0.8889563106796116 0.062401883830455265 0.027305825242718445
0 0.7674646781789639 0.8813713592233009 0.03924646781789639 0.0212378640776699
0 0.8056318681318682 0.8807645631067961 0.03473312401883831 0.01699029126213592
0 0.8411499215070645 0.8774271844660193 0.03316326530612245 0.019417475728155338
0 0.6020408163265306 0.9158070388349514 0.051412872841444274 0.028216019417475726
0 0.6483516483516484 0.9101941747572815 0.04120879120879121 0.017597087378640776
0 0.6842621664050236 0.914896844660194 0.03610675039246468 0.027609223300970872
0 0.7202708006279436 0.9089805825242717 0.03669544740973313 0.02427184466019417
0 0.7726648351648352 0.907008495145631 0.04611459968602826 0.016686893203883495
0 0.8233908948194663 0.9004854368932038 0.04356357927786499 0.023665048543689317
0 0.5926216640502355 0.933252427184466 0.02786499215070644 0.02427184466019417
0 0.6590463108320251 0.9390169902912621 0.05749607535321821 0.030339805825242715
0 0.7125196232339089 0.9280946601941746 0.05062794348508635 0.016383495145631068
0 0.7761970172684459 0.9315837378640776 0.07319466248037677 0.030643203883495142
0 0.8262362637362638 0.9327973300970873 0.028846153846153848 0.03307038834951456
0 0.8846153846153847 0.9218749999999999 0.04199372056514914 0.02032766990291262
