0 0.2236067503924647 0.09147451456310679 0.1108712715855573 0.045206310679611644
0 0.30808477237048665 0.09541868932038834 0.05102040816326531 0.027609223300970872
0 0.38010204081632654 0.09632888349514562 0.09144427001569859 0.028216019417475726
0 0.45398351648351654 0.09314320388349513 0.05945839874411303 0.026092233009708737
0 0.19839089481946626 0.13349514563106796 0.06475667189952905 0.03337378640776699
0 0.2516679748822606 0.13349514563106796 0.04964678178963894 0.032766990291262135
0 0.29503532182103615 0.12257281553398057 0.02806122448979592 0.02245145631067961
0 0.32594191522762955 0.13364684466019416 0.029827315541601257 0.027609223300970872
0 0.3649921507064364 0.12196601941747572 0.03885400313971743 0.026092233009708737
0 0.40335557299843017 0.12788228155339804 0.025313971742543174 0.022754854368932036
0 0.44966640502354793 0.12545509708737862 0.06377551020408163 0.03731796116504854
0 0.1778846153846154 0.15336771844660194 0.027668759811616955 0.03003640776699029
0 0.21487441130298274 0.15731189320388347 0.041601255886970175 0.02578883495145631
0 0.2724686028257457 0.15928398058252427 0.06377551020408163 0.0424757281553398
0 0.3270211930926217 0.15367111650485435 0.035518053375196236 0.02578883495145631
0 0.37794348508634223 0.15245752427184464 0.0663265306122449 0.028216019417475726
0 0.45624018838304553 0.15458131067961164 0.0663265306122449 0.033677184466019416
0 0.1824960753532182 0.19189927184466019 0.04827315541601256 0.037924757281553395
0 0.22498037676609106 0.1876516990291262 0.030416012558869703 0.02882281553398058
0 0.26491365777080067 0.18901699029126212 0.039638932496075356 0.02487864077669903
0 0.3071036106750393 0.20160800970873785 0.054552590266875985 0.0391383495145631
0 0.37244897959183676 0.18598300970873785 0.07339089481946626 0.029126213592233007
0 0.4441718995290424 0.18492111650485435 0.06809262166405024 0.037924757281553395
0 0.2039835164835165 0.22770024271844658 0.07280219780219781 0.04338592233009708
0 0.27060439560439564 0.2346783980582524 0.05690737833594977 0.031249999999999997
0 0.3218210361067504 0.22603155339805822 0.04277864992150707 0.030339805825242715
0 0.36116562009419156 0.21920509708737862 0.03394819466248038 0.02578883495145631
0 0.39540816326530615 0.22421116504854366 0.03296703296703297 0.0212378640776699
0 0.1810243328100471 0.2524271844660194 0.028453689167974885 0.026092233009708737
0 0.2528453689167975 0.261377427184466 0.11322605965463109 0.0391383495145631
0 0.3273155416012559 0.25606796116504854 0.03100470957613815 0.01699029126213592
0 0.36450156985871274 0.26425970873786403 0.04179748822605966 0.035800970873786406
0 0.4350470957613815 0.25743325242718446 0.09811616954474098 0.04338592233009708
0 0.18494897959183673 0.2908070388349514 0.040620094191522765 0.01729368932038835
0 0.23165227629513346 0.28443567961165045 0.03787284144427002 0.02578883495145631
0 0.30779042386185246 0.28413228155339804 0.05592621664050236 0.021541262135922327
0 0.36979984301412877 0.28322208737864074 0.058673469387755105 0.02032766990291262
0 0.44299450549450553 0.28504247572815533 0.08339874411302983 0.040958737864077666
0 0.19436813186813187 0.32129854368932037 0.06102825745682889 0.029126213592233007
0 0.2676609105180534 0.31811286407766987 0.07378335949764521 0.026395631067961164
0 0.3705847723704867 0.31735436893203883 0.07711930926216641 0.02669902912621359
0 0.44260204081632654 0.3184162621359223 0.05945839874411303 0.034890776699029125
0 0.20368916797488226 0.36559466019417475 0.0859497645211931 0.03640776699029126
0 0.2897370486656201 0.355127427184466 0.0794740973312402 0.025182038834951456
0 0.3550824175824176 0.3543689320388349 0.035518053375196236 0.02487864077669903
0 0.40021585557299844 0.35254854368932037 0.04140502354788069 0.019417475728155338
0 0.4546703296703297 0.35133495145631066 0.06397174254317112 0.03398058252427184
0 0.1908359497645212 0.3897148058252427 0.04650706436420722 0.02578883495145631
0 0.26324568288854006 0.39229368932038833 0.03826530612244898 0.03094660194174757
0 0.3148547880690738 0.3853155339805825 0.06102825745682889 0.027305825242718445
0 0.36577708006279436 0.3841019417475728 0.04003139717425432 0.0212378640776699
0 0.4118916797488226 0.3833434466019417 0.049843014128728415 0.034890776699029125
0 0.2001569858712716 0.4323422330097087 0.08006279434850865 0.04186893203883495
0 0.27217425431711145 0.42415048543689315 0.05572998430141288 0.019417475728155338
0 0.3390894819466248 0.42445388349514557 0.07574568288854004 0.01820388349514563
0 0.3978610675039247 0.42202669902912615 0.03983516483516484 0.02973300970873786
0 0.46222527472527475 0.41504854368932037 0.02688383045525903 0.02973300970873786
0 0.17729591836734696 0.45479368932038833 0.0260989010989011 0.029126213592233007
0 0.2343995290423862 0.46192354368932037 0.03316326530612245 0.02214805825242718
0 0.29199372056514916 0.45570388349514557 0.07299843014128729 0.02427184466019417
0 0.3462519623233909 0.4500910194174757 0.029631083202511777 0.02032766990291262
0 0.3898155416012559 0.45449029126213586 0.05710361067503925 0.038834951456310676
0 0.44691915227629514 0.44205097087378636 0.0543563579277865 0.028519417475728153
0 0.24224882260596547 0.4937803398058252 0.05592621664050236 0.02032766990291262
0 0.29680141287284145 0.48725728155339804 0.04611459968602826 0.032766990291262135
0 0.33653846153846156 0.489381067961165 0.03296703296703297 0.0279126213592233
0 0.3712715855572999 0.48467839805825236 0.026295133437990583 0.026395631067961164
0 0.40237441130298274 0.48422330097087374 0.03394819466248038 0.0279126213592233
0 0.4546703296703297 0.4802791262135922 0.059654631083202514 0.02669902912621359
0 0.18357535321821036 0.5339805825242718 0.055533751962323394 0.03398058252427184
0 0.2573587127158556 0.5229065533980582 0.08653846153846155 0.025182038834951456
0 0.33555729984301413 0.5304915048543689 0.06828885400313972 0.04035194174757281
0 0.3955062794348509 0.5175970873786407 0.04101255886970173 0.030339805825242715
0 0.4364207221350079 0.5200242718446602 0.036499215070643645 0.02245145631067961
0 0.47341051805337525 0.5151699029126213 0.03826530612244898 0.023058252427184463
0 0.19888147566718997 0.5629550970873786 0.06927001569858714 0.02032766990291262
0 0.2667778649921507 0.5728155339805825 0.07280219780219781 0.03216019417475728
0 0.3263343799058085 0.5564320388349514 0.044348508634222926 0.027305825242718445
0 0.39060047095761385 0.5523361650485437 0.07633437990580848 0.031249999999999997
0 0.46045918367346944 0.5517293689320388 0.056711145996860286 0.02214805825242718
0 0.21399136577708008 0.5975424757281553 0.05239403453689168 0.021541262135922327
0 0.2659929356357928 0.5989077669902912 0.04336734693877551 0.01699029126213592
0 0.3177001569858713 0.6031553398058251 0.059654631083202514 0.032766990291262135
0 0.3901098901098901 0.5960254854368932 0.05180533751962324 0.030643203883495142
0 0.4549646781789639 0.5834344660194174 0.06730769230769232 0.02973300970873786
0 0.18848116169544743 0.6284890776699028 0.04925431711145997 0.030643203883495142
0 0.24313186813186816 0.6327366504854368 0.0521978021978022 0.03307038834951456
0 0.3060243328100471 0.6254550970873786 0.03826530612244898 0.027002427184466018
0 0.34114992150706436 0.6381978155339805 0.03787284144427002 0.037924757281553395
0 0.37941522762951335 0.6356189320388349 0.03983516483516484 0.03337378640776699
0 0.4164050235478807 0.6206007281553397 0.038461538461538464 0.02032766990291262
0 0.19976452119309263 0.6735436893203883 0.07417582417582418 0.040048543689320384
0 0.2624607535321821 0.6680825242718446 0.05945839874411303 0.04368932038834951
0 0.32172291993720564 0.6608009708737863 0.05514128728414443 0.020631067961165046
0 0.3755886970172685 0.6627730582524272 0.04709576138147567 0.034890776699029125
0 0.4497645211930926 0.6472997572815533 0.06985871271585557 0.02214805825242718
0 0.19996075353218212 0.6944781553398057 0.07574568288854004 0.029126213592233007
0 0.26874018838304553 0.6975121359223301 0.05514128728414443 0.020024271844660192
0 0.32103610675039246 0.7032766990291262 0.062401883830455265 0.035800970873786406
0 0.3933477237048666 0.6972087378640776 0.05121664050235479 0.04065533980582524
0 0.4592817896389325 0.6843143203883495 0.07083987441130299 0.023968446601941744
0 0.195839874411303 0.7272451456310679 0.06750392464678179 0.03337378640776699
0 0.24313186813186816 0.7412014563106796 0.03610675039246468 0.02973300970873786
0 0.2911106750392465 0.7348300970873786 0.05788854003139718 0.029126213592233007
0 0.34173861852433285 0.7233009708737863 0.03316326530612245 0.0212378640776699
0 0.3936420722135008 0.7275485436893203 0.059262166405023554 0.03822815533980582
0 0.4563383045525903 0.7151092233009708 0.06063579277864992 0.027305825242718445
0 0.20270800627943486 0.7636529126213591 0.08006279434850865 0.02245145631067961
0 0.26589481946624804 0.7583434466019416 0.041601255886970175 0.02578883495145631
0 0.3294740973312402 0.7674453883495145 0.08359497645211932 0.04277912621359223
0 0.4372056514913658 0.7510618932038834 0.12127158555729985 0.026395631067961164
0 0.2025117739403454 0.7968749999999999 0.09693877551020409 0.03974514563106796
0 0.30798665620094196 0.7979368932038834 0.0912480376766091 0.037014563106796114
0 0.37146781789638933 0.7964199029126213 0.03453689167974883 0.0279126213592233
0 0.4145408163265306 0.7897451456310679 0.04964678178963894 0.0345873786407767
0 0.4649725274725275 0.779884708737864 0.04925431711145997 0.0245752427184466
0 0.1951530612244898 0.821753640776699 0.06456043956043957 0.02578883495145631
0 0.2581436420722135 0.8273665048543689 0.050431711145996864 0.03216019417475728
0 0.30092229199372056 0.8347997572815533 0.0402276295133438 0.03610436893203883
0 0.3610675039246468 0.8253944174757281 0.08084772370486656 0.03003640776699029
0 0.4359301412872842 0.8220570388349514 0.06299058084772372 0.033677184466019416
0 0.17513736263736265 0.8586165048543689 0.0260989010989011 0.023665048543689317
0 0.2298861852433281 0.8572512135922329 0.07083987441130299 0.021541262135922327
0 0.29434850863422296 0.8668082524271844 0.04905808477237049 0.03337378640776699
0 0.3418367346938776 0.8652912621359222 0.04513343799058085 0.029126213592233007
0 0.3888343799058085 0.8546723300970873 0.045329670329670335 0.03155339805825243
0 0.45574960753532184 0.8451152912621358 0.07005494505494506 0.017900485436893203
0 0.20211930926216642 0.8932038834951456 0.07692307692307693 0.0212378640776699
0 0.25529827315541603 0.9010922330097086 0.03885400313971743 0.03337378640776699
0 0.31014521193092626 0.8948725728155339 0.06730769230769232 0.03307038834951456
0 0.3851059654631083 0.8894114077669902 0.07986656200941916 0.0391383495145631
0 0.45555337519623235 0.8771237864077669 0.05906593406593407 0.027305825242718445
0 0.19309262166405025 0.9376516990291262 0.0706436420722135 0.03671116504854369
0 0.25490580847723704 0.9236953883495145 0.04709576138147567 0.03003640776699029
0 0.29895996860282575 0.9224817961165048 0.035910518053375196 0.03549757281553398
0 0.3620486656200942 0.9259708737864076 0.06436420722135008 0.01820388349514563
0 0.4182692307692308 0.9145934466019416 0.04101255886970173 0.027002427184466018
0 0.46094976452119313 0.9108009708737863 0.04042386185243328 0.029126213592233007
0 0.619309262166405 0.09329490291262135 0.08437990580847725 0.03428398058252427
0 0.6843602825745684 0.0983009708737864 0.045722135007849295 0.029126213592233007
0 0.7421507064364208 0.08995752427184465 0.06554160125588697 0.022754854368932036
0 0.8395800627943486 0.09648058252427183 0.055533751962323394 0.03094660194174757
0 0.5926216640502355 0.11893203883495145 0.03571428571428572 0.029126213592233007
0 0.6566915227629514 0.1328883495145631 0.08536106750392465 0.043082524271844655
0 0.7195839874411304 0.12712378640776698 0.03728414442700157 0.028519417475728153
0 0.7793367346938775 0.1297026699029126 0.0826138147566719 0.04338592233009708
0 0.8660714285714286 0.11544296116504853 0.060243328100470964 0.03003640776699029
0 0.5959576138147568 0.15458131067961164 0.0380690737833595 0.021541262135922327
0 0.6397174254317112 0.16368325242718446 0.05062794348508635 0.03307038834951456
0 0.6894623233908949 0.152002427184466 0.03983516483516484 0.0279126213592233
0 0.7261577708006279 0.1518507281553398 0.031200941915227633 0.0245752427184466
0 0.7679552590266876 0.14912014563106796 0.040620094191522765 0.02882281553398058
0 0.8097527472527473 0.15731189320388347 0.05396389324960754 0.03731796116504854
0 0.8566522762951335 0.14244538834951456 0.031200941915227633 0.017900485436893203
0 0.8854003139717426 0.1518507281553398 0.04003139717425432 0.03428398058252427
0 0.617445054945055 0.19827063106796114 0.08928571428571429 0.04035194174757281
0 0.6815149136577708 0.1797633495145631 0.022762951334379906 0.028216019417475726
0 0.7109497645211932 0.18294902912621358 0.031789638932496075 0.028519417475728153
0 0.77276295133438 0.18461771844660194 0.08398744113029828 0.031856796116504854
0 0.8684262166405025 0.1720266990291262 0.0641679748822606 0.020024271844660192
0 0.6137166405023549 0.2246662621359223 0.06730769230769232 0.017900485436893203
0 0.6861263736263736 0.21359223300970873 0.06770015698587127 0.028519417475728153
0 0.752649136577708 0.21298543689320387 0.05474882260596547 0.025485436893203883
0 0.8167189952904239 0.21192354368932037 0.06985871271585557 0.040958737864077666
0 0.8922684458398744 0.1944781553398058 0.04003139717425432 0.02487864077669903
0 0.6302001569858713 0.25515776699029125 0.045329670329670335 0.038834951456310676
0 0.6687598116169545 0.2481796116504854 0.031789638932496075 0.020631067961165046
0 0.7202708006279436 0.24347694174757278 0.06730769230769232 0.02578883495145631
0 0.7892464678178964 0.24438713592233008 0.06161695447409733 0.031249999999999997
0 0.8415423861852434 0.2313410194174757 0.03394819466248038 0.02578883495145631
0 0.878041601255887 0.2299757281553398 0.04297488226059655 0.02669902912621359
0 0.5961538461538461 0.28398058252427183 0.031789638932496075 0.0279126213592233
0 0.6302001569858713 0.2818567961165048 0.024529042386185244 0.03155339805825243
0 0.6603218210361068 0.28352548543689315 0.031789638932496075 0.02882281553398058
0 0.6989795918367347 0.2795813106796116 0.03453689167974883 0.022754854368932036
0 0.7381279434850864 0.2880764563106796 0.048861852433281006 0.03610436893203883
0 0.7997448979591837 0.2692657766990291 0.06102825745682889 0.03246359223300971
0 0.881475667189953 0.2621359223300971 0.05690737833594977 0.02245145631067961
0 0.5959576138147568 0.31750606796116504 0.031397174254317116 0.030643203883495142
0 0.6241169544740973 0.31447208737864074 0.02413657770800628 0.027609223300970872
0 0.6907378335949765 0.3240291262135922 0.02708006279434851 0.032766990291262135
0 0.7627551020408164 0.31902305825242716 0.07535321821036108 0.03671116504854369
0 0.8551805337519623 0.3050667475728155 0.11616954474097332 0.045206310679611644
0 0.6198979591836735 0.3505764563106796 0.0804552590266876 0.03731796116504854
0 0.7154631083202512 0.34890776699029125 0.10400313971742543 0.04550970873786407
0 0.8041601255886971 0.3451152912621359 0.0423861852433281 0.04156553398058252
0 0.8512558869701727 0.33146237864077666 0.04866562009419152 0.03428398058252427
0 0.6085164835164836 0.39229368932038833 0.05690737833594977 0.04065533980582524
0 0.6559065934065934 0.3888046116504854 0.030808477237048666 0.017900485436893203
0 0.728806907378336 0.3888046116504854 0.11067503924646782 0.037924757281553395
0 0.8220172684458399 0.37879247572815533 0.07574568288854004 0.050060679611650484
0 0.8871664050235479 0.3578580097087378 0.051412872841444274 0.033677184466019416
0 0.6067503924646782 0.4191444174757281 0.060832025117739406 0.02882281553398058
0 0.6883830455259027 0.4211165048543689 0.044740973312401885 0.02669902912621359
0 0.7731554160125589 0.42263349514563103 0.12009419152276296 0.032766990291262135
0 0.8759811616954475 0.40594660194174753 0.08437990580847725 0.04368932038834951
0 0.614403453689168 0.4658677184466019 0.060832025117739406 0.03246359223300971
0 0.6933869701726845 0.464502427184466 0.0912480376766091 0.035800970873786406
0 0.7625588697017269 0.46738470873786403 0.046703296703296704 0.03974514563106796
0 0.8297684458398744 0.446753640776699 0.07908163265306123 0.02336165048543689
0 0.8934458398744114 0.43886529126213586 0.049450549450549455 0.027609223300970872
0 0.6059654631083203 0.4949939320388349 0.046310832025117744 0.02578883495145631
0 0.6619897959183674 0.5013652912621359 0.050431711145996864 0.03549757281553398
0 0.7199764521193093 0.5012135922330097 0.06004709576138148 0.03337378640776699
0 0.7848312401883831 0.4848300970873786 0.048861852433281006 0.026092233009708737
0 0.8607731554160126 0.48801577669902907 0.11008634222919939 0.04641990291262135
0 0.6569858712715856 0.5338288834951456 0.09693877551020409 0.03610436893203883
0 0.7664835164835165 0.5315533980582524 0.08634222919937207 0.03944174757281553
0 0.8656789638932496 0.5186589805825242 0.1108712715855573 0.03610436893203883
0 0.6027276295133438 0.5690230582524272 0.032378335949764525 0.0245752427184466
0 0.6519819466248038 0.5716019417475727 0.06809262166405024 0.03822815533980582
0 0.7547095761381476 0.561134708737864 0.08673469387755102 0.027609223300970872
0 0.8341836734693878 0.5631067961165048 0.06514913657770802 0.0424757281553398
0 0.8904042386185244 0.5435376213592232 0.03826530612244898 0.027609223300970872
0 0.6111656200941915 0.6014866504854368 0.052001569858712716 0.028216019417475726
0 0.6855376766091053 0.6011832524271844 0.08300627943485087 0.04277912621359223
0 0.7433281004709577 0.598756067961165 0.02590266875981162 0.025182038834951456
0 0.7993524332810048 0.6040655339805825 0.08732339089481947 0.043082524271844655
0 0.8768642072213502 0.5893507281553397 0.06770015698587127 0.05552184466019417
0 0.6083202511773941 0.6460861650485437 0.049450549450549455 0.03974514563106796
0 0.6762166405023549 0.6339502427184466 0.0804552590266876 0.027002427184466018
0 0.7431318681318682 0.6350121359223301 0.04395604395604396 0.021844660194174755
0 0.7810047095761382 0.6289441747572815 0.03885400313971743 0.023665048543689317
0 0.8370290423861853 0.6301577669902912 0.07397959183673469 0.0424757281553398
0 0.8963893249607536 0.6121055825242718 0.0380690737833595 0.028216019417475726
0 0.619309262166405 0.6770327669902912 0.07103610675039247 0.0458131067961165
0 0.7240973312401884 0.6783980582524272 0.044740973312401885 0.03398058252427184
0 0.8390894819466248 0.6594356796116504 0.049450549450549455 0.029429611650485434
0 0.8930533751962324 0.6562499999999999 0.05337519623233909 0.029126213592233007
0 0.6216640502354789 0.7155643203883495 0.06907378335949765 0.03549757281553398
0 0.6938775510204082 0.6975121359223301 0.05062794348508635 0.026092233009708737
0 0.7600078492935636 0.6970570388349514 0.06357927786499215 0.02032766990291262
0 0.8207417582417583 0.6994842233009708 0.05828100470957614 0.03610436893203883
0 0.8663657770800628 0.6841626213592232 0.02904238618524333 0.020631067961165046
0 0.9015894819466248 0.6826456310679611 0.0402276295133438 0.018810679611650484
0 0.6245094191522763 0.7463592233009708 0.07751177394034538 0.043082524271844655
0 0.6927001569858713 0.7378640776699028 0.049450549450549455 0.0212378640776699
0 0.7408751962323391 0.7433252427184466 0.0445447409733124 0.037014563106796114
0 0.8093602825745684 0.7234526699029126 0.092425431711146 0.033677184466019416
0 0.8838304552590267 0.7164745145631067 0.05494505494505495 0.045206310679611644
0 0.644721350078493 0.7854975728155339 0.10930141287284145 0.04126213592233009
0 0.7393053375196232 0.7783677184466019 0.07790423861852434 0.04763349514563106
0 0.8160321821036107 0.7587985436893203 0.06613029827315542 0.0212378640776699
0 0.8875588697017269 0.7559162621359222 0.07103610675039247 0.03974514563106796
0 0.6402080062794349 0.8091626213592232 0.09556514913657771 0.03337378640776699
0 0.7097723704866562 0.8129550970873786 0.05180533751962324 0.051881067961165046
0 0.7965070643642073 0.7958131067961164 0.12244897959183675 0.03216019417475728
0 0.6085164835164836 0.8539138349514562 0.04513343799058085 0.03974514563106796
0 0.6615973312401884 0.8461771844660193 0.05710361067503925 0.0345873786407767
0 0.73675431711146 0.8314623786407767 0.0912480376766091 0.03671116504854369
0 0.6175431711145998 0.8804611650485437 0.05102040816326531 0.03944174757281553
0 0.6652276295133438 0.8883495145631067 0.04277864992150707 0.035800970873786406
0 0.7062401883830456 0.8739381067961164 0.04003139717425432 0.027002427184466018
0 0.743229984301413 0.8807645631067961 0.042189952904238624 0.0345873786407767
0 0.8003335949764522 0.8639259708737863 0.06809262166405024 0.031856796116504854
0 0.6490384615384616 0.9132281553398057 0.05749607535321821 0.03398058252427184
0 0.6957417582417583 0.9036711165048543 0.03512558869701727 0.028216019417475726
0 0.7300824175824177 0.9038228155339805 0.03512558869701727 0.03155339805825243
0 0.7847331240188383 0.8971480582524272 0.029434850863422294 0.028519417475728153
0 0.8146585557299844 0.8944174757281552 0.02923861852433281 0.026092233009708737
0 0.6346153846153847 0.9500910194174756 0.0902668759811617 0.03671116504854369
0 0.7119309262166406 0.9472087378640776 0.06514913657770802 0.03944174757281553
