0 0.17866954474097332 0.08813713592233009 0.009615384615384616 0.017900485436893203
0 0.19093406593406595 0.09981796116504854 0.03610675039246468 0.0345873786407767
0 0.23037676609105182 0.08783373786407767 0.04003139717425432 0.0245752427184466
0 0.26785714285714285 0.08889563106796115 0.02590266875981162 0.016383495145631068
0 0.29827315541601257 0.09359830097087378 0.04866562009419152 0.04459951456310679
0 0.3423273155416013 0.09905946601941747 0.052001569858712716 0.037924757281553395
0 0.3991365777080063 0.09921116504854369 0.07653061224489796 0.0345873786407767
0 0.4407378335949765 0.10224514563106796 0.017268445839874413 0.027305825242718445
0 0.459478021978022 0.09708737864077668 0.021781789638932497 0.023665048543689317
0 0.4817503924646782 0.09344660194174756 0.02197802197802198 0.023058252427184463
0 0.18779434850863425 0.12105582524271843 0.027472527472527476 0.01820388349514563
0 0.23273155416012561 0.12879247572815533 0.0565149136577708 0.03671116504854369
0 0.26952511773940346 0.122876213592233 0.01707221350078493 0.020631067961165046
0 0.2925824175824176 0.12257281553398057 0.02786499215070644 0.03337378640776699
0 0.3284929356357928 0.13212985436893201 0.06946624803767662 0.04035194174757281
0 0.400019623233909 0.12469660194174756 0.06573783359497645 0.040048543689320384
0 0.46369701726844587 0.12469660194174756 0.05376766091051806 0.02973300970873786
0 0.2056514913657771 0.15230582524271843 0.06750392464678179 0.0212378640776699
0 0.26844583987441134 0.15382281553398056 0.05376766091051806 0.026092233009708737
0 0.3271193092621664 0.16246966019417475 0.05023547880690738 0.033677184466019416
0 0.3675431711145997 0.15488470873786406 0.023155416012558872 0.02032766990291262
0 0.4067896389324961 0.1518507281553398 0.054552590266875985 0.027609223300970872
0 0.4489795918367347 0.15503640776699026 0.02904238618524333 0.0212378640776699
0 0.473116169544741 0.16246966019417475 0.02590266875981162 0.028216019417475726
0 0.19790031397174254 0.17900485436893201 0.05160910518053376 0.02973300970873786
0 0.2600078492935636 0.19038228155339804 0.08437990580847725 0.040958737864077666
0 0.35468995290423866 0.19493325242718446 0.08967817896389325 0.037924757281553395
0 0.4044348508634223 0.19083737864077668 0.011381475667189953 0.016383495145631068
0 0.41140109890109894 0.2011529126213592 0.021389324960753534 0.032766990291262135
0 0.45830062794348514 0.19250606796116504 0.07240973312401884 0.02882281553398058
0 0.17866954474097332 0.20722087378640774 0.023351648351648352 0.035800970873786406
0 0.2023155416012559 0.2223907766990291 0.02590266875981162 0.038834951456310676
0 0.2332221350078493 0.21586771844660194 0.02806122448979592 0.021541262135922327
0 0.25873233908948196 0.21359223300970873 0.0260989010989011 0.028519417475728153
0 0.2927786499215071 0.22709344660194172 0.06671899529042387 0.040958737864077666
0 0.35998822605965464 0.22709344660194172 0.06102825745682889 0.04035194174757281
0 0.41218602825745687 0.2336165048543689 0.05474882260596547 0.038834951456310676
0 0.45094191522762955 0.2314927184466019 0.041601255886970175 0.0345873786407767
0 0.4811616954474098 0.22208737864077668 0.01883830455259027 0.020024271844660192
0 0.18602825745682888 0.24362864077669902 0.03100470957613815 0.03216019417475728
0 0.22802197802197804 0.2524271844660194 0.06946624803767662 0.03762135922330097
0 0.2952315541601256 0.25515776699029125 0.061813186813186816 0.050970873786407765
0 0.34850863422291994 0.2630461165048543 0.052982731554160126 0.03944174757281553
0 0.418563579277865 0.25652305825242716 0.08555729984301413 0.03003640776699029
0 0.4768445839874412 0.25273058252427183 0.031789638932496075 0.028519417475728153
0 0.18740188383045528 0.28731796116504854 0.05847723704866562 0.03640776699029126
0 0.23920722135007852 0.288379854368932 0.05180533751962324 0.03428398058252427
0 0.28649921507064363 0.28398058252427183 0.04552590266875981 0.027305825242718445
0 0.31514913657770804 0.2953580097087378 0.019230769230769232 0.031856796116504854
0 0.3442896389324961 0.28671116504854366 0.03944270015698587 0.018810679611650484
0 0.39393642072213503 0.2936893203883495 0.08339874411302983 0.04065533980582524
0 0.4614403453689168 0.288379854368932 0.05592621664050236 0.029429611650485434
0 0.18848116169544743 0.3074939320388349 0.030808477237048666 0.028216019417475726
0 0.21693485086342232 0.308252427184466 0.03002354788069074 0.02669902912621359
0 0.2511773940345369 0.31462378640776695 0.029827315541601257 0.02245145631067961
0 0.2925824175824176 0.3266080097087378 0.05337519623233909 0.033677184466019416
0 0.3337912087912088 0.32933859223300965 0.03571428571428572 0.042172330097087374
0 0.38069073783359497 0.3205400485436893 0.05533751962323391 0.03307038834951456
0 0.421605180533752 0.31629247572815533 0.02688383045525903 0.02336165048543689
0 0.46242150706436425 0.31917475728155337 0.05514128728414443 0.03155339805825243
0 0.1867150706436421 0.34481189320388345 0.034340659340659344 0.037924757281553395
0 0.21016483516483517 0.3557342233009708 0.02001569858712716 0.03731796116504854
0 0.2648155416012559 0.3552791262135922 0.10184458398744113 0.03944174757281553
0 0.3405612244897959 0.3537621359223301 0.047291993720565154 0.0279126213592233
0 0.39256279434850866 0.35907160194174753 0.07201726844583987 0.037924757281553395
0 0.4589874411302983 0.35133495145631066 0.05494505494505495 0.021844660194174755
0 0.18799058084772372 0.37848907766990286 0.031789638932496075 0.02214805825242718
0 0.22380298273155416 0.3834951456310679 0.039050235478806906 0.0212378640776699
0 0.2603021978021978 0.39153519417475724 0.04807692307692308 0.04035194174757281
0 0.3028846153846154 0.39502427184466016 0.0500392464678179 0.03944174757281553
0 0.3645996860282575 0.39062499999999994 0.07142857142857144 0.02214805825242718
0 0.42366562009419156 0.39456917475728154 0.05886970172684459 0.0391383495145631
0 0.47341051805337525 0.3851638349514563 0.03669544740973313 0.03003640776699029
0 0.20535714285714288 0.41186286407766987 0.07240973312401884 0.03428398058252427
0 0.24980376766091053 0.42460558252427183 0.014913657770800628 0.03003640776699029
0 0.28669544740973313 0.41959951456310673 0.060832025117739406 0.02973300970873786
0 0.3431122448979592 0.41959951456310673 0.050431711145996864 0.0279126213592233
0 0.3807888540031397 0.4337075242718446 0.045722135007849295 0.03671116504854369
0 0.4389717425431711 0.42854975728155337 0.09615384615384616 0.03974514563106796
0 0.18838304552590268 0.44189927184466016 0.023940345368916798 0.020934466019417473
0 0.22321428571428573 0.45206310679611644 0.06338304552590267 0.03944174757281553
0 0.26069466248037676 0.4629854368932038 0.01903453689167975 0.040048543689320384
0 0.2964089481946625 0.45433859223300965 0.05514128728414443 0.03549757281553398
0 0.3392857142857143 0.4497876213592233 0.029434850863422294 0.026395631067961164
0 0.3775510204081633 0.45494538834951453 0.03532182103610675 0.016686893203883495
0 0.416306907378336 0.45600728155339804 0.04689952904238619 0.03762135922330097
0 0.4646781789638933 0.45388349514563103 0.05416012558869702 0.03337378640776699
0 0.19927394034536894 0.48422330097087374 0.05828100470957614 0.03337378640776699
0 0.242052590266876 0.4766383495145631 0.009222919937205651 0.014563106796116504
0 0.2708006279434851 0.48543689320388345 0.06436420722135008 0.032766990291262135
0 0.320447409733124 0.480885922330097 0.033751962323390894 0.023665048543689317
0 0.3545918367346939 0.48331310679611644 0.036499215070643645 0.03519417475728155
0 0.40335557299843017 0.48103762135922323 0.05828100470957614 0.020934466019417473
0 0.46418759811616955 0.48103762135922323 0.05514128728414443 0.0245752427184466
0 0.2028061224489796 0.5118325242718447 0.04964678178963894 0.027305825242718445
0 0.2427394034536892 0.5144114077669902 0.0282574568288854 0.021541262135922327
0 0.2614795918367347 0.5209344660194174 0.01707221350078493 0.028519417475728153
0 0.29719387755102045 0.5186589805825242 0.056711145996860286 0.03307038834951456
0 0.33124018838304553 0.5218446601941747 0.014913657770800628 0.02973300970873786
0 0.358712715855573 0.513501213592233 0.038461538461538464 0.01911407766990291
0 0.410616169544741 0.5130461165048543 0.07123233908948196 0.03398058252427184
0 0.4508437990580848 0.5159283980582524 0.014324960753532182 0.028216019417475726
0 0.4723312401883831 0.5107706310679612 0.02433281004709576 0.03246359223300971
0 0.20722135007849296 0.5409587378640777 0.05729984301412873 0.03155339805825243
0 0.2550039246467818 0.5438410194174756 0.026491365777080063 0.013652912621359222
0 0.2906200941915228 0.5485436893203883 0.051412872841444274 0.038834951456310676
0 0.33614599686028257 0.5474817961165048 0.04748822605965464 0.03974514563106796
0 0.40100078492935637 0.5473300970873786 0.10537676609105182 0.04429611650485436
0 0.47301805337519626 0.5350424757281553 0.03669544740973313 0.02882281553398058
0 0.22429356357927788 0.5819174757281553 0.10047095761381476 0.029126213592233007
0 0.3328100470957614 0.5841929611650485 0.11813186813186814 0.03853155339805825
0 0.4058084772370487 0.5699332524271844 0.023155416012558872 0.02214805825242718
0 0.4324960753532182 0.5658373786407767 0.030612244897959186 0.02669902912621359
0 0.46458006279434855 0.5734223300970873 0.04611459968602826 0.03337378640776699
0 0.18828492935635793 0.6081614077669902 0.019427001569858715 0.016686893203883495
0 0.21202904238618525 0.6046723300970873 0.021389324960753534 0.023058252427184463
0 0.24725274725274726 0.6074029126213591 0.04866562009419152 0.0212378640776699
0 0.2902276295133438 0.612257281553398 0.04591836734693878 0.04490291262135922
0 0.34536891679748827 0.6064927184466019 0.06475667189952905 0.026092233009708737
0 0.39992150706436425 0.6055825242718446 0.03453689167974883 0.023665048543689317
0 0.45624018838304553 0.6060376213592232 0.07496075353218211 0.03428398058252427
0 0.23704866562009422 0.6394114077669902 0.11813186813186814 0.031856796116504854
0 0.3326138147566719 0.6395631067961165 0.06475667189952905 0.03519417475728155
0 0.4151295133437991 0.6347087378640777 0.09478021978021979 0.0345873786407767
0 0.4764521193092622 0.6348604368932038 0.029827315541601257 0.03731796116504854
0 0.1991758241758242 0.6677791262135921 0.041601255886970175 0.02973300970873786
0 0.25294348508634223 0.6667172330097086 0.05612244897959184 0.028216019417475726
0 0.3351648351648352 0.6695995145631067 0.10321821036106751 0.030339805825242715
0 0.4141483516483517 0.6598907766990291 0.045722135007849295 0.02487864077669903
0 0.4407378335949765 0.6688410194174756 0.0141287284144427 0.02578883495145631
0 0.4677197802197802 0.6638349514563107 0.03669544740973313 0.019417475728155338
0 0.43229984301412877 0.723756067961165 0.0003924646781789639 0.00030339805825242716
0 0.20633830455259028 0.6990291262135921 0.05710361067503925 0.026092233009708737
0 0.2674646781789639 0.6991808252427184 0.062401883830455265 0.03307038834951456
0 0.334478021978022 0.703883495145631 0.07633437990580848 0.038834951456310676
0 0.4010989010989011 0.6993325242718446 0.062401883830455265 0.03944174757281553
0 0.46173469387755106 0.6879550970873786 0.05416012558869702 0.02882281553398058
0 0.19476059654631084 0.7296723300970873 0.02806122448979592 0.021844660194174755
0 0.21683673469387757 0.7360436893203883 0.014913657770800628 0.03094660194174757
0 0.24352433281004712 0.7304308252427184 0.03532182103610675 0.0245752427184466
0 0.3024921507064364 0.7327063106796116 0.07437205651491366 0.029126213592233007
0 0.34674254317111464 0.7430218446601942 0.01883830455259027 0.03398058252427184
0 0.3983516483516484 0.7384708737864077 0.08516483516483517 0.04126213592233009
0 0.4628139717425432 0.7193567961165048 0.043759811616954476 0.035800970873786406
0 0.20241365777080064 0.763501213592233 0.04101255886970173 0.031249999999999997
0 0.27884615384615385 0.7697208737864077 0.11263736263736264 0.04186893203883495
0 0.3906985871271586 0.7686589805825242 0.10753532182103612 0.050060679611650484
0 0.46693485086342235 0.7518203883495145 0.045722135007849295 0.03094660194174757
0 0.182201726844584 0.8041565533980581 0.018249607535321823 0.033677184466019416
0 0.2277276295133438 0.8053701456310679 0.07319466248037677 0.04763349514563106
0 0.27021193092621665 0.804004854368932 0.015306122448979593 0.03155339805825243
0 0.29788069073783363 0.7945995145631067 0.03414442700156986 0.023665048543689317
0 0.3356554160125589 0.8058252427184466 0.06220565149136578 0.03519417475728155
0 0.4030612244897959 0.7958131067961164 0.07142857142857144 0.0424757281553398
0 0.44063971742543173 0.7932342233009708 0.015894819466248038 0.026395631067961164
0 0.46919152276295134 0.7850424757281552 0.03885400313971743 0.01911407766990291
0 0.2119309262166405 0.8323725728155339 0.06357927786499215 0.026395631067961164
0 0.2981750392464678 0.8322208737864077 0.10930141287284145 0.038834951456310676
0 0.35802590266875983 0.8364684466019416 0.01903453689167975 0.0345873786407767
0 0.39452511773940346 0.8255461165048543 0.061420722135007856 0.04550970873786407
0 0.4575156985871272 0.8203883495145631 0.06377551020408163 0.04126213592233009
0 0.19446624803767662 0.8618021844660193 0.029827315541601257 0.02578883495145631
0 0.22919937205651492 0.8578580097087378 0.03218210361067504 0.03731796116504854
0 0.27884615384615385 0.8599817961165048 0.06671899529042387 0.031249999999999997
0 0.31799450549450553 0.8704490291262135 0.01785714285714286 0.03398058252427184
0 0.3574372056514914 0.8563410194174756 0.056711145996860286 0.02336165048543689
0 0.4372056514913658 0.8467839805825242 0.10086342229199373 0.03398058252427184
0 0.18445839874411304 0.8986650485436892 0.011381475667189953 0.03216019417475728
0 0.20457221350078494 0.8930521844660193 0.03002354788069074 0.020934466019417473
0 0.2360675039246468 0.8906249999999999 0.036499215070643645 0.03003640776699029
0 0.2981750392464678 0.8922936893203882 0.07358712715855574 0.028519417475728153
0 0.3642072213500785 0.897754854368932 0.0620094191522763 0.043082524271844655
0 0.4452511773940346 0.8878944174757281 0.09458398744113031 0.051881067961165046
0 0.6024332810047096 0.09071601941747572 0.04591836734693878 0.026092233009708737
0 0.6294152276295134 0.09951456310679611 0.014717425431711147 0.025485436893203883
0 0.660616169544741 0.0893507281553398 0.048861852433281006 0.031249999999999997
0 0.7074175824175825 0.0893507281553398 0.03532182103610675 0.04035194174757281
0 0.7570643642072213 0.0928398058252427 0.0706436420722135 0.03094660194174757
0 0.8415423861852434 0.08631674757281553 0.09046310832025119 0.03549757281553398
0 0.584085557299843 0.12272451456310679 0.01000784929356358 0.015473300970873785
0 0.6102825745682889 0.12636529126213591 0.04709576138147567 0.033677184466019416
0 0.6679748822605965 0.11938713592233009 0.0706436420722135 0.029429611650485434
0 0.7089874411302983 0.1295509708737864 0.015698587127158558 0.032766990291262135
0 0.7289050235478808 0.11711165048543688 0.02295918367346939 0.0212378640776699
0 0.7542189952904239 0.11787014563106796 0.028846153846153848 0.022754854368932036
0 0.7734497645211932 0.12484830097087378 0.015502354788069075 0.03307038834951456
0 0.8111263736263736 0.11438106796116504 0.056711145996860286 0.02427184466019417
0 0.8668563579277866 0.11043689320388349 0.04336734693877551 0.025485436893203883
0 0.600765306122449 0.15670509708737862 0.050431711145996864 0.042172330097087374
0 0.6346153846153847 0.15215412621359223 0.00902668759811617 0.01608009708737864
0 0.6734693877551021 0.15776699029126212 0.07025117739403454 0.04186893203883495
0 0.742837519623234 0.1486650485436893 0.05396389324960754 0.023665048543689317
0 0.7968995290423863 0.15351941747572814 0.05416012558869702 0.038834951456310676
0 0.8336930926216641 0.1386529126213592 0.018249607535321823 0.023665048543689317
0 0.8702904238618525 0.1383495145631068 0.05376766091051806 0.03094660194174757
0 0.5872252747252747 0.18203883495145629 0.02688383045525903 0.023665048543689317
0 0.612146781789639 0.1774878640776699 0.01707221350078493 0.025485436893203883
0 0.6585557299843015 0.18234223300970873 0.07927786499215071 0.029126213592233007
0 0.7340070643642073 0.18507281553398056 0.08339874411302983 0.04550970873786407
0 0.798861852433281 0.1743021844660194 0.04120879120879121 0.0245752427184466
0 0.8303571428571429 0.169751213592233 0.015894819466248038 0.028216019417475726
0 0.8656789638932496 0.1764259708737864 0.06456043956043957 0.040958737864077666
0 0.6009615384615385 0.20631067961165048 0.05474882260596547 0.028519417475728153
0 0.6321624803767661 0.20813106796116504 0.011185243328100471 0.015776699029126214
0 0.6419740973312402 0.22132888349514562 0.01785714285714286 0.027002427184466018
0 0.6662087912087913 0.2088895631067961 0.036499215070643645 0.028216019417475726
0 0.6957417582417583 0.22284587378640774 0.035518053375196236 0.03731796116504854
0 0.7501962323390895 0.21040655339805822 0.07142857142857144 0.02578883495145631
0 0.7914050235478808 0.2154126213592233 0.014913657770800628 0.02973300970873786
0 0.8299646781789639 0.20069781553398056 0.060243328100470964 0.026395631067961164
0 0.8708791208791209 0.2066140776699029 0.03610675039246468 0.032766990291262135
0 0.5912480376766092 0.2336165048543689 0.031789638932496075 0.02487864077669903
0 0.6231357927786499 0.23528519417475727 0.02923861852433281 0.0245752427184466
0 0.6729788069073783 0.2402912621359223 0.07005494505494506 0.025485436893203883
0 0.7396978021978022 0.24635922330097085 0.061813186813186816 0.03398058252427184
0 0.7880690737833596 0.24104975728155337 0.030612244897959186 0.03003640776699029
0 0.8084772370486657 0.24332524271844658 0.014521193092621665 0.029126213592233007
0 0.8355572998430142 0.23953276699029125 0.04042386185243328 0.037924757281553395
0 0.8767660910518054 0.22542475728155337 0.034929356357927786 0.0279126213592233
0 0.5774136577708007 0.27275485436893204 0.014717425431711147 0.02669902912621359
0 0.6376569858712716 0.2671419902912621 0.10537676609105182 0.03549757281553398
0 0.7302786499215072 0.27047936893203883 0.07358712715855574 0.029429611650485434
0 0.7919937205651492 0.2650182038834951 0.034929356357927786 0.018507281553398057
0 0.8500784929356359 0.2621359223300971 0.08948194662480377 0.029126213592233007
0 0.5937990580847724 0.2983919902912621 0.03767660910518054 0.028216019417475726
0 0.633732339089482 0.292627427184466 0.0402276295133438 0.027609223300970872
0 0.6800431711145998 0.30097087378640774 0.0641679748822606 0.03398058252427184
0 0.7118328100470958 0.3049150485436893 0.014717425431711147 0.030339805825242715
0 0.7333202511773941 0.29672330097087374 0.030612244897959186 0.030339805825242715
0 0.766679748822606 0.2915655339805825 0.034929356357927786 0.02427184466019417
0 0.8180926216640503 0.2932342233009709 0.062401883830455265 0.03307038834951456
0 0.8725470957613816 0.29111043689320387 0.05317896389324961 0.03974514563106796
0 0.6067503924646782 0.3255461165048543 0.05886970172684459 0.01820388349514563
0 0.6510989010989011 0.3261529126213592 0.027472527472527476 0.014563106796116504
0 0.6780808477237049 0.3205400485436893 0.029631083202511777 0.022754854368932036
0 0.7195839874411304 0.32888349514563103 0.047880690737833596 0.0345873786407767
0 0.7675627943485087 0.3307038834951456 0.04689952904238619 0.032766990291262135
0 0.819368131868132 0.3138652912621359 0.04925431711145997 0.028216019417475726
0 0.8666601255886971 0.3208434466019417 0.056711145996860286 0.031249999999999997
0 0.5863422291993721 0.34784587378640774 0.018445839874411302 0.020934466019417473
0 0.6169544740973313 0.34875606796116504 0.04199372056514914 0.022754854368932036
0 0.6683673469387755 0.355127427184466 0.05023547880690738 0.033677184466019416
0 0.7166405023547882 0.3540655339805825 0.03610675039246468 0.04065533980582524
0 0.7575549450549451 0.35361043689320387 0.04493720565149137 0.037924757281553395
0 0.8243720565149137 0.34830097087378636 0.0804552590266876 0.03640776699029126
0 0.8697998430141288 0.34587378640776695 0.013540031397174255 0.0279126213592233
0 0.8830455259026688 0.3401092233009708 0.016483516483516484 0.03640776699029126
0 0.5937990580847724 0.37818567961165045 0.030612244897959186 0.02336165048543689
0 0.625784929356358 0.3754550970873786 0.02786499215070644 0.019720873786407765
0 0.646585557299843 0.3828883495145631 0.0141287284144427 0.029126213592233007
0 0.6700353218210362 0.37666868932038833 0.031200941915227633 0.01911407766990291
0 0.6885792778649922 0.37909587378640774 0.019230769230769232 0.03671116504854369
0 0.7125196232339089 0.3834951456310679 0.04591836734693878 0.032766990291262135
0 0.752256671899529 0.3763652912621359 0.02923861852433281 0.017900485436893203
0 0.7865973312401884 0.3745449029126213 0.03826530612244898 0.02336165048543689
0 0.8125981161695448 0.3712075242718446 0.01609105180533752 0.01729368932038835
0 0.8395800627943486 0.3672633495145631 0.03355572998430142 0.02032766990291262
0 0.8793171114599686 0.3651395631067961 0.044348508634222926 0.0245752427184466
0 0.6022370486656201 0.4179308252427184 0.06750392464678179 0.0391383495145631
0 0.6712127158555731 0.40913228155339804 0.07397959183673469 0.03853155339805825
0 0.7249803767660911 0.40822208737864074 0.0500392464678179 0.03610436893203883
0 0.7659929356357928 0.41095266990291257 0.03826530612244898 0.03307038834951456
0 0.7952315541601256 0.40624999999999994 0.030808477237048666 0.03094660194174757
0 0.828787284144427 0.3907766990291262 0.03865777080062795 0.027305825242718445
0 0.8497841444270016 0.39729975728155337 0.021781789638932497 0.03610436893203883
0 0.881083202511774 0.3898665048543689 0.03728414442700157 0.021844660194174755
0 0.5992935635792779 0.4444781553398058 0.05572998430141288 0.0345873786407767
0 0.6770996860282575 0.4300667475728155 0.09478021978021979 0.025182038834951456
0 0.7297880690737834 0.43962378640776695 0.017660910518053376 0.03216019417475728
0 0.7539246467817897 0.4287014563106796 0.029434850863422294 0.015169902912621358
0 0.7783555729984302 0.4365898058252427 0.035910518053375196 0.0345873786407767
0 0.8275117739403454 0.42050970873786403 0.05886970172684459 0.0279126213592233
0 0.8762755102040817 0.4200546116504854 0.04689952904238619 0.03853155339805825
0 0.5879120879120879 0.47011529126213586 0.031789638932496075 0.034890776699029125
0 0.627256671899529 0.47299757281553395 0.04689952904238619 0.03094660194174757
0 0.6576726844583988 0.45843446601941745 0.014717425431711147 0.027305825242718445
0 0.6759222919937206 0.4617718446601941 0.023351648351648352 0.023665048543689317
0 0.6941718995290425 0.47072208737864074 0.018249607535321823 0.03549757281553398
0 0.7126177394034537 0.45964805825242716 0.012362637362637364 0.017597087378640776
0 0.7316522762951335 0.45661407766990286 0.024921507064364207 0.023665048543689317
0 0.7747252747252747 0.45388349514563103 0.05886970172684459 0.020024271844660192
0 0.807201726844584 0.4610133495145631 0.019427001569858715 0.03246359223300971
0 0.8586145996860283 0.4500910194174757 0.08575353218210362 0.04338592233009708
0 0.6138147566718996 0.48998786407766987 0.07653061224489796 0.029126213592233007
0 0.6561028257456829 0.4995449029126213 0.016679748822605967 0.03003640776699029
0 0.6946624803767661 0.4905946601941747 0.06318681318681318 0.03762135922330097
0 0.7840463108320251 0.4814927184466019 0.11518838304552591 0.026092233009708737
0 0.8470368916797488 0.4770934466019417 0.015502354788069075 0.022754854368932036
0 0.8767660910518054 0.47102548543689315 0.043171114599686033 0.03610436893203883
0 0.5998822605965464 0.5165351941747572 0.0521978021978022 0.02032766990291262
0 0.6521781789638933 0.5232099514563107 0.04768445839874411 0.031856796116504854
0 0.6842621664050236 0.5127427184466019 0.014913657770800628 0.025485436893203883
0 0.7247841444270016 0.5138046116504854 0.0641679748822606 0.03246359223300971
0 0.7713893249607536 0.5066747572815533 0.021585557299843017 0.027305825242718445
0 0.8004317111459969 0.5040958737864077 0.03414442700156986 0.026395631067961164
0 0.8231946624803768 0.5075849514563107 0.013343799058084773 0.029126213592233007
0 0.8509615384615385 0.4960558252427184 0.040620094191522765 0.026092233009708737
0 0.8830455259026688 0.5027305825242718 0.041601255886970175 0.032766990291262135
0 0.5945839874411303 0.5412621359223301 0.0380690737833595 0.025485436893203883
0 0.6157770800627944 0.5467233009708737 0.01805337519623234 0.040048543689320384
0 0.6338304552590267 0.5379247572815533 0.01883830455259027 0.023058252427184463
0 0.6762166405023549 0.5455097087378641 0.07849293563579278 0.03398058252427184
0 0.7213500784929356 0.5424757281553397 0.011381475667189953 0.026092233009708737
0 0.734497645211931 0.5358009708737863 0.011773940345368918 0.021844660194174755
0 0.7487244897959184 0.5364077669902912 0.0260989010989011 0.0345873786407767
0 0.7970957613814758 0.5288228155339806 0.06711145996860284 0.02487864077669903
0 0.8544937205651492 0.5256371359223301 0.03826530612244898 0.02578883495145631
0 0.8874607535321821 0.5201759708737863 0.027668759811616955 0.01608009708737864
0 0.6037087912087913 0.5702366504854368 0.05278649921507065 0.03307038834951456
0 0.6334379905808477 0.5750910194174756 0.013343799058084773 0.022754854368932036
0 0.653453689167975 0.567506067961165 0.02433281004709576 0.018507281553398057
0 0.6801412872841445 0.5620449029126213 0.026687598116169546 0.02214805825242718
0 0.7106554160125589 0.5584041262135921 0.031200941915227633 0.019720873786407765
0 0.7401883830455259 0.5606796116504854 0.026687598116169546 0.017597087378640776
0 0.7649136577708007 0.556128640776699 0.019230769230769232 0.019417475728155338
0 0.7967032967032968 0.5520327669902912 0.04552590266875981 0.018507281553398057
0 0.8302590266875982 0.5485436893203883 0.019230769230769232 0.020024271844660192
0 0.8532182103610676 0.5438410194174756 0.027472527472527476 0.018507281553398057
0 0.8809850863422293 0.5445995145631067 0.03865777080062795 0.03640776699029126
0 0.6006671899529042 0.5914745145631067 0.04356357927786499 0.020934466019417473
0 0.6621860282574569 0.5931432038834951 0.08025902668759811 0.029126213592233007
0 0.7075156985871272 0.589502427184466 0.014324960753532182 0.023665048543689317
0 0.7292974882260597 0.5807038834951456 0.02806122448979592 0.023058252427184463
0 0.759124803767661 0.5785800970873786 0.028846153846153848 0.020024271844660192
0 0.7928767660910518 0.5829793689320388 0.04336734693877551 0.03246359223300971
0 0.831828885400314 0.569629854368932 0.031789638932496075 0.01911407766990291
0 0.8576334379905809 0.5744842233009708 0.019819466248037678 0.022754854368932036
0 0.8865777080062794 0.5661407766990291 0.03571428571428572 0.03155339805825243
0 0.592817896389325 0.6077063106796116 0.02786499215070644 0.01699029126213592
0 0.6322605965463108 0.607251213592233 0.046703296703296704 0.02336165048543689
0 0.6929945054945056 0.6049757281553397 0.07358712715855574 0.021844660194174755
0 0.7339089481946626 0.610133495145631 0.010596546310832025 0.0212378640776699
0 0.769328885400314 0.5970873786407767 0.059850863422292 0.02669902912621359
0 0.828787284144427 0.5876820388349514 0.04925431711145997 0.021844660194174755
0 0.881083202511774 0.5819174757281553 0.046703296703296704 0.025485436893203883
0 0.5903649921507065 0.6253033980582524 0.020604395604395604 0.016383495145631068
0 0.6104788069073783 0.6254550970873786 0.01609105180533752 0.015473300970873785
0 0.6322605965463108 0.6234830097087378 0.026295133437990583 0.016383495145631068
0 0.6637558869701727 0.6283373786407767 0.045722135007849295 0.02245145631067961
0 0.7065345368916798 0.6242415048543689 0.03708791208791209 0.02882281553398058
0 0.7505886970172685 0.6190837378640777 0.04591836734693878 0.01911407766990291
0 0.7972919937205653 0.6158980582524272 0.04395604395604396 0.016383495145631068
0 0.8293759811616955 0.6090716019417475 0.019819466248037678 0.022754854368932036
0 0.8541012558869702 0.6089199029126213 0.029631083202511777 0.023058252427184463
0 0.8862833594976453 0.6046723300970873 0.03708791208791209 0.02487864077669903
0 0.5992935635792779 0.645631067961165 0.0521978021978022 0.030339805825242715
0 0.6510007849293564 0.6482099514563107 0.04650706436420722 0.026395631067961164
0 0.6868131868131868 0.6492718446601942 0.0282574568288854 0.03337378640776699
0 0.7372448979591837 0.6394114077669902 0.07142857142857144 0.031856796116504854
0 0.8106357927786499 0.6312196601941747 0.07653061224489796 0.0245752427184466
0 0.853414442700157 0.6371359223300971 0.009419152276295134 0.021844660194174755
0 0.8673469387755103 0.6260618932038834 0.015698587127158558 0.018507281553398057
0 0.8887362637362638 0.622876213592233 0.025510204081632654 0.02427184466019417
0 0.5936028257456829 0.669751213592233 0.04356357927786499 0.034890776699029125
0 0.6440345368916798 0.6665655339805825 0.05690737833594977 0.0212378640776699
0 0.6823979591836735 0.6662621359223301 0.019819466248037678 0.020024271844660192
0 0.7172291993720565 0.6635315533980582 0.04748822605965464 0.020024271844660192
0 0.7433281004709577 0.6752123786407767 0.01295133437990581 0.02578883495145631
0 0.7769819466248038 0.6601941747572815 0.05317896389324961 0.020631067961165046
0 0.8214285714285715 0.6620145631067961 0.04905808477237049 0.0424757281553398
0 0.8754905808477238 0.6560983009708737 0.056711145996860286 0.029429611650485434
0 0.5957613814756673 0.6923543689320387 0.031397174254317116 0.016383495145631068
0 0.6256868131868132 0.6917475728155339 0.02413657770800628 0.014563106796116504
0 0.6486459968602826 0.6881067961165048 0.018249607535321823 0.025485436893203883
0 0.6895604395604396 0.6961468446601942 0.06436420722135008 0.027609223300970872
0 0.734105180533752 0.7002427184466019 0.03767660910518054 0.02973300970873786
0 0.778061224489796 0.6908373786407767 0.049450549450549455 0.03519417475728155
0 0.8165227629513344 0.6824939320388349 0.023547880690737835 0.021541262135922327
0 0.8636185243328101 0.6758191747572815 0.0663265306122449 0.028216019417475726
0 0.5892857142857143 0.7249696601941747 0.03100470957613815 0.04277912621359223
0 0.6138147566718996 0.7307342233009708 0.01883830455259027 0.031249999999999997
0 0.6354003139717426 0.7196601941747572 0.022370486656200943 0.027305825242718445
0 0.6483516483516484 0.7284587378640776 0.011773940345368918 0.0212378640776699
0 0.6655219780219781 0.7257281553398057 0.022566718995290426 0.0279126213592233
0 0.6871075353218211 0.7205703883495145 0.020604395604395604 0.023665048543689317
0 0.7243916797488227 0.721632281553398 0.05121664050235479 0.017900485436893203
0 0.7995486656200942 0.7097997572815533 0.09007064364207222 0.030643203883495142
0 0.8606750392464678 0.7161711165048543 0.029434850863422294 0.027002427184466018
0 0.8880494505494506 0.7029733009708737 0.018642072213500786 0.0279126213592233
0 0.5978218210361068 0.7504550970873786 0.050431711145996864 0.033677184466019416
0 0.6409929356357928 0.7498483009708737 0.025313971742543174 0.019720873786407765
0 0.6927001569858713 0.745752427184466 0.07653061224489796 0.02427184466019417
0 0.7419544740973313 0.7459041262135921 0.01609105180533752 0.01911407766990291
0 0.7770800627943486 0.7386225728155339 0.052982731554160126 0.020934466019417473
0 0.8125981161695448 0.7361953883495145 0.023940345368916798 0.02578883495145631
0 0.826138147566719 0.7383191747572815 0.0066718995290423865 0.013652912621359222
0 0.8466444270015699 0.7374089805825242 0.035910518053375196 0.026395631067961164
0 0.8844191522762952 0.7302791262135921 0.02433281004709576 0.02427184466019417
