0 0.19740973312401885 0.09177791262135922 0.052982731554160126 0.019720873786407765
0 0.2586342229199372 0.09056432038834951 0.059262166405023554 0.022754854368932036
0 0.31514913657770804 0.09693567961165048 0.029434850863422294 0.019720873786407765
0 0.37912087912087916 0.08646844660194174 0.09222919937205652 0.023665048543689317
0 0.45987048665620095 0.09329490291262135 0.03002354788069074 0.02578883495145631
0 0.1823979591836735 0.11771844660194174 0.02923861852433281 0.020631067961165046
0 0.2277276295133438 0.11635315533980581 0.03865777080062795 0.02214805825242718
0 0.28218210361067503 0.11787014563106796 0.06711145996860284 0.022754854368932036
0 0.4151295133437991 0.11984223300970873 0.10851648351648352 0.03640776699029126
0 0.2044740973312402 0.14381067961165048 0.07770800627943486 0.026092233009708737
0 0.2573587127158556 0.1441140776699029 0.023351648351648352 0.027305825242718445
0 0.2915031397174255 0.14942354368932037 0.047291993720565154 0.04035194174757281
0 0.3360478806907379 0.14396237864077668 0.03669544740973313 0.022754854368932036
0 0.3878532182103611 0.14487257281553398 0.06102825745682889 0.031249999999999997
0 0.44574175824175827 0.13910800970873785 0.04807692307692308 0.02578883495145631
0 0.19407378335949765 0.18143203883495143 0.0620094191522763 0.02973300970873786
0 0.23959968602825746 0.1721783980582524 0.027472527472527476 0.022754854368932036
0 0.3249607535321821 0.1764259708737864 0.05337519623233909 0.03307038834951456
0 0.37549058084772374 0.1743021844660194 0.04415227629513344 0.033677184466019416
0 0.41718995290423866 0.17839805825242716 0.039638932496075356 0.0345873786407767
0 0.45741758241758246 0.16686893203883493 0.03924646781789639 0.02427184466019417
0 0.18710753532182103 0.20479368932038833 0.03826530612244898 0.015776699029126214
0 0.23175039246467818 0.21055825242718446 0.05690737833594977 0.030339805825242715
0 0.2817896389324961 0.2079793689320388 0.05102040816326531 0.03853155339805825
0 0.34301412872841447 0.20251820388349512 0.07142857142857144 0.02214805825242718
0 0.39776295133437994 0.20570388349514562 0.046310832025117744 0.032766990291262135
0 0.4463304552590267 0.19280946601941745 0.050824175824175824 0.021541262135922327
0 0.18141679748822606 0.22861043689320387 0.028453689167974885 0.02336165048543689
0 0.21458006279434852 0.22770024271844658 0.03787284144427002 0.02214805825242718
0 0.27207613814756676 0.23088592233009705 0.04415227629513344 0.017597087378640776
0 0.33712715855573 0.23558859223300968 0.08084772370486656 0.03610436893203883
0 0.4074764521193093 0.23376820388349512 0.07083987441130299 0.03549757281553398
0 0.20525902668759813 0.24893810679611647 0.03767660910518054 0.017900485436893203
0 0.17974882260596547 0.2621359223300971 0.02511773940345369 0.01699029126213592
0 0.20987048665620095 0.2619842233009709 0.029631083202511777 0.016686893203883495
0 0.253041601255887 0.26881067961165045 0.06259811616954475 0.035800970873786406
0 0.3174058084772371 0.25834344660194175 0.06613029827315542 0.019720873786407765
0 0.364795918367347 0.26547330097087374 0.031397174254317116 0.032766990291262135
0 0.40139324960753536 0.25091019417475724 0.03983516483516484 0.02427184466019417
0 0.4478021978021978 0.25424757281553395 0.05180533751962324 0.028519417475728153
0 0.24048273155416014 0.2891383495145631 0.050431711145996864 0.020631067961165046
0 0.29984301412872844 0.28625606796116504 0.06357927786499215 0.02336165048543689
0 0.34605572998430145 0.288379854368932 0.028846153846153848 0.02032766990291262
0 0.3805926216640503 0.28898665048543687 0.04611459968602826 0.04338592233009708
0 0.4417189952904239 0.28504247572815533 0.06868131868131869 0.03307038834951456
0 0.1793563579277865 0.33024878640776695 0.029434850863422294 0.03428398058252427
0 0.2154631083202512 0.32099514563106796 0.038461538461538464 0.020024271844660192
0 0.28669544740973313 0.31917475728155337 0.052590266875981166 0.025485436893203883
0 0.3462519623233909 0.31993325242718446 0.06691522762951335 0.031856796116504854
0 0.4071821036106751 0.3097694174757281 0.021585557299843017 0.023665048543689317
0 0.4343602825745683 0.31007281553398053 0.030416012558869703 0.020024271844660192
0 0.465168759811617 0.3073422330097087 0.027668759811616955 0.016383495145631068
0 0.18171114599686028 0.35012135922330095 0.02511773940345369 0.01820388349514563
0 0.24293563579277866 0.3570995145631068 0.10047095761381476 0.0345873786407767
0 0.34654631083202514 0.3442050970873786 0.06475667189952905 0.027002427184466018
0 0.39275902668759816 0.34238470873786403 0.027276295133437992 0.019720873786407765
0 0.4233712715855573 0.3426881067961165 0.028846153846153848 0.030643203883495142
0 0.4532967032967033 0.3370752427184466 0.029827315541601257 0.0212378640776699
0 0.17974882260596547 0.37727548543689315 0.021585557299843017 0.02214805825242718
0 0.22017268445839877 0.3847087378640776 0.0521978021978022 0.029126213592233007
0 0.27639324960753536 0.3859223300970873 0.061420722135007856 0.030339805825242715
0 0.35733908948194665 0.3743932038834951 0.08006279434850865 0.019417475728155338
0 0.41768053375196235 0.3687803398058252 0.03865777080062795 0.015473300970873785
0 0.4566326530612245 0.36225728155339804 0.0380690737833595 0.023058252427184463
0 0.18386970172684458 0.4013956310679611 0.04042386185243328 0.02669902912621359
0 0.23253532182103612 0.40488470873786403 0.021585557299843017 0.019720873786407765
0 0.2581436420722135 0.40731189320388345 0.0260989010989011 0.01608009708737864
0 0.2942503924646782 0.4023058252427184 0.04493720565149137 0.0212378640776699
0 0.3474293563579278 0.4001820388349514 0.03708791208791209 0.0212378640776699
0 0.3795133437990581 0.40791868932038833 0.03532182103610675 0.03307038834951456
0 0.41620879120879123 0.39381067961165045 0.04120879120879121 0.016383495145631068
0 0.4532967032967033 0.39502427184466016 0.041601255886970175 0.03762135922330097
0 0.2061420722135008 0.4412924757281553 0.08104395604395605 0.02882281553398058
0 0.28649921507064363 0.44205097087378636 0.06711145996860284 0.03762135922330097
0 0.3628335949764521 0.4378033980582524 0.07182103610675039 0.04065533980582524
0 0.42003532182103615 0.42354368932038833 0.03983516483516484 0.02427184466019417
0 0.45614207221350084 0.4211165048543689 0.02923861852433281 0.0279126213592233
0 0.19868524332810047 0.47542475728155337 0.061420722135007856 0.03944174757281553
0 0.25421899529042385 0.4628337378640776 0.0445447409733124 0.02336165048543689
0 0.33526295133437994 0.46859830097087374 0.0837912087912088 0.0391383495145631
0 0.3989403453689168 0.4649575242718446 0.05023547880690738 0.03731796116504854
0 0.1925039246467818 0.4951456310679611 0.04277864992150707 0.023058252427184463
0 0.23901098901098902 0.4940837378640776 0.04866562009419152 0.026395631067961164
0 0.2847331240188383 0.49317354368932037 0.019623233908948195 0.0245752427184466
0 0.3161302982731554 0.4995449029126213 0.04748822605965464 0.0391383495145631
0 0.3570447409733124 0.491504854368932 0.02923861852433281 0.023665048543689317
0 0.39089481946624804 0.500758495145631 0.044348508634222926 0.03549757281553398
0 0.44279827315541603 0.48528519417475724 0.052001569858712716 0.031856796116504854
0 0.19691915227629514 0.5361043689320388 0.0641679748822606 0.03216019417475728
0 0.28188775510204084 0.5315533980582524 0.09988226059654631 0.04429611650485436
0 0.36832810047095765 0.5326152912621359 0.07339089481946626 0.033677184466019416
0 0.434850863422292 0.5147148058252426 0.052590266875981166 0.027002427184466018
0 0.21232339089481947 0.5564320388349514 0.0902668759811617 0.028519417475728153
0 0.2802197802197802 0.556128640776699 0.039638932496075356 0.02245145631067961
0 0.3137755102040817 0.5533980582524272 0.025510204081632654 0.029126213592233007
0 0.35881083202511777 0.5591626213592232 0.06220565149136578 0.0279126213592233
0 0.4096350078492936 0.551881067961165 0.03669544740973313 0.0212378640776699
0 0.4536891679748823 0.5480885922330097 0.043171114599686033 0.016686893203883495
0 0.182201726844584 0.5891990291262136 0.028453689167974885 0.0212378640776699
0 0.23901098901098902 0.5917779126213591 0.0816326530612245 0.0391383495145631
0 0.2968995290423862 0.5866201456310679 0.03218210361067504 0.022754854368932036
0 0.34850863422291994 0.5837378640776698 0.0663265306122449 0.025485436893203883
0 0.39687990580847726 0.5910194174757281 0.032378335949764525 0.0345873786407767
0 0.4522174254317112 0.578883495145631 0.04611459968602826 0.02669902912621359
0 0.17916012558869704 0.6190837378640777 0.03100470957613815 0.03307038834951456
0 0.23812794348508637 0.6130157766990291 0.028453689167974885 0.027002427184466018
0 0.2815934065934066 0.6155946601941747 0.0565149136577708 0.025485436893203883
0 0.35282574568288855 0.6230279126213591 0.09968602825745683 0.04338592233009708
0 0.4430926216640503 0.6052791262135921 0.05376766091051806 0.0279126213592233
0 0.19220957613814757 0.6472997572815533 0.047291993720565154 0.022754854368932036
0 0.2545133437990581 0.6564016990291262 0.07927786499215071 0.04035194174757281
0 0.3206436420722135 0.6556432038834951 0.04905808477237049 0.03337378640776699
0 0.3567503924646782 0.6395631067961165 0.020800627943485087 0.02669902912621359
0 0.38049450549450553 0.6395631067961165 0.026295133437990583 0.025485436893203883
0 0.41218602825745687 0.639259708737864 0.03002354788069074 0.019417475728155338
0 0.4519230769230769 0.6369842233009708 0.04591836734693878 0.03003640776699029
0 0.19780219780219782 0.6874999999999999 0.0663265306122449 0.032766990291262135
0 0.25333594976452123 0.6906856796116504 0.04552590266875981 0.03003640776699029
0 0.3103414442700157 0.6765776699029126 0.06299058084772372 0.02427184466019417
0 0.3557692307692308 0.6720266990291262 0.03021978021978022 0.0212378640776699
0 0.38177001569858715 0.6706614077669902 0.02374411302982732 0.025182038834951456
0 0.41355965463108324 0.6724817961165048 0.03630298273155416 0.018507281553398057
0 0.45359105180533754 0.6773361650485437 0.04101255886970173 0.029429611650485434
0 0.2018249607535322 0.7119235436893203 0.06220565149136578 0.022754854368932036
0 0.27521585557299844 0.7131371359223301 0.07397959183673469 0.03610436893203883
0 0.32908163265306123 0.7151092233009708 0.04042386185243328 0.03337378640776699
0 0.2111459968602826 0.7381674757281553 0.07888540031397175 0.02487864077669903
0 0.2757064364207222 0.748634708737864 0.0565149136577708 0.029429611650485434
0 0.3206436420722135 0.7346783980582524 0.03021978021978022 0.023968446601941744
0 0.4245486656200942 0.7270934466019416 0.03630298273155416 0.023968446601941744
0 0.46094976452119313 0.7229975728155339 0.03453689167974883 0.019417475728155338
0 0.19289638932496075 0.7768507281553397 0.049843014128728415 0.0245752427184466
0 0.2643249607535322 0.766383495145631 0.06750392464678179 0.02487864077669903
0 0.3229984301412873 0.768507281553398 0.049450549450549455 0.025485436893203883
0 0.372743328100471 0.759253640776699 0.03944270015698587 0.025182038834951456
0 0.4376962323390895 0.7625910194174756 0.06495290423861853 0.03853155339805825
0 0.2016287284144427 0.7952063106796116 0.059850863422292 0.021844660194174755
0 0.25294348508634223 0.7973300970873786 0.03610675039246468 0.02245145631067961
0 0.28502747252747257 0.7942961165048543 0.02688383045525903 0.02245145631067961
0 0.3407574568288854 0.8049150485436892 0.039050235478806906 0.03216019417475728
0 0.3866758241758242 0.7917172330097086 0.053571428571428575 0.030643203883495142
0 0.4330847723704867 0.7818567961165048 0.036891679748822605 0.025485436893203883
0 0.20241365777080064 0.8319174757281552 0.07280219780219781 0.03822815533980582
0 0.26952511773940346 0.8285800970873786 0.05828100470957614 0.0279126213592233
0 0.3157378335949765 0.8387439320388349 0.033359497645211934 0.034890776699029125
0 0.3498822605965463 0.8222087378640776 0.03414442700156986 0.02487864077669903
0 0.3842229199372057 0.8193264563106796 0.02786499215070644 0.023968446601941744
0 0.4470172684458399 0.8117415048543689 0.0663265306122449 0.03003640776699029
0 0.21418759811616955 0.8581614077669902 0.08418367346938777 0.026395631067961164
0 0.28767660910518056 0.8602851941747572 0.05886970172684459 0.031249999999999997
0 0.3419348508634223 0.8540655339805825 0.04611459968602826 0.021844660194174755
0 0.3971742543171115 0.8489077669902911 0.05376766091051806 0.02245145631067961
0 0.4542778649921507 0.8463288834951456 0.03767660910518054 0.02882281553398058
0 0.1886773940345369 0.8844053398058251 0.031200941915227633 0.020631067961165046
0 0.24843014128728416 0.8922936893203882 0.08202511773940346 0.037014563106796114
0 0.3245682888540032 0.8869842233009708 0.06593406593406594 0.037924757281553395
0 0.382947409733124 0.8790958737864077 0.0402276295133438 0.029429611650485434
0 0.42307692307692313 0.8775788834951456 0.033359497645211934 0.028216019417475726
0 0.4587912087912088 0.8792475728155339 0.03414442700156986 0.020631067961165046
0 0.6201923076923077 0.09799757281553398 0.050431711145996864 0.032766990291262135
0 0.6776883830455259 0.08677184466019416 0.059850863422292 0.023665048543689317
0 0.7440149136577708 0.08662014563106796 0.03708791208791209 0.025182038834951456
0 0.8026883830455259 0.09329490291262135 0.07319466248037677 0.03549757281553398
0 0.8614599686028258 0.0847997572815534 0.039638932496075356 0.022754854368932036
0 0.8979591836734694 0.09010922330097086 0.02590266875981162 0.023058252427184463
0 0.6177394034536892 0.12044902912621358 0.04395604395604396 0.0212378640776699
0 0.6596350078492936 0.11711165048543688 0.039050235478806906 0.021844660194174755
0 0.715168759811617 0.1195388349514563 0.06495290423861853 0.019417475728155338
0 0.7590266875981162 0.11802184466019416 0.022370486656200943 0.020024271844660192
0 0.7985675039246468 0.11862864077669902 0.052001569858712716 0.027305825242718445
0 0.8509615384615385 0.11559466019417475 0.05906593406593407 0.03094660194174757
0 0.8964874411302983 0.12075242718446601 0.028846153846153848 0.03155339805825243
0 0.6529631083202512 0.14805825242718446 0.061420722135007856 0.0279126213592233
0 0.7056514913657771 0.14669296116504854 0.03885400313971743 0.01911407766990291
0 0.73675431711146 0.14472087378640774 0.021389324960753534 0.0212378640776699
0 0.7664835164835165 0.14699635922330095 0.03571428571428572 0.021541262135922327
0 0.8121075353218211 0.14229368932038833 0.028846153846153848 0.02245145631067961
0 0.8677394034536893 0.14547936893203883 0.08124018838304553 0.030643203883495142
0 0.6387362637362638 0.18173543689320387 0.04513343799058085 0.029126213592233007
0 0.6821036106750393 0.18704490291262135 0.04120879120879121 0.033677184466019416
0 0.7407770800627944 0.18294902912621358 0.07299843014128729 0.02669902912621359
0 0.7957221350078494 0.17020631067961164 0.029827315541601257 0.023665048543689317
0 0.8570447409733124 0.17566747572815533 0.09870486656200943 0.0424757281553398
0 0.6192111459968603 0.20524878640776698 0.05749607535321821 0.027609223300970872
0 0.6664050235478808 0.2078276699029126 0.02590266875981162 0.020631067961165046
0 0.7083006279434851 0.21055825242718446 0.056711145996860286 0.03155339805825243
0 0.7615777080062794 0.2169296116504854 0.04513343799058085 0.040048543689320384
0 0.814756671899529 0.20964805825242716 0.07535321821036108 0.0491504854368932
0 0.8787284144427002 0.20494538834951453 0.057692307692307696 0.03549757281553398
0 0.6148940345368917 0.2378640776699029 0.04964678178963894 0.03337378640776699
0 0.6910321821036107 0.23968446601941745 0.08850078492935637 0.02973300970873786
0 0.7629513343799058 0.23816747572815533 0.049843014128728415 0.03398058252427184
0 0.8198587127158556 0.2325546116504854 0.057692307692307696 0.017900485436893203
0 0.8807888540031398 0.22845873786407764 0.05396389324960754 0.0345873786407767
0 0.6088108320251178 0.2641080097087378 0.032770800627943485 0.02214805825242718
0 0.6542386185243328 0.26425970873786403 0.04827315541601256 0.020631067961165046
0 0.7134026687598116 0.2726031553398058 0.05710361067503925 0.034890776699029125
0 0.7713893249607536 0.2622876213592233 0.03767660910518054 0.017900485436893203
0 0.8165227629513344 0.2606189320388349 0.05062794348508635 0.029126213592233007
0 0.8591051805337521 0.25500606796116504 0.02590266875981162 0.014259708737864077
0 0.8911891679748823 0.25166868932038833 0.037480376766091054 0.027609223300970872
0 0.6093995290423863 0.2961165048543689 0.031200941915227633 0.020631067961165046
0 0.639423076923077 0.3026395631067961 0.02806122448979592 0.025182038834951456
0 0.6691522762951335 0.2924757281553398 0.02708006279434851 0.020024271844660192
0 0.6936813186813188 0.2930825242718446 0.02197802197802198 0.020631067961165046
0 0.7276295133437991 0.2921723300970874 0.04395604395604396 0.01699029126213592
0 0.7740384615384616 0.30081917475728154 0.0500392464678179 0.033677184466019416
0 0.8275117739403454 0.28473907766990286 0.03453689167974883 0.02336165048543689
0 0.8645015698587127 0.2806432038834951 0.035910518053375196 0.0279126213592233
0 0.896585557299843 0.2774575242718446 0.0282574568288854 0.030643203883495142
0 0.6104788069073783 0.3284283980582524 0.036891679748822605 0.019720873786407765
0 0.6432496075353219 0.321753640776699 0.02119309262166405 0.027002427184466018
0 0.6688579277864992 0.3232706310679611 0.02806122448979592 0.02336165048543689
0 0.7061420722135008 0.33267597087378636 0.05396389324960754 0.03610436893203883
0 0.7576530612244898 0.3206917475728155 0.04356357927786499 0.023058252427184463
0 0.8521389324960754 0.32023665048543687 0.11832810047095763 0.04641990291262135
0 0.6230376766091053 0.36695995145631066 0.06475667189952905 0.0391383495145631
0 0.6992739403453689 0.3507281553398058 0.03865777080062795 0.02669902912621359
0 0.7400902668759812 0.3584648058252427 0.04807692307692308 0.03974514563106796
0 0.7805141287284145 0.3596783980582524 0.03865777080062795 0.03549757281553398
0 0.8335949764521193 0.3439016990291262 0.06907378335949765 0.028216019417475726
0 0.8946232339089483 0.3338895631067961 0.04003139717425432 0.028216019417475726
0 0.6098901098901099 0.39032160194174753 0.02904238618524333 0.027609223300970872
0 0.6574764521193093 0.3860740291262136 0.05749607535321821 0.02214805825242718
0 0.7216444270015699 0.3901699029126213 0.0445447409733124 0.02487864077669903
0 0.7634419152276296 0.38258495145631066 0.035910518053375196 0.017597087378640776
0 0.7991562009419153 0.37955097087378636 0.03630298273155416 0.020631067961165046
0 0.8532182103610676 0.3763652912621359 0.07810047095761381 0.05127427184466019
0 0.9031593406593407 0.36574635922330095 0.02021193092621664 0.018507281553398057
0 0.6164638932496076 0.4203580097087378 0.04611459968602826 0.02336165048543689
0 0.6615973312401884 0.4167172330097087 0.03826530612244898 0.02214805825242718
0 0.7281200941915228 0.4214199029126213 0.09635007849293564 0.03640776699029126
0 0.829572213500785 0.40746359223300965 0.07515698587127159 0.032766990291262135
0 0.8922684458398744 0.3965412621359223 0.043171114599686033 0.026092233009708737
0 0.6243131868131868 0.4505461165048543 0.05592621664050236 0.01820388349514563
0 0.6990777080062794 0.446753640776699 0.08300627943485087 0.026395631067961164
0 0.7618720565149137 0.43916868932038833 0.03630298273155416 0.022754854368932036
0 0.7953296703296704 0.4497876213592233 0.0380690737833595 0.031856796116504854
0 0.8497841444270016 0.4323422330097087 0.07083987441130299 0.0279126213592233
0 0.8993328100470959 0.4287014563106796 0.02708006279434851 0.019417475728155338
0 0.6793563579277866 0.4807342233009708 0.05612244897959184 0.019720873786407765
0 0.744701726844584 0.4825546116504854 0.07888540031397175 0.04641990291262135
0 0.8257456828885401 0.47269417475728154 0.059654631083202514 0.03822815533980582
0 0.8845172684458399 0.4657160194174757 0.06220565149136578 0.046116504854368925
0 0.609105180533752 0.5068264563106796 0.03728414442700157 0.026395631067961164
0 0.6516875981161696 0.5084951456310679 0.04866562009419152 0.03094660194174757
0 0.7135007849293564 0.5148665048543689 0.04709576138147567 0.026092233009708737
0 0.7626569858712716 0.5080400485436892 0.0500392464678179 0.018507281553398057
0 0.8255494505494506 0.5009101941747572 0.07535321821036108 0.02973300970873786
0 0.8787284144427002 0.4933252427184466 0.028649921507064365 0.015776699029126214
0 0.9048273155416013 0.4916565533980582 0.019623233908948195 0.03003640776699029
0 0.6191130298273155 0.5402002427184466 0.05062794348508635 0.01911407766990291
0 0.6682692307692308 0.5415655339805825 0.03944270015698587 0.03640776699029126
0 0.7044740973312402 0.5335254854368932 0.02904238618524333 0.02032766990291262
0 0.7890502354788069 0.5326152912621359 0.027472527472527476 0.014259708737864077
0 0.842425431711146 0.5310983009708737 0.07967032967032968 0.03671116504854369
0 0.8971742543171115 0.5262439320388349 0.027472527472527476 0.03003640776699029
0 0.6243131868131868 0.5711468446601942 0.05592621664050236 0.019720873786407765
0 0.6820054945054945 0.5662924757281553 0.04689952904238619 0.023968446601941744
0 0.7485282574568289 0.5643203883495145 0.08339874411302983 0.02487864077669903
0 0.8154434850863422 0.5691747572815533 0.05239403453689168 0.037014563106796114
0 0.8645015698587127 0.5558252427184466 0.050824175824175824 0.04126213592233009
0 0.6278453689167975 0.5990594660194174 0.06495290423861853 0.0245752427184466
0 0.693190737833595 0.5979975728155339 0.06534536891679749 0.030339805825242715
0 0.7828689167974883 0.5964805825242718 0.1022370486656201 0.04550970873786407
0 0.8517464678178964 0.5773665048543689 0.027668759811616955 0.025485436893203883
0 0.8864795918367347 0.5804004854368932 0.048469387755102046 0.0345873786407767
0 0.6149921507064364 0.6245449029126213 0.043171114599686033 0.02882281553398058
0 0.6539442700156987 0.6272754854368932 0.032378335949764525 0.016686893203883495
0 0.7139913657770801 0.6319781553398057 0.08300627943485087 0.03762135922330097
0 0.7703100470957615 0.6297026699029126 0.03669544740973313 0.04035194174757281
0 0.8121075353218211 0.6199939320388349 0.045722135007849295 0.01608009708737864
0 0.8532182103610676 0.6069478155339806 0.03296703296703297 0.027002427184466018
0 0.8913854003139718 0.6108919902912621 0.04768445839874411 0.03549757281553398
0 0.6128335949764522 0.6523058252427184 0.03453689167974883 0.0279126213592233
0 0.6532574568288855 0.6553398058252426 0.03453689167974883 0.023665048543689317
0 0.6837715855572999 0.6579186893203883 0.025706436420722137 0.016686893203883495
0 0.7356750392464678 0.6630764563106796 0.07535321821036108 0.03549757281553398
0 0.8113226059654631 0.6553398058252426 0.07240973312401884 0.03398058252427184
0 0.8805926216640503 0.6394114077669902 0.0543563579277865 0.03549757281553398
0 0.6186224489795918 0.6953883495145631 0.06534536891679749 0.03216019417475728
0 0.6741562009419153 0.6929611650485437 0.047291993720565154 0.03944174757281553
0 0.7333202511773941 0.6817354368932038 0.06397174254317112 0.025485436893203883
0 0.790914442700157 0.6771844660194174 0.047291993720565154 0.026092233009708737
0 0.8299646781789639 0.6793082524271844 0.030416012558869703 0.025485436893203883
0 0.867445054945055 0.6661104368932038 0.039050235478806906 0.0245752427184466
0 0.9003139717425432 0.6626213592233009 0.02590266875981162 0.026092233009708737
0 0.6302001569858713 0.7141990291262136 0.07083987441130299 0.019417475728155338
0 0.7056514913657771 0.7120752427184466 0.06279434850863423 0.027305825242718445
0 0.7630494505494506 0.7179915048543689 0.05828100470957614 0.03671116504854369
0 0.8394819466248038 0.7044902912621359 0.06789638932496075 0.025485436893203883
0 0.8956043956043956 0.6914441747572815 0.04199372056514914 0.02245145631067961
0 0.6250981161695448 0.7434769417475727 0.06102825745682889 0.02214805825242718
0 0.6857339089481947 0.7522754854368932 0.061813186813186816 0.02882281553398058
0 0.7413657770800628 0.7446905339805825 0.044740973312401885 0.034890776699029125
0 0.7914050235478808 0.7483313106796116 0.05062794348508635 0.030643203883495142
0 0.8425235478806908 0.7337682038834951 0.05239403453689168 0.043992718446601936
0 0.6111656200941915 0.7804915048543689 0.05317896389324961 0.03853155339805825
0 0.6794544740973313 0.7738167475728155 0.07751177394034538 0.026395631067961164
0 0.7499018838304553 0.7804915048543689 0.061813186813186816 0.037924757281553395
0 0.8029827315541602 0.7660800970873786 0.03924646781789639 0.02427184466019417
0 0.875784929356358 0.7598604368932038 0.07770800627943486 0.031856796116504854
0 0.6154827315541601 0.8052184466019416 0.0402276295133438 0.0212378640776699
0 0.6594387755102041 0.8008191747572815 0.03944270015698587 0.02578883495145631
0 0.6986852433281006 0.8056735436893203 0.03512558869701727 0.017900485436893203
0 0.75 0.8044599514563107 0.027472527472527476 0.015473300970873785
0 0.7998430141287285 0.8085558252427184 0.07653061224489796 0.040048543689320384
0 0.8801020408163266 0.7877730582524272 0.05533751962323391 0.03003640776699029
0 0.6129317111459969 0.8408677184466019 0.03002354788069074 0.018507281553398057
0 0.6722919937205651 0.8360133495145631 0.08202511773940346 0.026395631067961164
0 0.7717817896389325 0.8314623786407767 0.04552590266875981 0.017900485436893203
0 0.8258437990580848 0.8261529126213591 0.05396389324960754 0.023665048543689317
0 0.6098901098901099 0.8699939320388349 0.03218210361067504 0.02578883495145631
0 0.6444270015698588 0.8696905339805825 0.030612244897959186 0.015473300970873785
0 0.6915227629513344 0.8648361650485437 0.06161695447409733 0.025182038834951456
0 0.7528453689167975 0.8639259708737863 0.028453689167974885 0.019720873786407765
0 0.807201726844584 0.8578580097087378 0.07005494505494506 0.02578883495145631
0 0.6199960753532182 0.9000303398058251 0.047291993720565154 0.017900485436893203
0 0.6792582417582418 0.8947208737864077 0.058673469387755105 0.025485436893203883
0 0.8173076923076924 0.8894114077669902 0.03296703296703297 0.022754854368932036
