0 0.09036499215070644 0.0524878640776699 0.058673469387755105 0.025485436893203883
0 0.07407770800627944 0.07691140776699028 0.028453689167974885 0.026395631067961164
0 0.1077315541601256 0.07630461165048542 0.03924646781789639 0.021541262135922327
0 0.14060047095761383 0.0782766990291262 0.023351648351648352 0.014563106796116504
0 0.07191915227629514 0.09557038834951455 0.031200941915227633 0.021844660194174755
0 0.10645604395604397 0.09966626213592232 0.043759811616954476 0.026395631067961164
0 0.14148351648351648 0.10148665048543688 0.02590266875981162 0.030643203883495142
0 0.08173076923076923 0.10983009708737863 0.0402276295133438 0.020024271844660192
0 0.1336342229199372 0.12166262135922329 0.04866562009419152 0.023665048543689317
0 0.0816326530612245 0.1306128640776699 0.04513343799058085 0.02214805825242718
0 0.11852433281004711 0.13379854368932037 0.03021978021978022 0.020631067961165046
0 0.07240973312401884 0.15063713592233008 0.03021978021978022 0.018507281553398057
0 0.09929356357927788 0.1551881067961165 0.02904238618524333 0.023968446601941744
0 0.12460753532182105 0.152002427184466 0.023155416012558872 0.01820388349514563
0 0.14717425431711148 0.15761529126213591 0.021585557299843017 0.016686893203883495
0 0.07172291993720566 0.1653519417475728 0.03002354788069074 0.01820388349514563
0 0.1103806907378336 0.17339199029126212 0.04611459968602826 0.021541262135922327
0 0.07005494505494506 0.18461771844660194 0.028649921507064365 0.02032766990291262
0 0.07810047095761381 0.21146844660194172 0.044348508634222926 0.028519417475728153
0 0.11960361067503926 0.2076759708737864 0.039050235478806906 0.0245752427184466
0 0.19868524332810047 0.062196601941747566 0.09085557299843014 0.07281553398058252
0 0.26854395604395603 0.07387742718446601 0.060243328100470964 0.03428398058252427
0 0.3354591836734694 0.06887135922330097 0.06652276295133439 0.029126213592233007
0 0.3894230769230769 0.06280339805825243 0.047291993720565154 0.02427184466019417
0 0.4355376766091052 0.07402912621359223 0.04297488226059655 0.028519417475728153
0 0.472723704866562 0.06826456310679611 0.029434850863422294 0.02973300970873786
0 0.19054160125588698 0.09572208737864077 0.033359497645211934 0.03853155339805825
0 0.2262558869701727 0.09359830097087378 0.04042386185243328 0.01911407766990291
0 0.27207613814756676 0.09010922330097086 0.037480376766091054 0.026092233009708737
0 0.3118131868131868 0.09223300970873785 0.03924646781789639 0.019417475728155338
0 0.39668367346938777 0.08980582524271843 0.08339874411302983 0.02669902912621359
0 0.45643642072213503 0.10087985436893203 0.05102040816326531 0.034890776699029125
0 0.18779434850863425 0.12029733009708737 0.05690737833594977 0.018507281553398057
0 0.2353806907378336 0.12742718446601942 0.032378335949764525 0.02669902912621359
0 0.2694270015698587 0.12484830097087378 0.026295133437990583 0.040958737864077666
0 0.3416405023547881 0.11938713592233009 0.04748822605965464 0.025182038834951456
0 0.39236656200941916 0.12044902912621358 0.05121664050235479 0.03155339805825243
0 0.451138147566719 0.11756674757281553 0.06593406593406594 0.02214805825242718
0 0.16964285714285715 0.1465412621359223 0.027276295133437992 0.03216019417475728
0 0.20967425431711148 0.14502427184466019 0.05160910518053376 0.03094660194174757
0 0.26540423861852436 0.1465412621359223 0.055533751962323394 0.016383495145631068
0 0.3328100470957614 0.15245752427184464 0.05533751962323391 0.029429611650485434
0 0.3864795918367347 0.1418385922330097 0.042189952904238624 0.01608009708737864
0 0.4427001569858713 0.14881674757281552 0.03924646781789639 0.023968446601941744
0 0.1718995290423862 0.17233009708737862 0.023155416012558872 0.014563106796116504
0 0.1951530612244898 0.1688410194174757 0.021781789638932497 0.019720873786407765
0 0.2207613814756672 0.16823422330097085 0.02904238618524333 0.017900485436893203
0 0.27148744113029827 0.17050970873786406 0.053571428571428575 0.019417475728155338
0 0.3196624803767661 0.16656553398058252 0.033359497645211934 0.0212378640776699
0 0.3524332810047096 0.17126820388349512 0.029827315541601257 0.02578883495145631
0 0.38755886970172687 0.1708131067961165 0.033359497645211934 0.040048543689320384
0 0.42700156985871274 0.16504854368932037 0.04513343799058085 0.023058252427184463
0 0.18426216640502355 0.1944781553398058 0.04905808477237049 0.018810679611650484
0 0.2300824175824176 0.20251820388349512 0.04179748822605966 0.025182038834951456
0 0.26952511773940346 0.19766383495145629 0.043759811616954476 0.0245752427184466
0 0.315541601255887 0.19569174757281552 0.04395604395604396 0.015169902912621358
0 0.3505690737833595 0.19402305825242716 0.021781789638932497 0.015473300970873785
0 0.3922684458398744 0.19493325242718446 0.06161695447409733 0.02882281553398058
0 0.4380886970172685 0.19129247572815533 0.026491365777080063 0.017900485436893203
0 0.46673861852433285 0.1943264563106796 0.028846153846153848 0.02336165048543689
0 0.17611852433281006 0.2176881067961165 0.034340659340659344 0.019720873786407765
0 0.2255690737833595 0.22375606796116504 0.04101255886970173 0.026395631067961164
0 0.26854395604395603 0.22587985436893201 0.040620094191522765 0.03003640776699029
0 0.30808477237048665 0.21844660194174756 0.03571428571428572 0.023665048543689317
0 0.3541993720565149 0.22254247572815533 0.0663265306122449 0.03246359223300971
0 0.40600470957613816 0.21723300970873785 0.036499215070643645 0.027305825242718445
0 0.4460361067503925 0.21829490291262135 0.04003139717425432 0.02882281553398058
0 0.21065541601255888 0.24317354368932037 0.022566718995290426 0.015473300970873785
0 0.2626569858712716 0.24544902912621358 0.07908163265306123 0.027305825242718445
0 0.3455651491365777 0.24620752427184464 0.07103610675039247 0.03671116504854369
0 0.4071821036106751 0.2389259708737864 0.04356357927786499 0.029429611650485434
0 0.4592817896389325 0.23574029126213591 0.05121664050235479 0.023058252427184463
0 0.176903453689168 0.26729368932038833 0.035518053375196236 0.020631067961165046
0 0.2131083202511774 0.27063106796116504 0.031397174254317116 0.01699029126213592
0 0.30680926216640503 0.27199635922330095 0.07358712715855574 0.034890776699029125
0 0.39756671899529045 0.26638349514563103 0.03924646781789639 0.025485436893203883
0 0.43612637362637363 0.25970873786407767 0.030808477237048666 0.01820388349514563
0 0.4683084772370487 0.2569781553398058 0.03159340659340659 0.0212378640776699
0 0.18426216640502355 0.2921723300970874 0.05690737833594977 0.026092233009708737
0 0.23292778649921508 0.30081917475728154 0.036499215070643645 0.02578883495145631
0 0.28512558869701726 0.29778519417475724 0.06514913657770802 0.03003640776699029
0 0.345074568288854 0.2935376213592233 0.04611459968602826 0.031249999999999997
0 0.41385400313971743 0.28564927184466016 0.022370486656200943 0.017900485436893203
0 0.4531985871271586 0.28291868932038833 0.05514128728414443 0.02032766990291262
0 0.1762166405023548 0.31674757281553395 0.03414442700156986 0.020024271844660192
0 0.2097723704866562 0.31568567961165045 0.0282574568288854 0.01729368932038835
0 0.258339874411303 0.31780946601941745 0.06573783359497645 0.022754854368932036
0 0.31299058084772374 0.31978155339805825 0.021585557299843017 0.012135922330097085
0 0.34546703296703296 0.31887135922330095 0.047291993720565154 0.02427184466019417
0 0.4266091051805338 0.3125 0.1098901098901099 0.027305825242718445
0 0.17258634222919939 0.34541868932038833 0.039050235478806906 0.034890776699029125
0 0.2140894819466248 0.3391990291262136 0.04277864992150707 0.023058252427184463
0 0.27040816326530615 0.3417779126213592 0.044740973312401885 0.017900485436893203
0 0.31406985871271587 0.3407160194174757 0.037480376766091054 0.020631067961165046
0 0.36312794348508637 0.34875606796116504 0.053571428571428575 0.03610436893203883
0 0.43043563579277866 0.3349514563106796 0.052001569858712716 0.023058252427184463
0 0.19093406593406595 0.3687803398058252 0.06318681318681318 0.025182038834951456
0 0.24224882260596547 0.3695388349514563 0.032378335949764525 0.01699029126213592
0 0.2890502354788069 0.37499999999999994 0.05572998430141288 0.02973300970873786
0 0.3403649921507065 0.36802184466019416 0.04611459968602826 0.020024271844660192
0 0.4089481946624804 0.3674150485436893 0.0902668759811617 0.027305825242718445
0 0.21251962323390897 0.3991201456310679 0.10635792778649922 0.03246359223300971
0 0.29552590266875983 0.39729975728155337 0.052590266875981166 0.02578883495145631
0 0.36793563579277866 0.3954793689320388 0.0706436420722135 0.022754854368932036
0 0.4298469387755102 0.3912317961165048 0.03355572998430142 0.020934466019417473
0 0.4619309262166405 0.38925970873786403 0.029434850863422294 0.021844660194174755
0 0.17680533751962324 0.42415048543689315 0.03532182103610675 0.03519417475728155
0 0.2162480376766091 0.42718446601941745 0.04120879120879121 0.02245145631067961
0 0.26628728414442704 0.42293689320388345 0.04042386185243328 0.01820388349514563
0 0.31024332810047095 0.42415048543689315 0.043171114599686033 0.018810679611650484
0 0.35037284144427006 0.418385922330097 0.03512558869701727 0.020024271844660192
0 0.3921703296703297 0.4179308252427184 0.042189952904238624 0.02336165048543689
0 0.46261773940345374 0.41262135922330095 0.04415227629513344 0.01820388349514563
0 0.18563579277864994 0.4490291262135922 0.05533751962323391 0.0212378640776699
0 0.23155416012558871 0.4484223300970873 0.03571428571428572 0.023058252427184463
0 0.2765894819466248 0.4499393203883495 0.05278649921507065 0.03094660194174757
0 0.36214678178963894 0.44736043689320387 0.11832810047095763 0.033677184466019416
0 0.454179748822606 0.44296116504854366 0.056711145996860286 0.027305825242718445
0 0.20408163265306123 0.47223907766990286 0.039638932496075356 0.019720873786407765
0 0.2645211930926217 0.4766383495145631 0.07810047095761381 0.0279126213592233
0 0.3254513343799058 0.48225121359223294 0.04964678178963894 0.03307038834951456
0 0.3626373626373627 0.4772451456310679 0.029827315541601257 0.028519417475728153
0 0.40315934065934067 0.46859830097087374 0.050824175824175824 0.02578883495145631
0 0.4519230769230769 0.4626820388349514 0.04552590266875981 0.01820388349514563
0 0.17013343799058087 0.4943871359223301 0.022370486656200943 0.018507281553398057
0 0.21693485086342232 0.4948422330097087 0.06259811616954475 0.023665048543689317
0 0.2819858712715856 0.5098604368932038 0.06750392464678179 0.03307038834951456
0 0.33182888540031397 0.5075849514563107 0.03728414442700157 0.03155339805825243
0 0.3682299843014129 0.4937803398058252 0.034340659340659344 0.022754854368932036
0 0.42916012558869704 0.4983313106796116 0.06750392464678179 0.031249999999999997
0 0.18818681318681318 0.5218446601941747 0.07260596546310832 0.032766990291262135
0 0.23930533751962324 0.5382281553398057 0.03708791208791209 0.030339805825242715
0 0.2722723704866562 0.5303398058252426 0.032378335949764525 0.028519417475728153
0 0.32358712715855575 0.5235133495145631 0.06357927786499215 0.020934466019417473
0 0.37480376766091056 0.5191140776699029 0.033751962323390894 0.027305825242718445
0 0.44338697017268447 0.5192657766990291 0.07476452119309263 0.031856796116504854
0 0.19073783359497645 0.5488470873786407 0.06789638932496075 0.023058252427184463
0 0.2532378335949765 0.5594660194174756 0.05828100470957614 0.026092233009708737
0 0.29464285714285715 0.5581007281553397 0.027668759811616955 0.02578883495145631
0 0.3218210361067504 0.5505157766990291 0.023155416012558872 0.016686893203883495
0 0.36979984301412877 0.5503640776699029 0.04611459968602826 0.01820388349514563
0 0.4094387755102041 0.5489987864077669 0.032378335949764525 0.01486650485436893
0 0.45457221350078497 0.5459648058252426 0.056711145996860286 0.027609223300970872
0 0.176903453689168 0.5735740291262136 0.035518053375196236 0.021541262135922327
0 0.2239010989010989 0.6982706310679611 0.0003924646781789639 0.0015169902912621357
0 0.2140894819466248 0.5735740291262136 0.03532182103610675 0.02336165048543689
0 0.26275510204081637 0.5785800970873786 0.057692307692307696 0.019417475728155338
0 0.3090659340659341 0.5776699029126213 0.02119309262166405 0.026092233009708737
0 0.3570447409733124 0.5756978155339806 0.048861852433281006 0.01608009708737864
0 0.41983908948194665 0.5690230582524272 0.06887755102040817 0.0245752427184466
0 0.46850470957613816 0.5664441747572815 0.024529042386185244 0.0212378640776699
0 0.1858320251177394 0.5975424757281553 0.05494505494505495 0.020934466019417473
0 0.22900313971742545 0.6054308252427184 0.027472527472527476 0.020934466019417473
0 0.2550039246467818 0.6011832524271844 0.023351648351648352 0.019720873786407765
0 0.3025902668759812 0.6034587378640777 0.07339089481946626 0.03519417475728155
0 0.3630298273155416 0.5996662621359222 0.029827315541601257 0.017900485436893203
0 0.4395604395604396 0.598756067961165 0.051412872841444274 0.03246359223300971
0 0.18171114599686028 0.6239381067961165 0.059262166405023554 0.030643203883495142
0 0.2387166405023548 0.625 0.05592621664050236 0.02487864077669903
0 0.3163265306122449 0.6304611650485437 0.06004709576138148 0.029126213592233007
0 0.3983516483516484 0.6290958737864077 0.10204081632653061 0.03428398058252427
0 0.179552590266876 0.6474514563106796 0.04552590266875981 0.025485436893203883
0 0.23116169544740975 0.654126213592233 0.05180533751962324 0.021844660194174755
0 0.353806907378336 0.6488167475728155 0.04748822605965464 0.02214805825242718
0 0.4321036106750393 0.6483616504854368 0.06397174254317112 0.016383495145631068
0 0.18857927786499215 0.6712682038834951 0.031397174254317116 0.02336165048543689
0 0.2343995290423862 0.6733919902912621 0.05710361067503925 0.020934466019417473
0 0.28620486656200944 0.6752123786407767 0.04650706436420722 0.020934466019417473
0 0.3404631083202512 0.6717233009708737 0.043171114599686033 0.019417475728155338
0 0.39374018838304553 0.6755157766990291 0.05317896389324961 0.027609223300970872
0 0.4366169544740974 0.6712682038834951 0.033359497645211934 0.02336165048543689
0 0.21634615384615385 0.703883495145631 0.11675824175824176 0.03398058252427184
0 0.2970957613814757 0.701759708737864 0.04591836734693878 0.02973300970873786
0 0.35841836734693877 0.6990291262135921 0.05317896389324961 0.016383495145631068
0 0.4039442700156986 0.6979672330097086 0.03787284144427002 0.01911407766990291
0 0.43367346938775514 0.698877427184466 0.019623233908948195 0.03428398058252427
0 0.46271585557299844 0.6953883495145631 0.03610675039246468 0.02427184466019417
0 0.19652668759811617 0.7260315533980581 0.07868916797488226 0.03094660194174757
0 0.25421899529042385 0.7243628640776698 0.035910518053375196 0.019720873786407765
0 0.28944270015698587 0.7260315533980581 0.03296703296703297 0.015776699029126214
0 0.3486067503924647 0.7220873786407767 0.08339874411302983 0.02427184466019417
0 0.4335753532182104 0.7295206310679611 0.09713500784929358 0.03974514563106796
0 0.1833791208791209 0.7519720873786407 0.04689952904238619 0.016686893203883495
0 0.2248822605965463 0.7503033980582524 0.031789638932496075 0.019417475728155338
0 0.26805337519623235 0.7474211165048543 0.049450549450549455 0.026395631067961164
0 0.32427394034536894 0.7489381067961164 0.0641679748822606 0.026395631067961164
0 0.38755886970172687 0.7542475728155339 0.06279434850863423 0.032766990291262135
0 0.4523155416012559 0.7445388349514562 0.05494505494505495 0.04126213592233009
0 0.17631475667189955 0.7745752427184466 0.032378335949764525 0.017597087378640776
0 0.22949372056514916 0.7785194174757281 0.07240973312401884 0.03640776699029126
0 0.2892464678178964 0.786256067961165 0.05180533751962324 0.031856796116504854
0 0.33457613814756676 0.7854975728155339 0.04866562009419152 0.030339805825242715
0 0.42288069073783363 0.7729065533980581 0.017268445839874413 0.014259708737864077
0 0.4424058084772371 0.7700242718446602 0.019427001569858715 0.016383495145631068
0 0.4662480376766091 0.7624393203883495 0.027472527472527476 0.023058252427184463
0 0.18799058084772372 0.7971783980582524 0.06004709576138148 0.02214805825242718
0 0.22782574568288855 0.7935376213592232 0.019623233908948195 0.027002427184466018
0 0.25961538461538464 0.8070388349514562 0.046703296703296704 0.032766990291262135
0 0.29572213500784933 0.7996055825242718 0.024725274725274728 0.01911407766990291
0 0.37382260596546313 0.8073422330097086 0.031789638932496075 0.03094660194174757
0 0.41267660910518056 0.7962682038834951 0.046703296703296704 0.020934466019417473
0 0.4592817896389325 0.7908070388349514 0.043759811616954476 0.02578883495145631
0 0.18406593406593408 0.8243325242718446 0.05337519623233909 0.020024271844660192
0 0.2279238618524333 0.8263046116504854 0.029631083202511777 0.016686893203883495
0 0.27580455259026687 0.8237257281553397 0.045329670329670335 0.021844660194174755
0 0.3308477237048666 0.8269114077669902 0.059262166405023554 0.027002427184466018
0 0.375 0.8369235436893203 0.03532182103610675 0.031249999999999997
0 0.41316718995290425 0.8297936893203883 0.04964678178963894 0.03337378640776699
0 0.18504709576138148 0.8501213592233009 0.0521978021978022 0.025485436893203883
0 0.2234105180533752 0.8592233009708737 0.030416012558869703 0.029126213592233007
0 0.26393249607535324 0.8496662621359222 0.04748822605965464 0.02032766990291262
0 0.3076923076923077 0.8504247572815533 0.04003139717425432 0.023665048543689317
0 0.3426216640502355 0.8569478155339805 0.033359497645211934 0.02882281553398058
0 0.3771585557299843 0.8499696601941746 0.03414442700156986 0.017900485436893203
0 0.42435243328100475 0.8429915048543689 0.061420722135007856 0.029429611650485434
0 0.18131868131868134 0.882129854368932 0.04709576138147567 0.01911407766990291
0 0.22203689167974883 0.882129854368932 0.022566718995290426 0.014259708737864077
0 0.2511773940345369 0.8816747572815533 0.033359497645211934 0.02669902912621359
0 0.29925431711146 0.8806128640776698 0.0565149136577708 0.02336165048543689
0 0.35351255886970173 0.8762135922330097 0.0500392464678179 0.02245145631067961
0 0.4470172684458399 0.8690837378640776 0.07417582417582418 0.033677184466019416
0 0.20624018838304553 0.9054915048543688 0.06043956043956044 0.023968446601941744
0 0.2960164835164835 0.9120145631067961 0.05945839874411303 0.02487864077669903
0 0.3444858712715856 0.9047330097087378 0.03787284144427002 0.020024271844660192
0 0.39668367346938777 0.899878640776699 0.028453689167974885 0.023665048543689317
0 0.46242150706436425 0.8948725728155339 0.052001569858712716 0.0245752427184466
0 0.19230769230769232 0.9315837378640776 0.06475667189952905 0.020934466019417473
0 0.2536302982731554 0.9327973300970873 0.05239403453689168 0.022754854368932036
0 0.3178963893249608 0.9338592233009708 0.04081632653061225 0.02973300970873786
0 0.3662676609105181 0.936134708737864 0.052001569858712716 0.028216019417475726
0 0.4115973312401884 0.9299150485436892 0.03787284144427002 0.0212378640776699
0 0.45094191522762955 0.9259708737864076 0.03885400313971743 0.019417475728155338
0 0.6402080062794349 0.06432038834951456 0.07908163265306123 0.028519417475728153
0 0.7489207221350079 0.06629247572815533 0.092425431711146 0.03246359223300971
0 0.8426216640502355 0.05855582524271844 0.06593406593406594 0.02487864077669903
0 0.9065934065934066 0.06386529126213591 0.06514913657770802 0.03246359223300971
0 0.6141091051805337 0.08919902912621358 0.023351648351648352 0.015169902912621358
0 0.6649332810047096 0.09511529126213591 0.0543563579277865 0.02578883495145631
0 0.72350863422292 0.08464805825242717 0.0620094191522763 0.019417475728155338
0 0.7793367346938775 0.08419296116504854 0.04807692307692308 0.01911407766990291
0 0.8253532182103611 0.16671723300970873 0.0003924646781789639 0.00030339805825242716
0 0.8235871271585558 0.0826759708737864 0.03532182103610675 0.02214805825242718
0 0.8691130298273156 0.08798543689320387 0.0620094191522763 0.02973300970873786
0 0.918956043956044 0.08722694174757281 0.0380690737833595 0.026395631067961164
0 0.6355965463108321 0.11089199029126212 0.06750392464678179 0.0245752427184466
0 0.7148744113029828 0.11438106796116504 0.09105180533751962 0.03944174757281553
0 0.8152472527472528 0.10467233009708737 0.03355572998430142 0.020631067961165046
0 0.859497645211931 0.10649271844660194 0.051412872841444274 0.018810679611650484
0 0.9123822605965464 0.10406553398058252 0.05278649921507065 0.025485436893203883
0 0.6167582417582418 0.13470873786407767 0.028649921507064365 0.016383495145631068
0 0.6655219780219781 0.13683252427184464 0.06573783359497645 0.021844660194174755
0 0.7101648351648352 0.14487257281553398 0.027472527472527476 0.02336165048543689
0 0.7480376766091053 0.13668082524271843 0.05023547880690738 0.020934466019417473
0 0.8054356357927787 0.13531553398058252 0.06102825745682889 0.027305825242718445
0 0.8768642072213502 0.13273665048543687 0.07711930926216641 0.031249999999999997
0 0.6169544740973313 0.15898058252427183 0.03414442700156986 0.01820388349514563
0 0.6482535321821037 0.16732402912621358 0.028846153846153848 0.0245752427184466
0 0.6762166405023549 0.1620145631067961 0.023547880690737835 0.01699029126213592
0 0.7038854003139717 0.15958737864077668 0.03021978021978022 0.021844660194174755
0 0.7351844583987441 0.16125606796116504 0.03159340659340659 0.016686893203883495
0 0.7724686028257457 0.15943567961165048 0.03826530612244898 0.01911407766990291
0 0.8017072213500785 0.154126213592233 0.02374411302982732 0.020631067961165046
0 0.8649921507064364 0.15913228155339804 0.05416012558869702 0.03307038834951456
0 0.9159144427001571 0.1453276699029126 0.045722135007849295 0.023058252427184463
0 0.633339874411303 0.18385922330097085 0.04964678178963894 0.018810679611650484
0 0.6877943485086343 0.18158373786407767 0.04081632653061225 0.02214805825242718
0 0.7523547880690739 0.1809769417475728 0.060832025117739406 0.021541262135922327
0 0.7981750392464678 0.18143203883495143 0.02295918367346939 0.015776699029126214
0 0.8257456828885401 0.1773361650485437 0.03100470957613815 0.019720873786407765
0 0.8663657770800628 0.17460558252427183 0.03100470957613815 0.018507281553398057
0 0.8995290423861853 0.17172330097087377 0.030612244897959186 0.017597087378640776
0 0.6277472527472527 0.21086165048543687 0.049843014128728415 0.01820388349514563
0 0.6867150706436421 0.2087378640776699 0.06652276295133439 0.02245145631067961
0 0.7541208791208792 0.21298543689320387 0.054552590266875985 0.0345873786407767
0 0.8027864992150707 0.20266990291262135 0.041601255886970175 0.02245145631067961
0 0.840168759811617 0.19963592233009708 0.031200941915227633 0.023058252427184463
0 0.9068877551020409 0.19705703883495143 0.0500392464678179 0.03003640776699029
0 0.6365777080062794 0.24226334951456308 0.04199372056514914 0.026395631067961164
0 0.6770996860282575 0.2325546116504854 0.03394819466248038 0.02578883495145631
0 0.7110478806907379 0.23422330097087377 0.03669544740973313 0.025485436893203883
0 0.7687401883830456 0.23983616504854366 0.0794740973312402 0.03853155339805825
0 0.8271193092621665 0.23847087378640774 0.036891679748822605 0.03094660194174757
0 0.8584183673469388 0.2267900485436893 0.025313971742543174 0.01729368932038835
0 0.8870682888540032 0.22026699029126212 0.028846153846153848 0.021844660194174755
0 0.9215070643642073 0.22132888349514562 0.03532182103610675 0.016686893203883495
0 0.6428571428571429 0.25955703883495146 0.029434850863422294 0.02336165048543689
0 0.6808281004709577 0.2601638349514563 0.04689952904238619 0.022754854368932036
0 0.7272370486656201 0.2610740291262136 0.02119309262166405 0.020934466019417473
0 0.7621664050235479 0.2645631067961165 0.05023547880690738 0.03216019417475728
0 0.8043563579277866 0.2671419902912621 0.03218210361067504 0.026395631067961164
0 0.8345761381475668 0.2547026699029126 0.029827315541601257 0.017900485436893203
0 0.8889324960753533 0.2524271844660194 0.07810047095761381 0.030339805825242715
0 0.6292189952904239 0.2882281553398058 0.05396389324960754 0.020631067961165046
0 0.674646781789639 0.28595266990291257 0.0380690737833595 0.02032766990291262
0 0.7399921507064364 0.28792475728155337 0.05533751962323391 0.026092233009708737
0 0.8133830455259027 0.28352548543689315 0.05690737833594977 0.019720873786407765
0 0.8743131868131868 0.277002427184466 0.060243328100470964 0.021844660194174755
0 0.9217032967032968 0.2724514563106796 0.03453689167974883 0.014563106796116504
0 0.6135204081632654 0.31416868932038833 0.021389324960753534 0.028216019417475726
0 0.6362833594976453 0.31674757281553395 0.0260989010989011 0.020024271844660192
0 0.6593406593406593 0.310376213592233 0.01805337519623234 0.014563106796116504
0 0.695839874411303 0.31113470873786403 0.052982731554160126 0.02032766990291262
0 0.7460753532182104 0.31644417475728154 0.04042386185243328 0.035800970873786406
0 0.8034733124018839 0.30233616504854366 0.034340659340659344 0.021541262135922327
0 0.8496860282574569 0.30339805825242716 0.04866562009419152 0.020631067961165046
0 0.9060047095761382 0.3005157766990291 0.06671899529042387 0.03003640776699029
0 0.620094191522763 0.33252427184466016 0.029434850863422294 0.014563106796116504
0 0.6574764521193093 0.33479975728155337 0.04650706436420722 0.02578883495145631
0 0.696624803767661 0.33206917475728154 0.027472527472527476 0.017900485436893203
0 0.7372448979591837 0.3419296116504854 0.044348508634222926 0.025485436893203883
0 0.794348508634223 0.32918689320388345 0.030612244897959186 0.021844660194174755
0 0.8400706436420723 0.33237257281553395 0.05729984301412873 0.0245752427184466
0 0.9070839874411304 0.32782160194174753 0.06534536891679749 0.029429611650485434
0 0.6152864992150707 0.3567961165048543 0.0260989010989011 0.018810679611650484
0 0.6551216640502355 0.3543689320388349 0.05160910518053376 0.025485436893203883
0 0.7071232339089483 0.357251213592233 0.048469387755102046 0.01911407766990291
0 0.7506868131868132 0.35800970873786403 0.03316326530612245 0.0212378640776699
0 0.8167189952904239 0.3554308252427184 0.023547880690737835 0.020934466019417473
0 0.8473312401883831 0.3543689320388349 0.036891679748822605 0.020631067961165046
0 0.9041405023547882 0.3528519417475728 0.07594191522762951 0.020631067961165046
0 0.6262755102040817 0.3847087378640776 0.04493720565149137 0.018810679611650484
0 0.6860282574568289 0.3818264563106796 0.03885400313971743 0.02214805825242718
0 0.7335164835164836 0.3828883495145631 0.05376766091051806 0.029126213592233007
0 0.7857142857142858 0.3830400485436893 0.029434850863422294 0.01911407766990291
0 0.8691130298273156 0.3751516990291262 0.06671899529042387 0.021541262135922327
0 0.6264717425431712 0.40700849514563103 0.042189952904238624 0.021541262135922327
0 0.6743524332810048 0.40852548543689315 0.052001569858712716 0.019720873786407765
0 0.7355769230769231 0.404126213592233 0.07123233908948196 0.01820388349514563
0 0.8006279434850864 0.4006371359223301 0.04081632653061225 0.020934466019417473
0 0.8709772370486657 0.3974514563106796 0.04807692307692308 0.023665048543689317
0 0.9177786499215072 0.3997269417475728 0.038461538461538464 0.019720873786407765
0 0.6301020408163266 0.4337075242718446 0.05062794348508635 0.022754854368932036
0 0.6728806907378336 0.4308252427184466 0.031397174254317116 0.018810679611650484
0 0.7163461538461539 0.42945995145631066 0.04650706436420722 0.01608009708737864
0 0.7733516483516484 0.42703276699029125 0.06436420722135008 0.01911407766990291
0 0.8632260596546312 0.4277912621359223 0.031397174254317116 0.02487864077669903
0 0.8932496075353219 0.4224817961165048 0.026295133437990583 0.014259708737864077
0 0.9204277864992151 0.4191444174757281 0.027668759811616955 0.018507281553398057
0 0.6330455259026688 0.45555218446601936 0.05729984301412873 0.016686893203883495
0 0.6904434850863422 0.45600728155339804 0.053571428571428575 0.019417475728155338
0 0.7304748822605965 0.45782766990291257 0.02806122448979592 0.029126213592233007
0 0.7774725274725275 0.4522148058252427 0.04395604395604396 0.02032766990291262
0 0.8200549450549451 0.45873786407766987 0.04395604395604396 0.025485436893203883
0 0.856456043956044 0.4499393203883495 0.030416012558869703 0.016383495145631068
0 0.9129709576138149 0.4485740291262136 0.05788854003139718 0.034890776699029125
0 0.6260792778649922 0.4783070388349514 0.045722135007849295 0.023968446601941744
0 0.6759222919937206 0.47754854368932037 0.048861852433281006 0.019417475728155338
0 0.7362637362637363 0.480127427184466 0.05886970172684459 0.01911407766990291
0 0.8024921507064364 0.48619538834951453 0.06966248037676609 0.03246359223300971
0 0.8585164835164836 0.48604368932038833 0.04277864992150707 0.030339805825242715
0 0.9062009419152277 0.4786104368932038 0.052590266875981166 0.028216019417475726
0 0.6216640502354789 0.49984830097087374 0.03414442700156986 0.02214805825242718
0 0.6627747252747254 0.5001516990291262 0.0445447409733124 0.02032766990291262
0 0.7154631083202512 0.502882281553398 0.05847723704866562 0.02032766990291262
0 0.7730572998430142 0.5034890776699029 0.05710361067503925 0.020934466019417473
0 0.8549843014128728 0.5015169902912621 0.05102040816326531 0.019417475728155338
0 0.9119897959183674 0.4959041262135922 0.05239403453689168 0.022754854368932036
0 0.6341248037676609 0.5274575242718447 0.05592621664050236 0.02336165048543689
0 0.6873037676609105 0.529126213592233 0.04768445839874411 0.03337378640776699
0 0.7359693877551021 0.5279126213592232 0.047291993720565154 0.020631067961165046
0 0.7791405023547882 0.5282160194174756 0.03983516483516484 0.018810679611650484
0 0.8190737833594977 0.5356492718446602 0.04827315541601256 0.027609223300970872
0 0.895113814756672 0.5306432038834951 0.0826138147566719 0.030339805825242715
0 0.6299058084772371 0.5526395631067961 0.04748822605965464 0.01486650485436893
0 0.6894623233908949 0.5524878640776698 0.03865777080062795 0.017597087378640776
0 0.742052590266876 0.5529429611650485 0.06691522762951335 0.029429611650485434
0 0.7921899529042387 0.5537014563106796 0.03218210361067504 0.018810679611650484
0 0.8236852433281006 0.5587075242718446 0.034340659340659344 0.027002427184466018
0 0.867052590266876 0.5477851941747572 0.05396389324960754 0.020934466019417473
0 0.9186616954474098 0.5530946601941747 0.045329670329670335 0.02669902912621359
0 0.6275510204081634 0.5805521844660194 0.04356357927786499 0.022754854368932036
0 0.681809262166405 0.5802487864077669 0.06259811616954475 0.02882281553398058
0 0.7462715855572999 0.5775182038834951 0.057692307692307696 0.02578883495145631
0 0.8024921507064364 0.5776699029126213 0.025313971742543174 0.013349514563106795
0 0.8531200941915228 0.581007281553398 0.05592621664050236 0.0212378640776699
0 0.9098312401883831 0.5752427184466019 0.05592621664050236 0.0212378640776699
0 0.665914442700157 0.6020934466019418 0.0500392464678179 0.017900485436893203
0 0.7167386185243328 0.6067961165048543 0.028453689167974885 0.0279126213592233
0 0.7643249607535322 0.6048240291262136 0.04081632653061225 0.026395631067961164
0 0.82388147566719 0.6014866504854368 0.050431711145996864 0.02214805825242718
0 0.875784929356358 0.6025485436893203 0.04277864992150707 0.020631067961165046
0 0.9190541601255887 0.603003640776699 0.03787284144427002 0.02882281553398058
0 0.6258830455259027 0.6234830097087378 0.02374411302982732 0.014563106796116504
0 0.6655219780219781 0.6271237864077669 0.048861852433281006 0.019417475728155338
0 0.7049646781789639 0.6284890776699028 0.024529042386185244 0.015473300970873785
0 0.739010989010989 0.632129854368932 0.036891679748822605 0.031249999999999997
0 0.7898351648351649 0.6304611650485437 0.06122448979591837 0.02245145631067961
0 0.8645996860282575 0.6306128640776698 0.0859497645211931 0.025182038834951456
0 0.9229788069073784 0.6275788834951456 0.026491365777080063 0.016686893203883495
0 0.6345172684458399 0.6586771844660193 0.05788854003139718 0.04186893203883495
0 0.6864207221350079 0.6545813106796116 0.044740973312401885 0.02214805825242718
0 0.750392464678179 0.6601941747572815 0.07535321821036108 0.03094660194174757
0 0.8040620094191523 0.6661104368932038 0.032770800627943485 0.0245752427184466
0 0.845859497645212 0.6571601941747572 0.047291993720565154 0.020631067961165046
0 0.8826530612244898 0.6536711165048543 0.018445839874411302 0.021541262135922327
0 0.9165031397174255 0.6513956310679611 0.048861852433281006 0.02427184466019417
0 0.6173469387755103 0.6840109223300971 0.023547880690737835 0.016686893203883495
0 0.6497252747252747 0.6909890776699028 0.046703296703296704 0.028216019417475726
0 0.703394819466248 0.6844660194174756 0.023351648351648352 0.020631067961165046
0 0.7381279434850864 0.690382281553398 0.04297488226059655 0.027609223300970872
0 0.8005298273155417 0.6881067961165048 0.0826138147566719 0.03519417475728155
0 0.8928571428571429 0.6855279126213591 0.07810047095761381 0.027002427184466018
0 0.6403061224489797 0.7129854368932038 0.06514913657770802 0.023665048543689317
0 0.6929945054945056 0.715260922330097 0.03826530612244898 0.016686893203883495
0 0.7316522762951335 0.7228458737864077 0.0445447409733124 0.028216019417475726
0 0.7876766091051806 0.7248179611650485 0.0804552590266876 0.03155339805825243
0 0.84850863422292 0.717384708737864 0.03610675039246468 0.018507281553398057
0 0.9052197802197802 0.7172330097087378 0.07417582417582418 0.03762135922330097
0 0.6260792778649922 0.7427184466019416 0.03944270015698587 0.01699029126213592
0 0.6770996860282575 0.7427184466019416 0.053571428571428575 0.03762135922330097
0 0.753041601255887 0.7446905339805825 0.06809262166405024 0.023968446601941744
0 0.802295918367347 0.7496966019417475 0.028453689167974885 0.023665048543689317
0 0.8509615384615385 0.7439320388349514 0.06887755102040817 0.025485436893203883
0 0.911401098901099 0.7433252427184466 0.04925431711145997 0.0279126213592233
0 0.6183281004709577 0.7671419902912621 0.025510204081632654 0.026395631067961164
0 0.6524725274725275 0.7662317961165048 0.03571428571428572 0.028216019417475726
0 0.7056514913657771 0.779884708737864 0.04748822605965464 0.03246359223300971
0 0.7707025117739403 0.7760922330097086 0.07751177394034538 0.03216019417475728
0 0.8226059654631084 0.7722997572815533 0.027472527472527476 0.02032766990291262
0 0.8676412872841445 0.7806432038834951 0.06456043956043957 0.03762135922330097
0 0.6265698587127159 0.7996055825242718 0.03296703296703297 0.025182038834951456
0 0.6721938775510204 0.8015776699029126 0.05121664050235479 0.030339805825242715
0 0.7246860282574569 0.8094660194174756 0.046310832025117744 0.03155339805825243
0 0.7760007849293564 0.8029429611650485 0.052001569858712716 0.03307038834951456
0 0.818975667189953 0.8085558252427184 0.03394819466248038 0.030339805825242715
0 0.8727433281004711 0.8026395631067961 0.07162480376766091 0.027609223300970872
0 0.9182692307692308 0.7996055825242718 0.021389324960753534 0.023968446601941744
0 0.6239207221350079 0.8276699029126213 0.03826530612244898 0.023665048543689317
0 0.6616954474097332 0.8304004854368932 0.03257456828885401 0.0212378640776699
0 0.6929945054945056 0.8328276699029126 0.024529042386185244 0.017597087378640776
0 0.7386185243328101 0.8335861650485437 0.06357927786499215 0.031249999999999997
0 0.7948390894819467 0.8363167475728155 0.043759811616954476 0.02882281553398058
0 0.8333987441130298 0.8291868932038834 0.033359497645211934 0.02487864077669903
0 0.6296114599686029 0.8539138349514562 0.043759811616954476 0.027002427184466018
0 0.6744505494505495 0.8616504854368932 0.04513343799058085 0.03640776699029126
0 0.7325353218210362 0.8598300970873786 0.04356357927786499 0.02245145631067961
0 0.8033751962323391 0.8655946601941746 0.10282574568288855 0.038834951456310676
0 0.6190149136577708 0.8922936893203882 0.03159340659340659 0.02669902912621359
0 0.6540423861852434 0.889259708737864 0.03610675039246468 0.015776699029126214
0 0.6977040816326531 0.8901699029126213 0.04493720565149137 0.03519417475728155
0 0.7623626373626374 0.8900182038834951 0.07810047095761381 0.01911407766990291
0 0.820839874411303 0.8942657766990291 0.03218210361067504 0.03428398058252427
0 0.6813186813186813 0.9195995145631067 0.10478806907378337 0.030339805825242715
0 0.7800235478806908 0.9220266990291262 0.09262166405023549 0.0345873786407767
