0 0.195839874411303 0.09299150485436893 0.06514913657770802 0.03003640776699029
0 0.27109497645211933 0.09071601941747572 0.0782967032967033 0.029126213592233007
0 0.3675431711145997 0.08722694174757281 0.05533751962323391 0.01729368932038835
0 0.4267072213500785 0.08616504854368931 0.06495290423861853 0.01699029126213592
0 0.18014128728414444 0.10649271844660194 0.04552590266875981 0.018810679611650484
0 0.23381083202511777 0.10876820388349513 0.05906593406593407 0.01729368932038835
0 0.27776687598116173 0.10588592233009708 0.02688383045525903 0.0212378640776699
0 0.3071036106750393 0.107251213592233 0.033359497645211934 0.01608009708737864
0 0.3493916797488226 0.11013349514563106 0.03944270015698587 0.025485436893203883
0 0.3942307692307693 0.10998179611650484 0.044348508634222926 0.01608009708737864
0 0.43043563579277866 0.107251213592233 0.030416012558869703 0.016686893203883495
0 0.4657574568288854 0.11468446601941747 0.04807692307692308 0.02973300970873786
0 0.1673861852433281 0.12909587378640774 0.02433281004709576 0.02336165048543689
0 0.20859497645211933 0.13910800970873785 0.0565149136577708 0.04035194174757281
0 0.2559850863422292 0.14168689320388347 0.05317896389324961 0.028519417475728153
0 0.3385989010989011 0.13379854368932037 0.10616169544740973 0.035800970873786406
0 0.4218995290423862 0.13668082524271843 0.052982731554160126 0.029429611650485434
0 0.46487441130298274 0.13212985436893201 0.026295133437990583 0.011832524271844658
0 0.17042778649921508 0.15913228155339804 0.03002354788069074 0.01486650485436893
0 0.2049646781789639 0.15807038834951456 0.03512558869701727 0.017597087378640776
0 0.23999215070643642 0.1564016990291262 0.03257456828885401 0.02214805825242718
0 0.27757064364207223 0.15837378640776698 0.034340659340659344 0.020024271844660192
0 0.3405612244897959 0.15943567961165048 0.056711145996860286 0.02214805825242718
0 0.4012951334379906 0.15716019417475727 0.06318681318681318 0.021844660194174755
0 0.46222527472527475 0.1542779126213592 0.056711145996860286 0.019720873786407765
0 0.1898547880690738 0.18203883495145629 0.06613029827315542 0.01820388349514563
0 0.23950156985871274 0.18977548543689318 0.03708791208791209 0.026395631067961164
0 0.29081632653061223 0.18749999999999997 0.06789638932496075 0.02669902912621359
0 0.3446821036106751 0.17900485436893201 0.032378335949764525 0.02427184466019417
0 0.3394819466248038 0.19675364077669902 0.025510204081632654 0.01061893203883495
0 0.3892268445839875 0.18219053398058252 0.03630298273155416 0.01911407766990291
0 0.4554552590266876 0.18052184466019416 0.07260596546310832 0.018810679611650484
0 0.1790620094191523 0.2034283980582524 0.048469387755102046 0.025182038834951456
0 0.22959183673469388 0.21419902912621358 0.046703296703296704 0.02973300970873786
0 0.2774725274725275 0.20949635922330095 0.03924646781789639 0.025182038834951456
0 0.3110282574568289 0.21981189320388347 0.033359497645211934 0.027609223300970872
0 0.3835361067503925 0.2078276699029126 0.0794740973312402 0.02973300970873786
0 0.4584968602825746 0.20160800970873785 0.06299058084772372 0.022754854368932036
0 0.17974882260596547 0.232251213592233 0.051412872841444274 0.020934466019417473
0 0.21585557299843017 0.23391990291262135 0.02001569858712716 0.03094660194174757
0 0.2485282574568289 0.23285800970873785 0.04493720565149137 0.02336165048543689
0 0.290914442700157 0.23300970873786406 0.040620094191522765 0.021844660194174755
0 0.340168759811617 0.2314927184466019 0.028453689167974885 0.020631067961165046
0 0.3871664050235479 0.2336165048543689 0.06711145996860284 0.035800970873786406
0 0.4323979591836735 0.2302791262135922 0.02295918367346939 0.016383495145631068
0 0.46654238618524335 0.22709344660194172 0.0445447409733124 0.025182038834951456
0 0.2004513343799058 0.2627427184466019 0.0881083202511774 0.03094660194174757
0 0.26972135007849296 0.259253640776699 0.050824175824175824 0.015473300970873785
0 0.32662872841444274 0.26835558252427183 0.024529042386185244 0.02578883495145631
0 0.3922684458398744 0.2662317961165048 0.10596546310832025 0.037924757281553395
0 0.4639913657770801 0.24893810679611647 0.03159340659340659 0.0245752427184466
0 0.16787676609105182 0.2807949029126213 0.02688383045525903 0.02214805825242718
0 0.206828885400314 0.2936893203883495 0.04905808477237049 0.03094660194174757
0 0.27286106750392464 0.2930825242718446 0.06220565149136578 0.030339805825242715
0 0.3498822605965463 0.28564927184466016 0.051412872841444274 0.02578883495145631
0 0.3928571428571429 0.2932342233009709 0.04120879120879121 0.027002427184466018
0 0.4307299843014129 0.2795813106796116 0.03296703296703297 0.022754854368932036
0 0.4649725274725275 0.2826152912621359 0.032378335949764525 0.031856796116504854
0 0.17376373626373628 0.31887135922330095 0.045722135007849295 0.030339805825242715
0 0.21683673469387757 0.31356189320388345 0.03767660910518054 0.01911407766990291
0 0.26893642072213503 0.32129854368932037 0.07123233908948196 0.03519417475728155
0 0.3328100470957614 0.31113470873786403 0.05533751962323391 0.023968446601941744
0 0.39589874411302983 0.32008495145631066 0.06966248037676609 0.037014563106796114
0 0.45624018838304553 0.3099211165048543 0.04709576138147567 0.018507281553398057
0 0.16777864992150707 0.3382888349514563 0.027472527472527476 0.023665048543689317
0 0.24009026687598117 0.34617718446601936 0.07397959183673469 0.035800970873786406
0 0.29611459968602827 0.34708737864077666 0.04042386185243328 0.030339805825242715
0 0.3369309262166405 0.3452669902912621 0.043171114599686033 0.032766990291262135
0 0.3814756671899529 0.34754247572815533 0.049843014128728415 0.031249999999999997
0 0.4436813186813187 0.33570995145631066 0.08281004709576138 0.033677184466019416
0 0.18161302982731556 0.36362257281553395 0.05749607535321821 0.02214805825242718
0 0.22880690737833595 0.36604975728155337 0.033751962323390894 0.018507281553398057
0 0.2918956043956044 0.36908373786407767 0.05788854003139718 0.03003640776699029
0 0.33938383045525905 0.3663531553398058 0.03944270015698587 0.01911407766990291
0 0.4008045525902669 0.36559466019417475 0.061813186813186816 0.023665048543689317
0 0.4666405023547881 0.36377427184466016 0.041601255886970175 0.027305825242718445
0 0.1771978021978022 0.3976031553398058 0.04866562009419152 0.030643203883495142
0 0.23116169544740975 0.38941140776699024 0.039638932496075356 0.02032766990291262
0 0.2762951334379906 0.388501213592233 0.04866562009419152 0.021541262135922327
0 0.3278061224489796 0.39153519417475724 0.053571428571428575 0.01911407766990291
0 0.3809850863422292 0.39411407766990286 0.05121664050235479 0.03640776699029126
0 0.4439756671899529 0.38941140776699024 0.07711930926216641 0.034890776699029125
0 0.16915227629513344 0.4142900485436893 0.027472527472527476 0.0245752427184466
0 0.20143249607535324 0.42460558252427183 0.0402276295133438 0.027002427184466018
0 0.24224882260596547 0.4135315533980582 0.039050235478806906 0.021844660194174755
0 0.293563579277865 0.415503640776699 0.054552590266875985 0.021541262135922327
0 0.3539050235478807 0.4152002427184466 0.06377551020408163 0.01729368932038835
0 0.4172880690737834 0.41019417475728154 0.061813186813186816 0.0212378640776699
0 0.46762166405023553 0.413379854368932 0.036891679748822605 0.02578883495145631
0 0.17101648351648352 0.44280946601941745 0.03355572998430142 0.020934466019417473
0 0.2056514913657771 0.43871359223300965 0.03021978021978022 0.021844660194174755
0 0.2377354788069074 0.4412924757281553 0.032378335949764525 0.018507281553398057
0 0.2774725274725275 0.4449332524271844 0.03532182103610675 0.02578883495145631
0 0.3131868131868132 0.4464502427184466 0.033751962323390894 0.027002427184466018
0 0.35518053375196235 0.43871359223300965 0.04905808477237049 0.02973300970873786
0 0.4117935635792779 0.43886529126213586 0.060243328100470964 0.03307038834951456
0 0.20859497645211933 0.4679915048543689 0.03767660910518054 0.01911407766990291
0 0.25421899529042385 0.47087378640776695 0.05278649921507065 0.030339805825242715
0 0.3150510204081633 0.4648058252427184 0.04925431711145997 0.0212378640776699
0 0.37764913657770804 0.4670813106796116 0.0782967032967033 0.033677184466019416
0 0.4320054945054945 0.4588895631067961 0.029631083202511777 0.022754854368932036
0 0.4584968602825746 0.4591929611650485 0.02374411302982732 0.031856796116504854
0 0.19976452119309263 0.5009101941747572 0.05376766091051806 0.02427184466019417
0 0.2581436420722135 0.505006067961165 0.06495290423861853 0.030643203883495142
0 0.30563186813186816 0.4992415048543689 0.028453689167974885 0.027002427184466018
0 0.36813186813186816 0.495752427184466 0.09262166405023549 0.029126213592233007
0 0.42582417582417587 0.48225121359223294 0.02197802197802198 0.019720873786407765
0 0.4606554160125589 0.4902912621359223 0.0445447409733124 0.030339805825242715
0 0.173861852433281 0.5245752427184466 0.034929356357927786 0.01820388349514563
0 0.21673861852433282 0.5317050970873786 0.027668759811616955 0.028216019417475726
0 0.2618720565149137 0.5277609223300971 0.06495290423861853 0.034890776699029125
0 0.3227040816326531 0.5177487864077669 0.056711145996860286 0.023968446601941744
0 0.3921703296703297 0.5124393203883495 0.07162480376766091 0.0345873786407767
0 0.4584968602825746 0.5130461165048543 0.058673469387755105 0.0279126213592233
0 0.19593799058084774 0.5529429611650485 0.07908163265306123 0.040958737864077666
0 0.26756279434850866 0.5505157766990291 0.032378335949764525 0.034890776699029125
0 0.3218210361067504 0.5529429611650485 0.07260596546310832 0.03731796116504854
0 0.4062990580847724 0.5406553398058251 0.0881083202511774 0.027305825242718445
0 0.4686028257456829 0.5377730582524272 0.034929356357927786 0.031856796116504854
0 0.1781789638932496 0.569629854368932 0.04081632653061225 0.02214805825242718
0 0.228414442700157 0.5817657766990291 0.07182103610675039 0.028216019417475726
0 0.29788069073783363 0.5740291262135921 0.05847723704866562 0.019417475728155338
0 0.36450156985871274 0.5787317961165048 0.06730769230769232 0.031249999999999997
0 0.4297488226059655 0.5644720873786407 0.062401883830455265 0.02214805825242718
0 0.4736067503924647 0.5637135922330097 0.022174254317111463 0.018810679611650484
0 0.17131083202511774 0.6084648058252426 0.04591836734693878 0.027002427184466018
0 0.22547095761381478 0.6092233009708737 0.06004709576138148 0.03155339805825243
0 0.3067111459968603 0.6049757281553397 0.09105180533751962 0.03337378640776699
0 0.3721546310832025 0.6025485436893203 0.03708791208791209 0.030339805825242715
0 0.41140109890109894 0.5952669902912621 0.0402276295133438 0.027305825242718445
0 0.46006671899529045 0.6011832524271844 0.06102825745682889 0.03003640776699029
0 0.18445839874411304 0.6309162621359222 0.06475667189952905 0.034890776699029125
0 0.23802982731554162 0.6334951456310679 0.052590266875981166 0.02973300970873786
0 0.2839481946624804 0.6231796116504854 0.03728414442700157 0.02245145631067961
0 0.35625981161695447 0.6325849514563107 0.07397959183673469 0.03337378640776699
0 0.43946232339089486 0.622876213592233 0.08025902668759811 0.03216019417475728
0 0.17552982731554162 0.6556432038834951 0.037480376766091054 0.017597087378640776
0 0.21389324960753534 0.6573118932038834 0.03532182103610675 0.030643203883495142
0 0.24970565149136578 0.6536711165048543 0.032770800627943485 0.017900485436893203
0 0.30062794348508637 0.6538228155339805 0.0620094191522763 0.02427184466019417
0 0.36597331240188385 0.6518507281553397 0.05102040816326531 0.02214805825242718
0 0.4139521193092622 0.6454793689320388 0.04101255886970173 0.019720873786407765
0 0.46438383045525905 0.6459344660194174 0.045329670329670335 0.028519417475728153
0 0.17533359497645212 0.6787014563106796 0.035910518053375196 0.01699029126213592
0 0.23263343799058087 0.6850728155339805 0.05710361067503925 0.03094660194174757
0 0.29248430141287285 0.683252427184466 0.06534536891679749 0.03216019417475728
0 0.37598116169544743 0.6773361650485437 0.09262166405023549 0.037924757281553395
0 0.47282182103610676 0.6620145631067961 0.04140502354788069 0.026092233009708737
0 0.18347723704866564 0.7066140776699028 0.05102040816326531 0.015169902912621358
0 0.2192896389324961 0.7140473300970873 0.0260989010989011 0.02578883495145631
0 0.25206043956043955 0.7041868932038834 0.037480376766091054 0.017597087378640776
0 0.30278649921507067 0.7028216019417475 0.04003139717425432 0.018507281553398057
0 0.3434065934065934 0.7011529126213591 0.03767660910518054 0.015776699029126214
0 0.3786302982731554 0.7076759708737863 0.03512558869701727 0.028216019417475726
0 0.4151295133437991 0.7013046116504854 0.035518053375196236 0.0245752427184466
0 0.45918367346938777 0.6887135922330097 0.052982731554160126 0.02427184466019417
0 0.18141679748822606 0.7317961165048543 0.05121664050235479 0.015169902912621358
0 0.23469387755102042 0.7289138349514562 0.02197802197802198 0.013046116504854368
0 0.25627943485086346 0.7289138349514562 0.019623233908948195 0.013652912621359222
0 0.28120094191522765 0.7231492718446602 0.029827315541601257 0.019720873786407765
0 0.3297684458398744 0.7284587378640776 0.06259811616954475 0.035800970873786406
0 0.40119701726844587 0.7275485436893203 0.07083987441130299 0.03094660194174757
0 0.4644819466248038 0.721632281553398 0.05690737833594977 0.031249999999999997
0 0.16905416012558871 0.7548543689320387 0.024529042386185244 0.020024271844660192
0 0.18956043956043958 0.7540958737864077 0.015698587127158558 0.0245752427184466
0 0.22645211930926218 0.7574332524271844 0.0521978021978022 0.03003640776699029
0 0.28865777080062793 0.7540958737864077 0.0706436420722135 0.03003640776699029
0 0.3651883830455259 0.7462075242718446 0.04748822605965464 0.021541262135922327
0 0.4367150706436421 0.7459041262135921 0.09674254317111461 0.03549757281553398
0 0.2164442700156986 0.7792779126213591 0.07025117739403454 0.019720873786407765
0 0.30563186813186816 0.7768507281553397 0.08143642072213501 0.0391383495145631
0 0.37078100470957615 0.7716929611650485 0.045329670329670335 0.01911407766990291
0 0.41071428571428575 0.7677487864077669 0.03296703296703297 0.021541262135922327
0 0.45790816326530615 0.7719963592233009 0.06338304552590267 0.037924757281553395
0 0.18161302982731556 0.8062803398058251 0.05828100470957614 0.02882281553398058
0 0.24823390894819466 0.8115898058252426 0.06868131868131869 0.02669902912621359
0 0.3005298273155416 0.805521844660194 0.03512558869701727 0.0279126213592233
0 0.3439952904238619 0.7993021844660193 0.04827315541601256 0.023968446601941744
0 0.4012951334379906 0.7985436893203883 0.06436420722135008 0.029126213592233007
0 0.46222527472527475 0.7917172330097086 0.050431711145996864 0.03003640776699029
0 0.1803375196232339 0.8355582524271844 0.052982731554160126 0.026092233009708737
0 0.244701726844584 0.8297936893203883 0.04395604395604396 0.01820388349514563
0 0.29984301412872844 0.8297936893203883 0.06750392464678179 0.027305825242718445
0 0.36116562009419156 0.8231189320388349 0.05121664050235479 0.028519417475728153
0 0.4147370486656201 0.817506067961165 0.0543563579277865 0.023968446601941744
0 0.46389324960753536 0.8152305825242717 0.0380690737833595 0.01395631067961165
0 0.16817111459968603 0.8528519417475727 0.020800627943485087 0.020631067961165046
0 0.198489010989011 0.8548240291262135 0.04101255886970173 0.016686893203883495
0 0.23449764521193095 0.8569478155339805 0.029827315541601257 0.027002427184466018
0 0.2868916797488226 0.8507281553398057 0.05180533751962324 0.019417475728155338
0 0.33457613814756676 0.8483009708737863 0.036891679748822605 0.01820388349514563
0 0.37460753532182106 0.8458737864077669 0.04120879120879121 0.026092233009708737
0 0.4683084772370487 0.844508495145631 0.052001569858712716 0.037924757281553395
0 0.17327315541601257 0.8795509708737863 0.034929356357927786 0.019417475728155338
0 0.21183281004709578 0.8837985436893203 0.04101255886970173 0.0279126213592233
0 0.25392464678178966 0.8833434466019416 0.0423861852433281 0.017900485436893203
0 0.2884615384615385 0.8775788834951456 0.025510204081632654 0.01911407766990291
0 0.35253139717425436 0.8712075242718446 0.04611459968602826 0.019720873786407765
0 0.39472135007849296 0.8698422330097086 0.03826530612244898 0.019417475728155338
0 0.4385792778649922 0.873634708737864 0.05533751962323391 0.031856796116504854
0 0.2183084772370487 0.9111043689320387 0.03630298273155416 0.023665048543689317
0 0.17337127158555732 0.9024575242718446 0.028453689167974885 0.023968446601941744
0 0.27688383045525905 0.904884708737864 0.033359497645211934 0.019720873786407765
0 0.31348116169544743 0.9012439320388349 0.026491365777080063 0.018507281553398057
0 0.34154238618524335 0.8976031553398057 0.0260989010989011 0.02032766990291262
0 0.382947409733124 0.8966929611650485 0.05474882260596547 0.0245752427184466
0 0.4456436420722135 0.8936589805825242 0.06828885400313972 0.02336165048543689
0 0.2076138147566719 0.928398058252427 0.049843014128728415 0.018810679611650484
0 0.24695839874411304 0.9337075242718446 0.03198587127158556 0.026395631067961164
0 0.28434065934065933 0.9329490291262135 0.04042386185243328 0.02669902912621359
0 0.36077315541601257 0.9309769417475727 0.11322605965463109 0.034890776699029125
0 0.43612637362637363 0.9270327669902911 0.030808477237048666 0.01729368932038835
0 0.46762166405023553 0.9224817961165048 0.024725274725274728 0.026395631067961164
0 0.6409929356357928 0.08737864077669902 0.07554945054945056 0.03216019417475728
0 0.6974097331240189 0.08859223300970873 0.044348508634222926 0.026092233009708737
0 0.7348901098901099 0.0837378640776699 0.02904238618524333 0.02669902912621359
0 0.766287284144427 0.08024878640776699 0.02511773940345369 0.018507281553398057
0 0.8179945054945056 0.08115898058252427 0.03983516483516484 0.01911407766990291
0 0.903061224489796 0.08677184466019416 0.05494505494505495 0.027305825242718445
0 0.6359890109890111 0.10861650485436893 0.02904238618524333 0.021844660194174755
0 0.679552590266876 0.10967839805825241 0.0565149136577708 0.016686893203883495
0 0.7610871271585558 0.10861650485436893 0.053571428571428575 0.02669902912621359
0 0.8239795918367347 0.10785800970873785 0.07182103610675039 0.02032766990291262
0 0.8893249607535322 0.11104368932038834 0.06554160125588697 0.032766990291262135
0 0.6279434850863422 0.13379854368932037 0.04709576138147567 0.015776699029126214
0 0.6820054945054945 0.1418385922330097 0.0543563579277865 0.02882281553398058
0 0.7283163265306123 0.13577063106796114 0.03159340659340659 0.01911407766990291
0 0.7745290423861853 0.13470873786407767 0.026295133437990583 0.016383495145631068
0 0.8125 0.13121966019417475 0.0445447409733124 0.022754854368932036
0 0.8577315541601256 0.13273665048543687 0.041601255886970175 0.02214805825242718
0 0.902668759811617 0.13273665048543687 0.04866562009419152 0.02032766990291262
0 0.6319662480376766 0.1617111650485437 0.06063579277864992 0.02973300970873786
0 0.6899529042386185 0.16140776699029125 0.051412872841444274 0.023058252427184463
0 0.7482339089481947 0.1618628640776699 0.06711145996860284 0.02336165048543689
0 0.8056318681318682 0.16140776699029125 0.042582417582417584 0.01820388349514563
0 0.8400706436420723 0.15943567961165048 0.02786499215070644 0.02032766990291262
0 0.9007064364207222 0.15989077669902912 0.04709576138147567 0.020024271844660192
0 0.6348116169544742 0.19083737864077668 0.07025117739403454 0.03155339805825243
0 0.7017268445839875 0.18901699029126212 0.05886970172684459 0.03216019417475728
0 0.7650117739403454 0.18916868932038833 0.06730769230769232 0.028216019417475726
0 0.8141679748822607 0.19599514563106796 0.036499215070643645 0.027305825242718445
0 0.8553767660910518 0.18749999999999997 0.044348508634222926 0.028519417475728153
0 0.6285321821036107 0.20964805825242716 0.0521978021978022 0.021844660194174755
0 0.7884615384615385 0.21966019417475727 0.0890894819466248 0.03519417475728155
0 0.8516483516483517 0.21253033980582522 0.031397174254317116 0.017900485436893203
0 0.8980572998430142 0.20934466019417475 0.031200941915227633 0.02427184466019417
0 0.6411891679748823 0.24165655339805822 0.07358712715855574 0.02882281553398058
0 0.7268445839874411 0.24362864077669902 0.06554160125588697 0.019417475728155338
0 0.7895408163265306 0.24226334951456308 0.055533751962323394 0.031856796116504854
0 0.8679356357927787 0.24165655339805822 0.09772370486656201 0.0245752427184466
