0 0.198489010989011 0.09056432038834951 0.07005494505494506 0.0245752427184466
0 0.2947409733124019 0.10376213592233009 0.11852433281004711 0.03822815533980582
0 0.45937990580847726 0.10709951456310679 0.052982731554160126 0.030339805825242715
0 0.182201726844584 0.11817354368932038 0.032378335949764525 0.020934466019417473
0 0.2396978021978022 0.12757888349514562 0.08300627943485087 0.03671116504854369
0 0.30200156985871274 0.13152305825242716 0.04277864992150707 0.03731796116504854
0 0.36361852433281006 0.1316747572815534 0.08084772370486656 0.030339805825242715
0 0.4247448979591837 0.13212985436893201 0.031200941915227633 0.018507281553398057
0 0.45937990580847726 0.14290048543689318 0.03885400313971743 0.032766990291262135
0 0.1780808477237049 0.1530643203883495 0.04415227629513344 0.03610436893203883
0 0.24126766091051807 0.15913228155339804 0.07751177394034538 0.031856796116504854
0 0.32309654631083207 0.16019417475728154 0.0826138147566719 0.0345873786407767
0 0.4227825745682889 0.16368325242718446 0.11401098901098902 0.04277912621359223
0 0.17945447409733126 0.19068567961165048 0.04925431711145997 0.033677184466019416
0 0.21722919937205654 0.18871359223300968 0.029434850863422294 0.032766990291262135
0 0.29218995290423866 0.1899271844660194 0.07142857142857144 0.037014563106796114
0 0.3715659340659341 0.19129247572815533 0.08614599686028258 0.04338592233009708
0 0.4486852433281005 0.18962378640776698 0.0684850863422292 0.03640776699029126
0 0.26157770800627944 0.2190533980582524 0.046703296703296704 0.04126213592233009
0 0.35066718995290425 0.21829490291262135 0.029827315541601257 0.020934466019417473
0 0.40453296703296704 0.21495752427184464 0.07790423861852434 0.023968446601941744
0 0.18494897959183673 0.2525788834951456 0.053571428571428575 0.03549757281553398
0 0.2375392464678179 0.24848300970873785 0.05239403453689168 0.01820388349514563
0 0.31132260596546313 0.24620752427184464 0.04611459968602826 0.03003640776699029
0 0.3527276295133438 0.24226334951456308 0.03159340659340659 0.025182038834951456
0 0.39472135007849296 0.2413531553398058 0.048861852433281006 0.021541262135922327
0 0.4571232339089482 0.2401395631067961 0.0500392464678179 0.0245752427184466
0 0.1989795918367347 0.2777609223300971 0.07770800627943486 0.021541262135922327
0 0.31024332810047095 0.2776092233009709 0.08006279434850865 0.027305825242718445
0 0.38265306122448983 0.2762439320388349 0.044740973312401885 0.01911407766990291
0 0.4677197802197802 0.26896237864077666 0.04611459968602826 0.028216019417475726
0 0.1773940345368917 0.3052184466019417 0.033359497645211934 0.029126213592233007
0 0.11989795918367348 0.3889563106796116 0.07182103610675039 0.020024271844660192
0 0.12254709576138148 0.40822208737864074 0.048861852433281006 0.018507281553398057
0 0.10812401883830455 0.42581917475728154 0.036891679748822605 0.015473300970873785
0 0.1446232339089482 0.42551577669902907 0.03532182103610675 0.018507281553398057
0 0.1142072213500785 0.45069781553398053 0.05376766091051806 0.031856796116504854
0 0.5432692307692308 0.10482402912621358 0.08536106750392465 0.02882281553398058
0 0.530317896389325 0.12591019417475727 0.04415227629513344 0.01820388349514563
0 0.5315934065934066 0.1565533980582524 0.059262166405023554 0.032766990291262135
0 0.5160910518053375 0.17293689320388347 0.029434850863422294 0.010922330097087377
0 0.5605376766091053 0.17187499999999997 0.05592621664050236 0.028216019417475726
0 0.5189364207221351 0.1876516990291262 0.027276295133437992 0.012439320388349514
0 0.5514128728414444 0.1864381067961165 0.03532182103610675 0.01729368932038835
0 0.5157967032967034 0.20752427184466019 0.025313971742543174 0.023665048543689317
0 0.5594583987441131 0.20737257281553395 0.062401883830455265 0.0245752427184466
0 0.5093210361067504 0.22102548543689318 0.021781789638932497 0.01729368932038835
0 0.6424646781789639 0.09890776699029126 0.052982731554160126 0.03944174757281553
0 0.704179748822606 0.10709951456310679 0.05239403453689168 0.020631067961165046
0 0.7736459968602826 0.1084648058252427 0.07240973312401884 0.03610436893203883
0 0.8364403453689169 0.0993628640776699 0.048469387755102046 0.027609223300970872
0 0.883339874411303 0.1095266990291262 0.04179748822605966 0.03094660194174757
0 0.6388343799058085 0.14123179611650485 0.0912480376766091 0.023968446601941744
0 0.7355769230769231 0.13531553398058252 0.07358712715855574 0.03337378640776699
0 0.8005298273155417 0.13592233009708737 0.04925431711145997 0.016383495145631068
0 0.8707810047095762 0.12727548543689318 0.034340659340659344 0.022754854368932036
0 0.6109693877551021 0.1617111650485437 0.04415227629513344 0.019417475728155338
0 0.6646389324960754 0.17263349514563106 0.05612244897959184 0.028519417475728153
0 0.7258634222919937 0.15989077669902912 0.06122448979591837 0.02427184466019417
0 0.7790423861852434 0.16777912621359223 0.03924646781789639 0.03094660194174757
0 0.8270211930926217 0.16459344660194172 0.050431711145996864 0.03003640776699029
0 0.8684262166405025 0.16702063106796114 0.03198587127158556 0.03003640776699029
0 0.8978610675039247 0.15807038834951456 0.02688383045525903 0.028519417475728153
0 0.6363814756671899 0.19144417475728154 0.09458398744113031 0.0345873786407767
0 0.7081043956043956 0.1999393203883495 0.04964678178963894 0.03216019417475728
0 0.8112244897959184 0.19690533980582522 0.1577708006279435 0.04186893203883495
0 0.6391287284144428 0.2310376213592233 0.08241758241758242 0.03731796116504854
0 0.7043759811616955 0.22314927184466019 0.0402276295133438 0.027002427184466018
0 0.7994505494505495 0.2267900485436893 0.141287284144427 0.043992718446601936
0 0.8917778649921507 0.20858616504854366 0.04611459968602826 0.02882281553398058
0 0.609105180533752 0.25970873786407767 0.03885400313971743 0.016383495145631068
0 0.6805337519623235 0.2651699029126213 0.04081632653061225 0.025485436893203883
0 0.7421507064364208 0.25424757281553395 0.0706436420722135 0.025485436893203883
0 0.8104395604395604 0.25182038834951453 0.06475667189952905 0.02427184466019417
0 0.8723508634222921 0.24453883495145629 0.05906593406593407 0.018810679611650484
0 0.6204866562009419 0.2827669902912621 0.0620094191522763 0.02669902912621359
0 0.6770996860282575 0.28549757281553395 0.045722135007849295 0.017597087378640776
0 0.7328296703296704 0.28094660194174753 0.06220565149136578 0.0212378640776699
0 0.7877747252747254 0.28640776699029125 0.04415227629513344 0.0279126213592233
0 0.8474293563579278 0.2795813106796116 0.07397959183673469 0.03307038834951456
0 0.6320643642072213 0.32008495145631066 0.07770800627943486 0.035800970873786406
0 0.7252747252747254 0.3216019417475728 0.03767660910518054 0.029126213592233007
0 0.7610871271585558 0.31325849514563103 0.030416012558869703 0.02214805825242718
0 0.8050431711145998 0.31113470873786403 0.05239403453689168 0.015473300970873785
0 0.8482142857142858 0.31219660194174753 0.032770800627943485 0.03398058252427184
0 0.8878532182103611 0.30354975728155337 0.05317896389324961 0.03853155339805825
0 0.627256671899529 0.3554308252427184 0.07908163265306123 0.034890776699029125
0 0.7059458398744114 0.34754247572815533 0.07711930926216641 0.026395631067961164
0 0.764030612244898 0.34799757281553395 0.028453689167974885 0.025485436893203883
0 0.79925431711146 0.34466019417475724 0.04120879120879121 0.029126213592233007
0 0.8502747252747254 0.3294902912621359 0.05847723704866562 0.02487864077669903
0 0.6130298273155417 0.3819781553398058 0.04827315541601256 0.03822815533980582
0 0.6786695447409734 0.37955097087378636 0.07437205651491366 0.037014563106796114
0 0.7592229199372057 0.36908373786407767 0.07888540031397175 0.034890776699029125
0 0.8186813186813188 0.3727245145631068 0.03414442700156986 0.031249999999999997
0 0.8680337519623235 0.3599817961165048 0.06102825745682889 0.031249999999999997
0 0.6160714285714286 0.40973907766990286 0.05160910518053376 0.022754854368932036
0 0.6797488226059655 0.4135315533980582 0.07103610675039247 0.03640776699029126
0 0.7392072213500785 0.4000303398058252 0.04709576138147567 0.031249999999999997
0 0.791699372056515 0.4010922330097087 0.059850863422292 0.01820388349514563
0 0.8385007849293564 0.40382281553398053 0.039638932496075356 0.032766990291262135
0 0.8868720565149137 0.3910800970873786 0.04925431711145997 0.03640776699029126
0 0.6093014128728415 0.45084951456310673 0.04042386185243328 0.032766990291262135
0 0.6720957613814758 0.451001213592233 0.08006279434850865 0.03974514563106796
0 0.7549058084772371 0.44144417475728154 0.08673469387755102 0.038834951456310676
0 0.8350667189952905 0.4277912621359223 0.07476452119309263 0.03216019417475728
0 0.8942307692307693 0.4152002427184466 0.03924646781789639 0.026395631067961164
0 0.6381475667189953 0.47436286407766987 0.08202511773940346 0.020934466019417473
0 0.7194858712715856 0.4786104368932038 0.08182888540031398 0.0391383495145631
0 0.7844387755102041 0.46981189320388345 0.053571428571428575 0.04277912621359223
0 0.8310439560439561 0.4523665048543689 0.04356357927786499 0.028519417475728153
0 0.8877551020408164 0.45206310679611644 0.06279434850863423 0.029126213592233007
0 0.6089089481946626 0.5131978155339806 0.029434850863422294 0.015473300970873785
0 0.682986656200942 0.5131978155339806 0.07633437990580848 0.033677184466019416
0 0.758732339089482 0.5069781553398058 0.07633437990580848 0.04793689320388349
0 0.8125981161695448 0.49195995145631066 0.03257456828885401 0.021541262135922327
0 0.8549843014128728 0.48877427184466016 0.0521978021978022 0.03337378640776699
0 0.8994309262166406 0.48862257281553395 0.035518053375196236 0.03003640776699029
0 0.619309262166405 0.536256067961165 0.05062794348508635 0.02882281553398058
0 0.6771978021978022 0.5370145631067961 0.06318681318681318 0.01820388349514563
0 0.7426412872841445 0.5365594660194174 0.056711145996860286 0.02214805825242718
0 0.788657770800628 0.5368628640776698 0.03532182103610675 0.031856796116504854
0 0.8399725274725275 0.5232099514563107 0.06495290423861853 0.018507281553398057
0 0.8988422291993721 0.5139563106796116 0.04493720565149137 0.02245145631067961
0 0.6271585557299844 0.5712985436893203 0.062401883830455265 0.025485436893203883
0 0.6864207221350079 0.5688713592233009 0.05337519623233909 0.02669902912621359
0 0.745094191522763 0.5685679611650485 0.05690737833594977 0.03640776699029126
0 0.818975667189953 0.5526395631067961 0.08575353218210362 0.02578883495145631
0 0.8895211930926217 0.5512742718446602 0.052590266875981166 0.03762135922330097
0 0.617445054945055 0.6104368932038834 0.05278649921507065 0.04126213592233009
0 0.6752354788069074 0.5961771844660194 0.06122448979591837 0.032766990291262135
0 0.7359693877551021 0.5904126213592232 0.05317896389324961 0.027305825242718445
0 0.7843406593406594 0.5970873786407767 0.0380690737833595 0.026092233009708737
0 0.8210361067503925 0.5872269417475727 0.03453689167974883 0.029429611650485434
0 0.8812794348508635 0.5825242718446602 0.08241758241758242 0.04490291262135922
0 0.6154827315541601 0.6391080097087378 0.035518053375196236 0.016686893203883495
0 0.6665031397174255 0.6380461165048543 0.06102825745682889 0.03822815533980582
0 0.7163461538461539 0.6256067961165048 0.03787284144427002 0.026092233009708737
0 0.7592229199372057 0.6202973300970873 0.046310832025117744 0.021541262135922327
0 0.8156397174254317 0.6230279126213591 0.06966248037676609 0.04156553398058252
0 0.870486656200942 0.6043689320388349 0.03924646781789639 0.023058252427184463
0 0.6270604395604396 0.6691444174757281 0.053571428571428575 0.026395631067961164
0 0.6699372056514914 0.6729368932038834 0.024725274725274728 0.029126213592233007
0 0.7096742543171115 0.6618628640776698 0.05474882260596547 0.037924757281553395
0 0.7787480376766092 0.6571601941747572 0.0837912087912088 0.03640776699029126
0 0.8460557299843015 0.6542779126213591 0.0500392464678179 0.033677184466019416
0 0.8971742543171115 0.6403216019417475 0.049843014128728415 0.01911407766990291
0 0.6137166405023549 0.7101031553398057 0.042582417582417584 0.029429611650485434
0 0.6571821036106751 0.6987257281553397 0.04905808477237049 0.03216019417475728
0 0.7325353218210362 0.6909890776699028 0.10635792778649922 0.04338592233009708
0 0.8056318681318682 0.6843143203883495 0.037480376766091054 0.01729368932038835
0 0.8659733124018839 0.681128640776699 0.08084772370486656 0.04793689320388349
0 0.6281397174254317 0.7255764563106796 0.0565149136577708 0.023968446601941744
0 0.6983908948194663 0.7202669902912621 0.07927786499215071 0.02427184466019417
0 0.7639324960753533 0.7161711165048543 0.04591836734693878 0.028216019417475726
0 0.8506671899529042 0.7072208737864077 0.07653061224489796 0.027305825242718445
0 0.9077708006279436 0.6975121359223301 0.033359497645211934 0.027305825242718445
0 0.6521781789638933 0.7604672330097086 0.06966248037676609 0.0391383495145631
0 0.7116365777080064 0.7540958737864077 0.045329670329670335 0.0245752427184466
0 0.7734497645211932 0.7483313106796116 0.07240973312401884 0.030643203883495142
0 0.84850863422292 0.747876213592233 0.07535321821036108 0.040048543689320384
0 0.9032574568288855 0.7442354368932038 0.038461538461538464 0.03822815533980582
0 0.6296114599686029 0.7936893203883495 0.053571428571428575 0.02973300970873786
0 0.6815149136577708 0.7897451456310679 0.041601255886970175 0.03762135922330097
0 0.7195839874411304 0.7815533980582524 0.033359497645211934 0.02487864077669903
0 0.7624607535321821 0.7927791262135921 0.05239403453689168 0.029126213592233007
0 0.8277080062794349 0.7754854368932038 0.07103610675039247 0.02973300970873786
0 0.895113814756672 0.7814016990291262 0.06063579277864992 0.03853155339805825
0 0.6507064364207221 0.8290351941747572 0.05886970172684459 0.04035194174757281
0 0.725765306122449 0.8150788834951456 0.08496860282574568 0.0245752427184466
0 0.807986656200942 0.8135618932038834 0.07162480376766091 0.03003640776699029
0 0.882947409733124 0.8099211165048543 0.07240973312401884 0.03974514563106796
0 0.6262755102040817 0.8595266990291262 0.05514128728414443 0.018810679611650484
0 0.6770996860282575 0.8504247572815533 0.03865777080062795 0.025485436893203883
0 0.7187009419152277 0.8572512135922329 0.05828100470957614 0.03853155339805825
0 0.769721350078493 0.8411711165048543 0.03826530612244898 0.02336165048543689
0 0.8036695447409734 0.8437499999999999 0.02923861852433281 0.015169902912621358
0 0.8333987441130298 0.8481492718446602 0.033359497645211934 0.033677184466019416
0 0.8716640502354789 0.8320691747572815 0.043171114599686033 0.02214805825242718
0 0.6143053375196232 0.8976031553398057 0.03355572998430142 0.034890776699029125
0 0.658751962323391 0.8888046116504854 0.04827315541601256 0.017900485436893203
0 0.707221350078493 0.8787924757281552 0.036499215070643645 0.027002427184466018
0 0.7573587127158556 0.8834951456310679 0.06966248037676609 0.04854368932038834
0 0.834478021978022 0.8674150485436892 0.05592621664050236 0.023058252427184463
0 0.6172488226059655 0.917627427184466 0.02806122448979592 0.0245752427184466
0 0.6595368916797488 0.9153519417475727 0.04905808477237049 0.027305825242718445
0 0.7051609105180534 0.9142900485436892 0.03198587127158556 0.01911407766990291
0 0.7438186813186813 0.9098907766990291 0.04179748822605966 0.026092233009708737
0 0.7855180533751963 0.9068567961165048 0.04277864992150707 0.02427184466019417
0 0.8315345368916798 0.8989684466019416 0.052001569858712716 0.0279126213592233
