0 0.23744113029827316 0.09799757281553398 0.10243328100470958 0.03822815533980582
0 0.3048469387755102 0.10679611650485436 0.043759811616954476 0.03762135922330097
0 0.35321821036106754 0.09056432038834951 0.051412872841444274 0.025182038834951456
0 0.4149332810047096 0.0960254854368932 0.07083987441130299 0.040958737864077666
0 0.46762166405023553 0.10179004854368931 0.04042386185243328 0.03003640776699029
0 0.1979984301412873 0.12014563106796115 0.02433281004709576 0.018810679611650484
0 0.2375392464678179 0.11832524271844659 0.05514128728414443 0.02427184466019417
0 0.27864992150706436 0.12302791262135922 0.02590266875981162 0.020934466019417473
0 0.3150510204081633 0.13212985436893201 0.04964678178963894 0.03428398058252427
0 0.3635204081632653 0.12651699029126212 0.04964678178963894 0.04368932038834951
0 0.4058084772370487 0.12105582524271843 0.03100470957613815 0.027305825242718445
0 0.435243328100471 0.12333131067961164 0.02786499215070644 0.022754854368932036
0 0.4666405023547881 0.12545509708737862 0.02904238618524333 0.016686893203883495
0 0.2039835164835165 0.14775485436893201 0.032378335949764525 0.0212378640776699
0 0.2428375196232339 0.1485133495145631 0.04415227629513344 0.0245752427184466
0 0.3001373626373627 0.1542779126213592 0.06495290423861853 0.04156553398058252
0 0.36773940345368916 0.15685679611650485 0.06671899529042387 0.029126213592233007
0 0.4465266875981162 0.15488470873786406 0.0881083202511774 0.027609223300970872
0 0.20574960753532184 0.17566747572815533 0.035910518053375196 0.025485436893203883
0 0.2512755102040816 0.1774878640776699 0.05828100470957614 0.0279126213592233
0 0.30278649921507067 0.18128033980582522 0.044348508634222926 0.031249999999999997
0 0.35135400313971743 0.18689320388349512 0.050431711145996864 0.0212378640776699
0 0.39589874411302983 0.19493325242718446 0.03983516483516484 0.028216019417475726
0 0.43229984301412877 0.19280946601941745 0.03414442700156986 0.03003640776699029
0 0.4714481946624804 0.18628640776699026 0.0402276295133438 0.0212378640776699
0 0.21242150706436422 0.20631067961165048 0.05396389324960754 0.0279126213592233
0 0.2733516483516484 0.21177184466019416 0.0565149136577708 0.029126213592233007
0 0.3396781789638933 0.21981189320388347 0.04356357927786499 0.02578883495145631
0 0.40041208791208793 0.21510922330097085 0.06887755102040817 0.027305825242718445
0 0.46369701726844587 0.21632281553398056 0.05729984301412873 0.0345873786407767
0 0.2061420722135008 0.23300970873786406 0.03394819466248038 0.019417475728155338
0 0.24352433281004712 0.24605582524271843 0.04081632653061225 0.03398058252427184
0 0.3014128728414443 0.24833131067961162 0.07260596546310832 0.03428398058252427
0 0.37725667189952905 0.24742111650485435 0.07751177394034538 0.03610436893203883
0 0.45310047095761385 0.24089805825242716 0.07339089481946626 0.028519417475728153
0 0.20025510204081634 0.25970873786407767 0.021389324960753534 0.02973300970873786
0 0.2269427001569859 0.26835558252427183 0.03159340659340659 0.034890776699029125
0 0.2614795918367347 0.2644114077669903 0.03669544740973313 0.021541262135922327
0 0.3088697017268446 0.2738167475728155 0.05416012558869702 0.029429611650485434
0 0.37117346938775514 0.26668689320388345 0.047291993720565154 0.0212378640776699
0 0.434850863422292 0.27017597087378636 0.076138147566719 0.01911407766990291
0 0.2104591836734694 0.2924757281553398 0.043759811616954476 0.019417475728155338
0 0.2501962323390895 0.3049150485436893 0.04277864992150707 0.030339805825242715
0 0.29464285714285715 0.30188106796116504 0.056711145996860286 0.03640776699029126
0 0.33673469387755106 0.2953580097087378 0.025510204081632654 0.02032766990291262
0 0.37078100470957615 0.2952063106796116 0.04493720565149137 0.026092233009708737
0 0.4368131868131868 0.3058252427184466 0.0804552590266876 0.03398058252427184
0 0.21438383045525905 0.32023665048543687 0.05592621664050236 0.026395631067961164
0 0.3002354788069074 0.33358616504854366 0.10596546310832025 0.03610436893203883
0 0.389030612244898 0.33540655339805825 0.08104395604395605 0.03671116504854369
0 0.4553571428571429 0.33131067961165045 0.055533751962323394 0.03762135922330097
0 0.22066326530612246 0.35922330097087374 0.059850863422292 0.03519417475728155
0 0.2981750392464678 0.3545206310679611 0.09517268445839874 0.03246359223300971
0 0.37637362637362637 0.36165048543689315 0.057692307692307696 0.03944174757281553
0 0.43367346938775514 0.36058859223300965 0.054552590266875985 0.03428398058252427
0 0.222723704866562 0.3866808252427184 0.04866562009419152 0.017900485436893203
0 0.27001569858712715 0.3844053398058252 0.044740973312401885 0.02245145631067961
0 0.32093799058084777 0.3891080097087378 0.05160910518053376 0.02032766990291262
0 0.37676609105180536 0.3831917475728155 0.05062794348508635 0.0279126213592233
0 0.42611852433281006 0.3828883495145631 0.04140502354788069 0.023058252427184463
0 0.4699764521193093 0.3909283980582524 0.04552590266875981 0.03428398058252427
0 0.25225667189952905 0.4256674757281553 0.08967817896389325 0.035800970873786406
0 0.3356554160125589 0.4180825242718446 0.07083987441130299 0.023058252427184463
0 0.4065934065934066 0.41504854368932037 0.06946624803767662 0.037014563106796114
0 0.46870094191522765 0.4179308252427184 0.04650706436420722 0.034890776699029125
0 0.2154631083202512 0.448877427184466 0.049843014128728415 0.017900485436893203
0 0.2599097331240188 0.4458434466019417 0.035518053375196236 0.023968446601941744
0 0.29729199372056514 0.45752427184466016 0.05690737833594977 0.0345873786407767
0 0.34821428571428575 0.4458434466019417 0.04336734693877551 0.023968446601941744
0 0.3850078492935636 0.4500910194174757 0.027472527472527476 0.01608009708737864
0 0.4439756671899529 0.4513046116504854 0.09674254317111461 0.04338592233009708
0 0.2001569858712716 0.489381067961165 0.046703296703296704 0.038834951456310676
0 0.24754709576138148 0.4837682038834951 0.047291993720565154 0.023968446601941744
0 0.29532967032967034 0.478003640776699 0.04552590266875981 0.029429611650485434
0 0.3444858712715856 0.48558859223300965 0.0641679748822606 0.042172330097087374
0 0.40855572998430145 0.4881674757281553 0.05572998430141288 0.03519417475728155
0 0.4661499215070644 0.47421116504854366 0.05317896389324961 0.0279126213592233
0 0.21320643642072215 0.5074332524271844 0.04925431711145997 0.031856796116504854
0 0.25372841444270017 0.5147148058252426 0.030612244897959186 0.017900485436893203
0 0.2995486656200942 0.5153216019417475 0.05121664050235479 0.04156553398058252
0 0.35714285714285715 0.5174453883495145 0.060832025117739406 0.03307038834951456
0 0.4164050235478807 0.513501213592233 0.04827315541601256 0.034890776699029125
0 0.46693485086342235 0.5056128640776698 0.050824175824175824 0.0245752427184466
0 0.2140894819466248 0.5471783980582524 0.04866562009419152 0.02882281553398058
0 0.26844583987441134 0.5415655339805825 0.05376766091051806 0.02973300970873786
0 0.31475667189952905 0.549757281553398 0.047880690737833596 0.03155339805825243
0 0.3793171114599686 0.5461165048543689 0.059262166405023554 0.02487864077669903
0 0.4285714285714286 0.5506674757281553 0.046310832025117744 0.03094660194174757
0 0.47301805337519626 0.5406553398058251 0.03944270015698587 0.015169902912621358
0 0.2006475667189953 0.5838895631067961 0.040620094191522765 0.034890776699029125
0 0.23734301412872844 0.5785800970873786 0.03512558869701727 0.023058252427184463
0 0.3023940345368917 0.5797936893203883 0.10361067503924648 0.04186893203883495
0 0.3761773940345369 0.5712985436893203 0.04199372056514914 0.02487864077669903
0 0.44623233908948196 0.5746359223300971 0.09222919937205652 0.029126213592233007
0 0.20624018838304553 0.6110436893203883 0.04513343799058085 0.030339805825242715
0 0.2644230769230769 0.6025485436893203 0.06573783359497645 0.030339805825242715
0 0.34007064364207223 0.6057342233009708 0.06004709576138148 0.021541262135922327
0 0.38893249607535324 0.6105885922330097 0.047880690737833596 0.03549757281553398
0 0.4532967032967033 0.6023968446601942 0.07849293563579278 0.017900485436893203
0 0.20790816326530615 0.6313713592233009 0.032378335949764525 0.0212378640776699
0 0.24656593406593408 0.6441140776699028 0.04297488226059655 0.03094660194174757
0 0.2995486656200942 0.6383495145631067 0.06652276295133439 0.03155339805825243
0 0.3632260596546311 0.6347087378640777 0.023155416012558872 0.01820388349514563
0 0.4014913657770801 0.6356189320388349 0.052590266875981166 0.03398058252427184
0 0.4427001569858713 0.6334951456310679 0.021585557299843017 0.014563106796116504
0 0.4718406593406594 0.6306128640776698 0.03512558869701727 0.019720873786407765
0 0.21281397174254318 0.6630764563106796 0.0402276295133438 0.023968446601941744
0 0.2692307692307693 0.6706614077669902 0.06946624803767662 0.03731796116504854
0 0.3699960753532182 0.6744538834951456 0.1077315541601256 0.03762135922330097
0 0.4448587127158556 0.6609526699029126 0.03532182103610675 0.025182038834951456
0 0.21673861852433282 0.6970570388349514 0.0500392464678179 0.02336165048543689
0 0.2737441130298273 0.7047936893203883 0.07260596546310832 0.03155339805825243
0 0.3258437990580848 0.7088895631067961 0.042582417582417584 0.037924757281553395
0 0.37264521193092626 0.7058555825242718 0.06004709576138148 0.040958737864077666
0 0.43131868131868134 0.6981189320388349 0.06122448979591837 0.046116504854368925
0 0.4774332810047096 0.6852245145631067 0.030612244897959186 0.02578883495145631
0 0.20388540031397176 0.7255764563106796 0.03218210361067504 0.018507281553398057
0 0.23695054945054947 0.7286104368932038 0.026491365777080063 0.018507281553398057
0 0.2861067503924647 0.7331614077669902 0.06828885400313972 0.027609223300970872
0 0.36773940345368916 0.7314927184466019 0.0706436420722135 0.02487864077669903
0 0.4534929356357928 0.7325546116504854 0.07260596546310832 0.03610436893203883
0 0.22448979591836735 0.7554611650485437 0.05808477237048666 0.02669902912621359
0 0.2934654631083203 0.7679004854368932 0.07633437990580848 0.03640776699029126
0 0.3457613814756672 0.770631067961165 0.033359497645211934 0.030339805825242715
0 0.3993328100470958 0.7616808252427184 0.06907378335949765 0.027002427184466018
0 0.4696821036106751 0.7525788834951456 0.042582417582417584 0.02336165048543689
0 0.20741758241758243 0.7953580097087378 0.05612244897959184 0.0391383495145631
0 0.28316326530612246 0.7895934466019416 0.0663265306122449 0.026395631067961164
0 0.34674254317111464 0.7920206310679611 0.026295133437990583 0.012439320388349514
0 0.3719583987441131 0.8015776699029126 0.037480376766091054 0.03155339805825243
0 0.4425039246467818 0.7942961165048543 0.10243328100470958 0.038834951456310676
0 0.22851255886970173 0.8179611650485437 0.07751177394034538 0.0279126213592233
0 0.2990580847723705 0.8181128640776698 0.05376766091051806 0.02882281553398058
0 0.3650902668759812 0.8256978155339805 0.0782967032967033 0.042172330097087374
0 0.4588893249607536 0.821146844660194 0.06966248037676609 0.022754854368932036
0 0.21065541601255888 0.8454186893203883 0.03394819466248038 0.027002427184466018
0 0.24264128728414444 0.8608919902912621 0.032378335949764525 0.031249999999999997
0 0.3091640502354788 0.8583131067961164 0.09988226059654631 0.03640776699029126
0 0.3919740973312402 0.8640776699029126 0.06730769230769232 0.037014563106796114
0 0.45987048665620095 0.855127427184466 0.06573783359497645 0.037924757281553395
0 0.2212519623233909 0.8772754854368932 0.05396389324960754 0.03307038834951456
0 0.2889521193092622 0.8875910194174756 0.07790423861852434 0.04763349514563106
0 0.3868720565149137 0.8921419902912621 0.11675824175824176 0.0391383495145631
0 0.4679160125588697 0.8916868932038834 0.04297488226059655 0.03762135922330097
0 0.22929748822605966 0.9199029126213591 0.04611459968602826 0.03216019417475728
0 0.2709968602825746 0.9195995145631067 0.03571428571428572 0.021844660194174755
0 0.3105376766091052 0.9194478155339805 0.03787284144427002 0.02336165048543689
0 0.3434065934065934 0.930521844660194 0.03571428571428572 0.03155339805825243
0 0.39128728414442704 0.9186893203883494 0.059654631083202514 0.02669902912621359
0 0.4582025117739404 0.9194478155339805 0.06907378335949765 0.020934466019417473
0 0.5889913657770801 0.09344660194174756 0.04336734693877551 0.02669902912621359
0 0.6352040816326531 0.10664441747572814 0.04905808477237049 0.033677184466019416
0 0.6918171114599686 0.10254854368932038 0.06652276295133439 0.040048543689320384
0 0.7576530612244898 0.10376213592233009 0.07025117739403454 0.03944174757281553
0 0.8249607535321821 0.10285194174757281 0.07142857142857144 0.0345873786407767
0 0.8768642072213502 0.10436893203883495 0.03983516483516484 0.03155339805825243
0 0.5986067503924647 0.1253033980582524 0.048861852433281006 0.023058252427184463
0 0.6432496075353219 0.12363470873786407 0.033751962323390894 0.016686893203883495
0 0.6859301412872841 0.1328883495145631 0.053571428571428575 0.03519417475728155
0 0.7510792778649922 0.12818567961165048 0.08496860282574568 0.03853155339805825
0 0.8300627943485087 0.12909587378640774 0.07299843014128729 0.042172330097087374
0 0.8812794348508635 0.13000606796116504 0.027472527472527476 0.02578883495145631
0 0.6046899529042387 0.15351941747572814 0.06259811616954475 0.02487864077669903
0 0.6539442700156987 0.16489684466019416 0.03198587127158556 0.028216019417475726
0 0.7034929356357928 0.15139563106796114 0.0663265306122449 0.02245145631067961
0 0.7597135007849294 0.15336771844660194 0.029631083202511777 0.018507281553398057
0 0.7993524332810048 0.15685679611650485 0.040620094191522765 0.03822815533980582
0 0.845467032967033 0.14912014563106796 0.024921507064364207 0.017900485436893203
0 0.8743131868131868 0.15488470873786406 0.03198587127158556 0.025182038834951456
0 0.6047880690737834 0.18173543689320387 0.06397174254317112 0.02427184466019417
0 0.6575745682888541 0.18219053398058252 0.03100470957613815 0.020934466019417473
0 0.7002551020408163 0.1843143203883495 0.0543563579277865 0.022754854368932036
0 0.7584379905808478 0.1864381067961165 0.052982731554160126 0.03003640776699029
0 0.8166208791208792 0.18583131067961164 0.0500392464678179 0.031249999999999997
0 0.6050824175824177 0.2101031553398058 0.06613029827315542 0.022754854368932036
0 0.6721938775510204 0.21177184466019416 0.060243328100470964 0.017597087378640776
0 0.7276295133437991 0.21510922330097085 0.04591836734693878 0.029126213592233007
0 0.780710361067504 0.21480582524271843 0.04964678178963894 0.032766990291262135
0 0.8400706436420723 0.2111650485436893 0.06318681318681318 0.018810679611650484
0 0.625 0.2480279126213592 0.07299843014128729 0.03731796116504854
0 0.6834772370486657 0.24226334951456308 0.047880690737833596 0.02214805825242718
0 0.7401883830455259 0.2492415048543689 0.06004709576138148 0.03974514563106796
0 0.8114207221350079 0.24059466019417475 0.07653061224489796 0.032766990291262135
0 0.8729395604395604 0.2412014563106796 0.045722135007849295 0.018810679611650484
0 0.6259811616954475 0.2777609223300971 0.06122448979591837 0.03428398058252427
0 0.6768053375196232 0.2760922330097087 0.03414442700156986 0.020631067961165046
0 0.7317503924646782 0.2836771844660194 0.07142857142857144 0.03094660194174757
0 0.8125 0.2797330097087378 0.08418367346938777 0.03640776699029126
0 0.8739207221350079 0.27229975728155337 0.03669544740973313 0.01729368932038835
0 0.6035125588697018 0.3026395631067961 0.07515698587127159 0.02882281553398058
0 0.661401098901099 0.30248786407766987 0.03355572998430142 0.02427184466019417
0 0.6942700156985872 0.31325849514563103 0.03414442700156986 0.026395631067961164
0 0.730671114599686 0.304004854368932 0.03669544740973313 0.026092233009708737
0 0.7681514913657771 0.3079490291262136 0.023351648351648352 0.015776699029126214
0 0.815541601255887 0.310376213592233 0.06711145996860284 0.03519417475728155
0 0.8699960753532182 0.30339805825242716 0.042189952904238624 0.03398058252427184
0 0.5864403453689169 0.33009708737864074 0.032770800627943485 0.03398058252427184
0 0.6247056514913658 0.33464805825242716 0.042189952904238624 0.029126213592233007
0 0.7058477237048666 0.3361650485436893 0.09693877551020409 0.023665048543689317
0 0.7912087912087913 0.33297936893203883 0.06750392464678179 0.02578883495145631
0 0.840561224489796 0.3360133495145631 0.028846153846153848 0.016686893203883495
0 0.8726452119309263 0.33237257281553395 0.03257456828885401 0.01729368932038835
0 0.6189167974882261 0.36347087378640774 0.06397174254317112 0.0345873786407767
0 0.6709183673469388 0.3596783980582524 0.03453689167974883 0.023968446601941744
0 0.720467032967033 0.3689320388349514 0.07437205651491366 0.03944174757281553
0 0.7959183673469388 0.37257281553398053 0.052982731554160126 0.0345873786407767
0 0.8567503924646782 0.36271237864077666 0.07025117739403454 0.02336165048543689
0 0.6150902668759812 0.3875910194174757 0.08536106750392465 0.02214805825242718
0 0.6812205651491366 0.39472087378640774 0.045329670329670335 0.03640776699029126
0 0.7270408163265306 0.3985133495145631 0.04277864992150707 0.028216019417475726
0 0.7811028257456829 0.39153519417475724 0.042582417582417584 0.017900485436893203
0 0.8260400313971743 0.39684466019417475 0.04415227629513344 0.028519417475728153
0 0.8710753532182104 0.3888046116504854 0.04120879120879121 0.02578883495145631
0 0.5937990580847724 0.415503640776699 0.04513343799058085 0.02882281553398058
0 0.6535518053375197 0.42293689320388345 0.06220565149136578 0.029126213592233007
0 0.7132064364207221 0.4315837378640776 0.06573783359497645 0.03428398058252427
0 0.7729591836734694 0.42430218446601936 0.028649921507064365 0.01911407766990291
0 0.8241758241758242 0.41944781553398053 0.06279434850863423 0.025182038834951456
0 0.5941915227629514 0.4505461165048543 0.04395604395604396 0.021844660194174755
0 0.6423665620094192 0.4516080097087378 0.04415227629513344 0.028216019417475726
0 0.7000588697017269 0.4620752427184466 0.04768445839874411 0.028519417475728153
0 0.7590266875981162 0.46086165048543687 0.06357927786499215 0.04368932038834951
0 0.8236852433281006 0.45585558252427183 0.05749607535321821 0.03731796116504854
0 0.8725470957613816 0.4511529126213592 0.03316326530612245 0.016383495145631068
0 0.614010989010989 0.48558859223300965 0.0816326530612245 0.03549757281553398
0 0.6868131868131868 0.48634708737864074 0.031789638932496075 0.017597087378640776
0 0.7321428571428572 0.4892293689320388 0.052982731554160126 0.03428398058252427
0 0.7872841444270016 0.48574029126213586 0.027472527472527476 0.014563106796116504
0 0.814756671899529 0.4924150485436893 0.031397174254317116 0.0279126213592233
0 0.8598901098901099 0.48619538834951453 0.06004709576138148 0.03549757281553398
0 0.6084183673469388 0.5145631067961165 0.07319466248037677 0.030339805825242715
0 0.6792582417582418 0.5177487864077669 0.03826530612244898 0.027002427184466018
0 0.7406789638932496 0.5213895631067961 0.05906593406593407 0.029429611650485434
0 0.7976844583987441 0.5166868932038835 0.044740973312401885 0.03762135922330097
0 0.8513540031397174 0.5209344660194174 0.06770015698587127 0.03216019417475728
0 0.6217621664050236 0.5496055825242718 0.0500392464678179 0.027609223300970872
0 0.6758241758241759 0.5588592233009708 0.05416012558869702 0.0424757281553398
0 0.7207613814756673 0.5623483009708737 0.046703296703296704 0.03549757281553398
0 0.7668759811616955 0.5464199029126213 0.0423861852433281 0.020631067961165046
0 0.801903453689168 0.5412621359223301 0.024529042386185244 0.023058252427184463
0 0.8497841444270016 0.5480885922330097 0.08457613814756672 0.0458131067961165
0 0.5828100470957615 0.5708434466019418 0.02119309262166405 0.021541262135922327
0 0.6196036106750393 0.5829793689320388 0.061420722135007856 0.031856796116504854
0 0.6967229199372057 0.5804004854368932 0.09281789638932497 0.023058252427184463
0 0.7622645211930926 0.5773665048543689 0.019427001569858715 0.025485436893203883
0 0.8276098901098902 0.5808555825242718 0.10537676609105182 0.03671116504854369
0 0.6069466248037677 0.6077063106796116 0.06789638932496075 0.025485436893203883
0 0.680337519623234 0.6125606796116504 0.06946624803767662 0.020024271844660192
0 0.7472527472527473 0.6222694174757281 0.07417582417582418 0.03398058252427184
0 0.8378139717425432 0.6149878640776698 0.10027472527472528 0.0345873786407767
0 0.5885007849293564 0.6371359223300971 0.03414442700156986 0.027305825242718445
0 0.6576726844583988 0.6398665048543689 0.08025902668759811 0.027305825242718445
0 0.7626569858712716 0.6513956310679611 0.08457613814756672 0.04126213592233009
0 0.8469387755102041 0.6404733009708737 0.076138147566719 0.037014563106796114
0 0.5945839874411303 0.6665655339805825 0.04081632653061225 0.023058252427184463
0 0.6724882260596546 0.6732402912621359 0.11852433281004711 0.04368932038834951
0 0.7475470957613816 0.6727851941747572 0.023351648351648352 0.029429611650485434
0 0.7757064364207222 0.6756674757281553 0.030612244897959186 0.02245145631067961
0 0.8465463108320251 0.6717233009708737 0.08320251177394035 0.025485436893203883
0 0.5843799058084773 0.6923543689320387 0.020408163265306124 0.02245145631067961
0 0.6134222919937206 0.7058555825242718 0.043171114599686033 0.03003640776699029
0 0.6641483516483517 0.6981189320388349 0.05788854003139718 0.023665048543689317
0 0.7501962323390895 0.7070691747572815 0.06122448979591837 0.020934466019417473
0 0.7960164835164836 0.7002427184466019 0.026491365777080063 0.0279126213592233
0 0.8294740973312402 0.7040351941747572 0.04042386185243328 0.0245752427184466
0 0.8694073783359498 0.7088895631067961 0.039050235478806906 0.027609223300970872
0 0.5888932496075353 0.723756067961165 0.031789638932496075 0.023968446601941744
0 0.6400117739403454 0.7392293689320387 0.07083987441130299 0.04277912621359223
0 0.7192896389324961 0.7352851941747572 0.09007064364207222 0.04035194174757281
0 0.7847331240188383 0.7419599514563107 0.044348508634222926 0.03246359223300971
0 0.8469387755102041 0.7333131067961164 0.07810047095761381 0.030339805825242715
0 0.5869309262166406 0.7631978155339805 0.033751962323390894 0.025182038834951456
0 0.6320643642072213 0.7574332524271844 0.05533751962323391 0.027002427184466018
0 0.6817111459968603 0.7598604368932038 0.04042386185243328 0.0245752427184466
0 0.7431318681318682 0.761377427184466 0.07142857142857144 0.0245752427184466
0 0.8033751962323391 0.7697208737864077 0.05376766091051806 0.03216019417475728
0 0.8592032967032968 0.7578883495145631 0.061420722135007856 0.025485436893203883
0 0.5880102040816327 0.7932342233009708 0.037480376766091054 0.03974514563106796
0 0.6245094191522763 0.7935376213592232 0.03983516483516484 0.033677184466019416
0 0.6752354788069074 0.7921723300970873 0.0565149136577708 0.03094660194174757
0 0.7395015698587127 0.792627427184466 0.06730769230769232 0.01911407766990291
0 0.799646781789639 0.7923240291262135 0.04552590266875981 0.016686893203883495
0 0.8579277864992151 0.7885315533980581 0.06868131868131869 0.0212378640776699
0 0.5976255886970173 0.8241808252427184 0.04493720565149137 0.0391383495145631
0 0.6362833594976453 0.8260012135922329 0.030808477237048666 0.019720873786407765
0 0.7136970172684459 0.8323725728155339 0.11695447409733124 0.03549757281553398
0 0.8279042386185244 0.8200849514563107 0.08634222919937207 0.03216019417475728
0 0.5868328100470958 0.8569478155339805 0.040620094191522765 0.030643203883495142
0 0.6266679748822607 0.8470873786407767 0.035910518053375196 0.023058252427184463
0 0.6700353218210362 0.8545206310679611 0.024529042386185244 0.017900485436893203
0 0.7233124018838305 0.8546723300970873 0.07456828885400314 0.027305825242718445
0 0.8058281004709577 0.8517900485436892 0.07868916797488226 0.034890776699029125
0 0.6021389324960754 0.884253640776699 0.061420722135007856 0.0391383495145631
0 0.6591444270015699 0.8833434466019416 0.047880690737833596 0.018507281553398057
0 0.7273351648351649 0.8844053398058251 0.030416012558869703 0.017597087378640776
0 0.7552982731554161 0.8848604368932038 0.024725274725274728 0.019720873786407765
0 0.7868916797488227 0.8833434466019416 0.036891679748822605 0.020934466019417473
0 0.8229003139717426 0.8825849514563106 0.028453689167974885 0.01699029126213592
0 0.5918367346938775 0.9104975728155339 0.03728414442700157 0.017597087378640776
0 0.6262755102040817 0.9194478155339805 0.03512558869701727 0.03549757281553398
0 0.6811224489795918 0.9185376213592232 0.07653061224489796 0.031249999999999997
0 0.7502943485086343 0.9158070388349514 0.059850863422292 0.03731796116504854
0 0.8135792778649922 0.9202063106796116 0.06279434850863423 0.038834951456310676
