0 0.24862637362637363 0.10027305825242717 0.03924646781789639 0.030643203883495142
0 0.3116169544740974 0.10148665048543688 0.07339089481946626 0.034890776699029125
0 0.41836734693877553 0.10179004854368931 0.13422291993720567 0.042172330097087374
0 0.20094191522762953 0.12484830097087378 0.060832025117739406 0.020934466019417473
0 0.2735478806907379 0.12697208737864077 0.04827315541601256 0.02336165048543689
0 0.3297684458398744 0.12606189320388347 0.04179748822605966 0.028216019417475726
0 0.3739207221350079 0.12302791262135922 0.04140502354788069 0.023968446601941744
0 0.41336342229199374 0.1307645631067961 0.037480376766091054 0.02973300970873786
0 0.4608516483516484 0.12439320388349513 0.05396389324960754 0.038834951456310676
0 0.19230769230769232 0.15276092233009708 0.023940345368916798 0.01729368932038835
0 0.25412087912087916 0.15230582524271843 0.09183673469387756 0.025485436893203883
0 0.3527276295133438 0.16110436893203883 0.10066718995290425 0.0424757281553398
0 0.416306907378336 0.15609830097087377 0.02923861852433281 0.027609223300970872
0 0.4612441130298273 0.14669296116504854 0.0543563579277865 0.028216019417475726
0 0.21036106750392466 0.18598300970873785 0.0902668759811617 0.040048543689320384
0 0.3001373626373627 0.18401092233009708 0.027668759811616955 0.01486650485436893
0 0.326530612244898 0.18461771844660194 0.023547880690737835 0.016686893203883495
0 0.38245682888540034 0.18841019417475727 0.08516483516483517 0.040048543689320384
0 0.4493720565149137 0.17839805825242716 0.046703296703296704 0.017597087378640776
0 0.1843602825745683 0.22709344660194172 0.03512558869701727 0.03853155339805825
0 0.2387166405023548 0.21374393203883493 0.07083987441130299 0.027609223300970872
0 0.30631868131868134 0.2111650485436893 0.06475667189952905 0.03398058252427184
0 0.3517464678178964 0.21192354368932037 0.02688383045525903 0.01911407766990291
0 0.44495682888540034 0.21086165048543687 0.08928571428571429 0.032766990291262135
0 0.19289638932496075 0.24499393203883493 0.04277864992150707 0.01608009708737864
0 0.2559850863422292 0.2490898058252427 0.08025902668759811 0.035800970873786406
0 0.34321036106750397 0.24074635922330095 0.08948194662480377 0.01911407766990291
0 0.4546703296703297 0.23847087378640774 0.06593406593406594 0.037014563106796114
0 0.19279827315541603 0.27336165048543687 0.050431711145996864 0.018810679611650484
0 0.23400706436420723 0.27047936893203883 0.03394819466248038 0.022754854368932036
0 0.28316326530612246 0.26774878640776695 0.03610675039246468 0.026395631067961164
0 0.35822213500784933 0.26759708737864074 0.11518838304552591 0.028519417475728153
0 0.451138147566719 0.26941747572815533 0.06750392464678179 0.035800970873786406
0 0.23027864992150707 0.2971783980582524 0.03669544740973313 0.021541262135922327
0 0.2669740973312402 0.29960558252427183 0.030808477237048666 0.022754854368932036
0 0.3304552590266876 0.2964199029126213 0.0706436420722135 0.030339805825242715
0 0.3926609105180534 0.28989684466019416 0.04356357927786499 0.027002427184466018
0 0.42503924646781793 0.2949029126213592 0.02197802197802198 0.03155339805825243
0 0.4586930926216641 0.29990898058252424 0.0500392464678179 0.03246359223300971
0 0.18573390894819466 0.3231189320388349 0.03708791208791209 0.0212378640776699
0 0.21889717425431712 0.33555825242718446 0.03512558869701727 0.02973300970873786
0 0.26658163265306123 0.3253944174757281 0.05631868131868132 0.026395631067961164
0 0.33810832025117743 0.32994538834951453 0.0847723704866562 0.03731796116504854
0 0.40835949764521196 0.3231189320388349 0.04905808477237049 0.0279126213592233
0 0.459478021978022 0.31902305825242716 0.04493720565149137 0.030643203883495142
0 0.22429356357927788 0.3531553398058252 0.0380690737833595 0.023058252427184463
0 0.32967032967032966 0.357251213592233 0.051412872841444274 0.02336165048543689
0 0.39344583987441134 0.3555825242718446 0.07692307692307693 0.028519417475728153
0 0.4569270015698587 0.3583131067961165 0.05396389324960754 0.03398058252427184
0 0.20270800627943486 0.39684466019417475 0.07142857142857144 0.03216019417475728
0 0.2573587127158556 0.3857706310679611 0.03355572998430142 0.020934466019417473
0 0.29395604395604397 0.3856189320388349 0.02904238618524333 0.020631067961165046
0 0.3444858712715856 0.3833434466019417 0.06534536891679749 0.02336165048543689
0 0.45594583987441134 0.3818264563106796 0.05160910518053376 0.016686893203883495
0 0.1870094191522763 0.41292475728155337 0.028649921507064365 0.021844660194174755
0 0.23959968602825746 0.4159587378640776 0.07456828885400314 0.030339805825242715
0 0.31446232339089486 0.42050970873786403 0.04807692307692308 0.02973300970873786
0 0.35370879120879123 0.4223300970873786 0.032378335949764525 0.029126213592233007
0 0.4046310832025118 0.41080097087378636 0.06397174254317112 0.020024271844660192
0 0.20692700156985872 0.4503944174757281 0.04336734693877551 0.02882281553398058
0 0.25608320251177397 0.4449332524271844 0.04513343799058085 0.020934466019417473
0 0.33830455259026687 0.4432645631067961 0.060832025117739406 0.020631067961165046
0 0.43543956043956045 0.4434162621359223 0.10518053375196233 0.027002427184466018
0 0.24264128728414444 0.4792172330097087 0.04925431711145997 0.031856796116504854
0 0.2967032967032967 0.47163228155339804 0.0521978021978022 0.021541262135922327
0 0.44495682888540034 0.46890169902912615 0.06770015698587127 0.018507281553398057
0 0.2016287284144427 0.5065230582524272 0.022566718995290426 0.03671116504854369
0 0.22968995290423863 0.5004550970873786 0.029631083202511777 0.022754854368932036
0 0.3382064364207222 0.5077366504854368 0.060243328100470964 0.03731796116504854
0 0.407967032967033 0.5031856796116504 0.07770800627943486 0.019720873786407765
0 0.46507064364207223 0.5018203883495145 0.031397174254317116 0.01820388349514563
0 0.18298665620094193 0.5424757281553397 0.0500392464678179 0.03094660194174757
0 0.28816718995290425 0.5379247572815533 0.12696232339089483 0.04429611650485436
0 0.39737048665620095 0.5330703883495145 0.03100470957613815 0.019417475728155338
0 0.43063186813186816 0.5301881067961165 0.03355572998430142 0.025182038834951456
0 0.19132653061224492 0.5641686893203883 0.04277864992150707 0.022754854368932036
0 0.25461145996860285 0.5638652912621359 0.0402276295133438 0.01911407766990291
0 0.3057299843014129 0.5744842233009708 0.062401883830455265 0.03731796116504854
0 0.3739207221350079 0.5614381067961165 0.06927001569858714 0.028216019417475726
0 0.43171114599686033 0.5700849514563107 0.03924646781789639 0.03216019417475728
0 0.1939756671899529 0.6007281553398057 0.052001569858712716 0.03337378640776699
0 0.23744113029827316 0.5920813106796116 0.03532182103610675 0.02578883495145631
0 0.28571428571428575 0.5972390776699028 0.0565149136577708 0.03246359223300971
0 0.35066718995290425 0.589502427184466 0.06868131868131869 0.025485436893203883
0 0.42896389324960754 0.5978458737864077 0.08634222919937207 0.03549757281553398
0 0.1979984301412873 0.6221177184466019 0.05180533751962324 0.023968446601941744
0 0.27472527472527475 0.6334951456310679 0.1055729984301413 0.04065533980582524
0 0.3473312401883831 0.6225728155339806 0.03296703296703297 0.02427184466019417
0 0.4387755102040817 0.630006067961165 0.076138147566719 0.033677184466019416
0 0.19279827315541603 0.6609526699029126 0.048469387755102046 0.03549757281553398
0 0.24146389324960754 0.6529126213592232 0.03708791208791209 0.026092233009708737
0 0.2956240188383046 0.6554915048543689 0.027276295133437992 0.01911407766990291
0 0.34203296703296704 0.652002427184466 0.05376766091051806 0.026092233009708737
0 0.3941326530612245 0.6497269417475727 0.04807692307692308 0.027002427184466018
0 0.4438775510204082 0.6466929611650485 0.04709576138147567 0.027002427184466018
0 0.2059458398744113 0.6841626213592232 0.07240973312401884 0.02669902912621359
0 0.28316326530612246 0.683252427184466 0.07417582417582418 0.03155339805825243
0 0.36528649921507067 0.6812803398058251 0.08653846153846155 0.027609223300970872
0 0.45957613814756676 0.6776395631067961 0.04395604395604396 0.02214805825242718
0 0.18642072213500785 0.7314927184466019 0.04120879120879121 0.037014563106796114
0 0.3047488226059655 0.723756067961165 0.08987441130298274 0.04763349514563106
0 0.3971742543171115 0.712378640776699 0.09497645211930927 0.032766990291262135
0 0.24607535321821036 0.7554611650485437 0.026687598116169546 0.021844660194174755
0 0.2735478806907379 0.7540958737864077 0.026295133437990583 0.026395631067961164
0 0.3218210361067504 0.755006067961165 0.0663265306122449 0.03246359223300971
0 0.37441130298273156 0.7480279126213591 0.03021978021978022 0.01729368932038835
0 0.4094387755102041 0.7483313106796116 0.039050235478806906 0.037924757281553395
0 0.45270800627943486 0.7518203883495145 0.05023547880690738 0.032766990291262135
0 0.19230769230769232 0.7886832524271844 0.04709576138147567 0.021541262135922327
0 0.24244505494505497 0.7953580097087378 0.05514128728414443 0.033677184466019416
0 0.2906200941915228 0.7932342233009708 0.03767660910518054 0.033677184466019416
0 0.3950156985871272 0.7824635922330097 0.08281004709576138 0.03944174757281553
0 0.18799058084772372 0.8193264563106796 0.03257456828885401 0.01729368932038835
0 0.23901098901098902 0.8194781553398057 0.0663265306122449 0.020631067961165046
0 0.38893249607535324 0.8131067961165048 0.03924646781789639 0.0212378640776699
0 0.4337715855572999 0.8112864077669902 0.0445447409733124 0.028519417475728153
0 0.47772762951334385 0.8152305825242717 0.024529042386185244 0.027305825242718445
0 0.20604395604395606 0.8492111650485437 0.04120879120879121 0.015169902912621358
0 0.24627158555729986 0.8470873786407767 0.029827315541601257 0.02427184466019417
0 0.3017072213500785 0.8542172330097086 0.06966248037676609 0.029429611650485434
0 0.3502747252747253 0.8560376213592232 0.031789638932496075 0.03003640776699029
0 0.4024725274725275 0.8479975728155339 0.06868131868131869 0.020631067961165046
0 0.46006671899529045 0.8413228155339805 0.042189952904238624 0.03216019417475728
0 0.1948587127158556 0.8801577669902911 0.049843014128728415 0.020631067961165046
0 0.2510792778649922 0.8889563106796116 0.061813186813186816 0.04186893203883495
0 0.296212715855573 0.8809162621359222 0.027668759811616955 0.02336165048543689
0 0.3909929356357928 0.8748483009708737 0.06534536891679749 0.025182038834951456
0 0.4479984301412873 0.8853155339805825 0.054552590266875985 0.03519417475728155
0 0.3951138147566719 0.9139866504854368 0.07397959183673469 0.034890776699029125
0 0.3184850863422292 0.9177791262135921 0.06554160125588697 0.03094660194174757
0 0.6058673469387755 0.09238470873786407 0.04650706436420722 0.03671116504854369
0 0.6994701726844584 0.08692354368932038 0.1304945054945055 0.023968446601941744
0 0.8087715855572999 0.0860133495145631 0.09321036106750392 0.043992718446601936
0 0.6220565149136578 0.12682038834951456 0.07692307692307693 0.04429611650485436
0 0.6862244897959184 0.11741504854368931 0.05023547880690738 0.01699029126213592
0 0.7411695447409734 0.12044902912621358 0.057692307692307696 0.04126213592233009
0 0.801510989010989 0.10861650485436893 0.052001569858712716 0.016383495145631068
0 0.8440934065934066 0.10603762135922329 0.027668759811616955 0.016686893203883495
0 0.8805926216640503 0.10694781553398057 0.0402276295133438 0.028216019417475726
0 0.5986067503924647 0.15078883495145629 0.03198587127158556 0.020024271844660192
0 0.6287284144427002 0.16231796116504854 0.03532182103610675 0.030339805825242715
0 0.6660125588697018 0.14684466019417475 0.04042386185243328 0.027305825242718445
0 0.7215463108320251 0.1409283980582524 0.06985871271585557 0.022754854368932036
0 0.7722723704866562 0.14578276699029125 0.03473312401883831 0.03853155339805825
0 0.8461538461538463 0.13470873786407767 0.1098901098901099 0.03155339805825243
0 0.5957613814756673 0.18128033980582522 0.029434850863422294 0.022754854368932036
0 0.6255886970172685 0.18082524271844658 0.022762951334379906 0.021844660194174755
0 0.6723901098901099 0.17718446601941745 0.03316326530612245 0.016383495145631068
0 0.709478021978022 0.17248179611650483 0.03316326530612245 0.022754854368932036
0 0.7418563579277866 0.17278519417475727 0.027276295133437992 0.016686893203883495
0 0.7760007849293564 0.16914441747572814 0.042189952904238624 0.02336165048543689
0 0.8885400313971743 0.15791868932038833 0.02119309262166405 0.01911407766990291
0 0.6101844583987441 0.2076759708737864 0.04807692307692308 0.027002427184466018
0 0.6761185243328101 0.19690533980582522 0.03316326530612245 0.02427184466019417
