0 0.19407378335949765 0.1128640776699029 0.04120879120879121 0.023058252427184463
0 0.24195447409733126 0.12090412621359223 0.06397174254317112 0.03246359223300971
0 0.30847723704866564 0.12044902912621358 0.07535321821036108 0.03944174757281553
0 0.3962912087912088 0.10452063106796115 0.05278649921507065 0.027609223300970872
0 0.4520211930926217 0.10664441747572814 0.05592621664050236 0.017900485436893203
0 0.18740188383045528 0.13895631067961164 0.033359497645211934 0.025485436893203883
0 0.24754709576138148 0.14016990291262135 0.04415227629513344 0.02427184466019417
0 0.2927786499215071 0.14426577669902912 0.05023547880690738 0.033677184466019416
0 0.3390894819466248 0.13789441747572814 0.023940345368916798 0.023968446601941744
0 0.3706828885400314 0.13273665048543687 0.03610675039246468 0.025182038834951456
0 0.4101255886970173 0.13561893203883493 0.03924646781789639 0.0212378640776699
0 0.44947017268445844 0.1304611650485437 0.03787284144427002 0.0279126213592233
0 0.20104003139717427 0.169751213592233 0.059850863422292 0.020934466019417473
0 0.25078492935635793 0.17157160194174756 0.04042386185243328 0.03671116504854369
0 0.30631868131868134 0.17020631067961164 0.07025117739403454 0.030339805825242715
0 0.35822213500784933 0.16641383495145629 0.025313971742543174 0.016686893203883495
0 0.38775510204081637 0.1688410194174757 0.03296703296703297 0.027609223300970872
0 0.4229788069073784 0.16110436893203883 0.03159340659340659 0.02427184466019417
0 0.4689952904238619 0.15867718446601942 0.02590266875981162 0.018810679611650484
0 0.1963304552590267 0.19614684466019416 0.04336734693877551 0.023968446601941744
0 0.24048273155416014 0.1934162621359223 0.043759811616954476 0.02336165048543689
0 0.2839481946624804 0.18947208737864077 0.04042386185243328 0.021541262135922327
0 0.3429160125588697 0.19007888349514562 0.0543563579277865 0.022754854368932036
0 0.40315934065934067 0.18841019417475727 0.06102825745682889 0.02427184466019417
0 0.46006671899529045 0.1922026699029126 0.04493720565149137 0.03549757281553398
0 0.1982927786499215 0.2234526699029126 0.0543563579277865 0.019720873786407765
0 0.2552001569858713 0.22102548543689318 0.027276295133437992 0.016686893203883495
0 0.3215266875981162 0.21950849514563106 0.03865777080062795 0.019720873786407765
0 0.3520408163265306 0.21829490291262135 0.024725274725274728 0.022754854368932036
0 0.418563579277865 0.2246662621359223 0.06004709576138148 0.031249999999999997
0 0.21055729984301413 0.25333737864077666 0.049450549450549455 0.020631067961165046
0 0.2672684458398744 0.2525788834951456 0.05572998430141288 0.028216019417475726
0 0.3311420722135008 0.25106189320388345 0.07986656200941916 0.04459951456310679
0 0.434850863422292 0.23816747572815533 0.07417582417582418 0.02973300970873786
0 0.22115384615384617 0.2801881067961165 0.038461538461538464 0.03853155339805825
0 0.25627943485086346 0.28337378640776695 0.039638932496075356 0.03762135922330097
0 0.312892464678179 0.2794296116504854 0.07162480376766091 0.030339805825242715
0 0.3961930926216641 0.27229975728155337 0.09105180533751962 0.03549757281553398
0 0.46418759811616955 0.27396844660194175 0.0445447409733124 0.0345873786407767
0 0.20869309262166405 0.31341019417475724 0.07358712715855574 0.023058252427184463
0 0.28051412872841447 0.3071905339805825 0.06259811616954475 0.037924757281553395
0 0.36744505494505497 0.2982402912621359 0.09948979591836735 0.03216019417475728
0 0.10302197802197803 0.4164138349514563 0.03885400313971743 0.02214805825242718
0 0.11705259026687599 0.6834041262135921 0.045329670329670335 0.029429611650485434
0 0.1357927786499215 0.7219356796116504 0.0380690737833595 0.017900485436893203
0 0.21232339089481947 0.6662621359223301 0.06397174254317112 0.05764563106796116
0 0.27649136577708006 0.6727851941747572 0.0423861852433281 0.019720873786407765
0 0.33467425431711145 0.6741504854368932 0.06338304552590267 0.025485436893203883
0 0.3879513343799058 0.6652002427184466 0.03532182103610675 0.02214805825242718
0 0.4342621664050236 0.6685376213592232 0.052590266875981166 0.031856796116504854
0 0.23018053375196235 0.7070691747572815 0.09065934065934067 0.030643203883495142
0 0.30003924646781793 0.6994842233009708 0.04905808477237049 0.0245752427184466
0 0.348116169544741 0.6979672330097086 0.03728414442700157 0.021541262135922327
0 0.38873626373626374 0.6899271844660193 0.043171114599686033 0.025485436893203883
0 0.440934065934066 0.6935679611650485 0.030612244897959186 0.027305825242718445
0 0.1953492935635793 0.7387742718446602 0.01707221350078493 0.014563106796116504
0 0.2536302982731554 0.7383191747572815 0.103414442700157 0.04641990291262135
0 0.3294740973312402 0.7236043689320387 0.04199372056514914 0.018810679611650484
0 0.3692111459968603 0.7207220873786407 0.03512558869701727 0.018507281553398057
0 0.45123626373626374 0.7099514563106796 0.0794740973312402 0.02487864077669903
0 0.20643642072213503 0.7715412621359222 0.05102040816326531 0.03216019417475728
0 0.25529827315541603 0.7569781553398057 0.04120879120879121 0.021844660194174755
0 0.28581240188383045 0.7589502427184466 0.019427001569858715 0.015473300970873785
0 0.31259811616954475 0.7581917475728155 0.03218210361067504 0.029126213592233007
0 0.3559654631083203 0.7512135922330097 0.047880690737833596 0.027305825242718445
0 0.3955062794348509 0.7518203883495145 0.028846153846153848 0.0279126213592233
0 0.421605180533752 0.746510922330097 0.020604395604395604 0.031249999999999997
0 0.4461342229199372 0.7387742718446602 0.024921507064364207 0.018810679611650484
0 0.23459576138147567 0.7914138349514562 0.10184458398744113 0.04035194174757281
0 0.3114207221350079 0.7844356796116504 0.04120879120879121 0.03853155339805825
0 0.35351255886970173 0.7732099514563107 0.039050235478806906 0.019720873786407765
0 0.3926609105180534 0.779126213592233 0.04356357927786499 0.0345873786407767
0 0.45054945054945056 0.7709344660194174 0.06828885400313972 0.03398058252427184
0 0.19691915227629514 0.8143203883495145 0.02099686028257457 0.020024271844660192
0 0.22596153846153846 0.8209951456310679 0.03630298273155416 0.03398058252427184
0 0.26354003139717425 0.8076456310679611 0.0380690737833595 0.023058252427184463
0 0.3462519623233909 0.8052184466019416 0.048861852433281006 0.030339805825242715
0 0.4048273155416013 0.7923240291262135 0.031789638932496075 0.021541262135922327
0 0.4525117739403454 0.7986953883495145 0.07103610675039247 0.040958737864077666
0 0.19574175824175824 0.8378337378640776 0.02413657770800628 0.023968446601941744
0 0.24362244897959184 0.8344963592233009 0.028453689167974885 0.020934466019417473
0 0.27256671899529045 0.8328276699029126 0.026295133437990583 0.018810679611650484
0 0.31671899529042385 0.8329793689320387 0.06004709576138148 0.03549757281553398
0 0.37029042386185246 0.821753640776699 0.030612244897959186 0.019720873786407765
0 0.40423861852433285 0.8152305825242717 0.03296703296703297 0.0212378640776699
0 0.43563579277864994 0.8167475728155339 0.03296703296703297 0.026092233009708737
0 0.24980376766091053 0.8589199029126213 0.05376766091051806 0.018810679611650484
0 0.3337912087912088 0.8490594660194174 0.05886970172684459 0.022754854368932036
0 0.3967817896389325 0.8405643203883495 0.06593406593406594 0.027002427184466018
0 0.4565345368916798 0.840260922330097 0.06377551020408163 0.040958737864077666
0 0.24941130298273156 0.8859223300970873 0.05886970172684459 0.027305825242718445
0 0.3141679748822606 0.8780339805825242 0.06711145996860284 0.028519417475728153
0 0.3739207221350079 0.8702973300970873 0.042582417582417584 0.02214805825242718
0 0.4186616954474098 0.871510922330097 0.045722135007849295 0.029429611650485434
0 0.4640894819466248 0.8677184466019416 0.04866562009419152 0.03398058252427184
0 0.307201726844584 0.9064016990291262 0.07044740973312402 0.025182038834951456
0 0.3585164835164835 0.902760922330097 0.0282574568288854 0.01608009708737864
0 0.3917778649921507 0.9018507281553397 0.047291993720565154 0.04035194174757281
0 0.44839089481946626 0.8939623786407767 0.06043956043956044 0.031856796116504854
0 0.5942896389324961 0.0726638349514563 0.03983516483516484 0.03974514563106796
0 0.6358908948194663 0.07448422330097086 0.03983516483516484 0.04035194174757281
0 0.6758241758241759 0.06765776699029126 0.0380690737833595 0.02487864077669903
0 0.7194858712715856 0.0737257281553398 0.045329670329670335 0.04368932038834951
0 0.763638147566719 0.06887135922330097 0.0402276295133438 0.026092233009708737
0 0.8299646781789639 0.06993325242718446 0.04925431711145997 0.021541262135922327
0 0.8694073783359498 0.07554611650485436 0.03983516483516484 0.03762135922330097
0 0.5966444270015699 0.09557038834951455 0.03865777080062795 0.014563106796116504
0 0.6464874411302983 0.09405339805825241 0.05121664050235479 0.021844660194174755
0 0.6863226059654631 0.0961771844660194 0.02295918367346939 0.020024271844660192
0 0.7260596546310832 0.10103155339805825 0.04866562009419152 0.03094660194174757
0 0.7816915227629514 0.0993628640776699 0.034340659340659344 0.034890776699029125
0 0.8336930926216641 0.09966626213592232 0.042189952904238624 0.01729368932038835
0 0.8751962323390895 0.09754247572815533 0.039638932496075356 0.02578883495145631
0 0.6195054945054945 0.12166262135922329 0.07770800627943486 0.03398058252427184
0 0.7070251177394035 0.1253033980582524 0.09850863422291994 0.03762135922330097
0 0.7752158555729984 0.1295509708737864 0.0445447409733124 0.029126213592233007
0 0.8169152276295134 0.1253033980582524 0.03414442700156986 0.026092233009708737
0 0.8706828885400314 0.1172633495145631 0.05886970172684459 0.021541262135922327
0 0.6025313971742543 0.14805825242718446 0.05514128728414443 0.026092233009708737
0 0.6472723704866562 0.15594660194174756 0.028453689167974885 0.03216019417475728
0 0.6831828885400314 0.14502427184466019 0.042189952904238624 0.018810679611650484
0 0.7177197802197802 0.1476031553398058 0.024921507064364207 0.012439320388349514
0 0.7586342229199372 0.14563106796116504 0.033359497645211934 0.020631067961165046
0 0.8004317111459969 0.14441747572815533 0.027472527472527476 0.018810679611650484
0 0.8384026687598116 0.14957524271844658 0.060243328100470964 0.032766990291262135
0 0.8813775510204083 0.14896844660194172 0.030416012558869703 0.027305825242718445
0 0.5941915227629514 0.17035800970873785 0.03885400313971743 0.027002427184466018
0 0.6392268445839875 0.18219053398058252 0.045722135007849295 0.03003640776699029
0 0.6927982731554161 0.1721783980582524 0.06102825745682889 0.033677184466019416
0 0.7606946624803768 0.17688106796116504 0.059850863422292 0.0345873786407767
0 0.805337519623234 0.1688410194174757 0.028649921507064365 0.016686893203883495
0 0.8592032967032968 0.16595873786407767 0.07554945054945056 0.020024271844660192
0 0.5988029827315542 0.1955400485436893 0.045329670329670335 0.021541262135922327
0 0.6722919937205651 0.19811893203883493 0.07496075353218211 0.020024271844660192
0 0.7418563579277866 0.20297330097087377 0.06063579277864992 0.028519417475728153
0 0.8083791208791209 0.19902912621359223 0.07437205651491366 0.035800970873786406
0 0.8590070643642073 0.19296116504854366 0.024529042386185244 0.01820388349514563
0 0.6005690737833596 0.22193567961165048 0.047291993720565154 0.020934466019417473
0 0.6543367346938775 0.22861043689320387 0.06299058084772372 0.031249999999999997
0 0.7249803767660911 0.22845873786407764 0.06966248037676609 0.03094660194174757
0 0.8109301412872842 0.21981189320388347 0.06534536891679749 0.017900485436893203
0 0.8602825745682889 0.2164745145631068 0.031397174254317116 0.01608009708737864
0 0.8872645211930926 0.21222694174757278 0.021781789638932497 0.02578883495145631
0 0.5944858712715856 0.25106189320388345 0.04807692307692308 0.03246359223300971
0 0.6709183673469388 0.24620752427184464 0.08437990580847725 0.027609223300970872
0 0.7355769230769231 0.2503033980582524 0.04611459968602826 0.03337378640776699
0 0.7757064364207222 0.24393203883495143 0.03610675039246468 0.01699029126213592
0 0.8106357927786499 0.2480279126213592 0.04277864992150707 0.040958737864077666
0 0.8632260596546312 0.2378640776699029 0.06357927786499215 0.0212378640776699
0 0.639423076923077 0.27639563106796117 0.13206436420722137 0.03398058252427184
0 0.7335164835164836 0.2692657766990291 0.05533751962323391 0.025182038834951456
0 0.771978021978022 0.2795813106796116 0.03218210361067504 0.02882281553398058
0 0.8262362637362638 0.2624393203883495 0.07476452119309263 0.02669902912621359
0 0.5968406593406593 0.30218446601941745 0.052001569858712716 0.032766990291262135
0 0.6424646781789639 0.2959648058252427 0.03728414442700157 0.0245752427184466
0 0.6874018838304553 0.29915048543689315 0.049450549450549455 0.040048543689320384
0 0.7345957613814758 0.2917172330097087 0.028846153846153848 0.016686893203883495
0 0.7774725274725275 0.2933859223300971 0.05572998430141288 0.013349514563106795
0 0.8368328100470959 0.2953580097087378 0.07083987441130299 0.03246359223300971
0 0.8830455259026688 0.28337378640776695 0.019623233908948195 0.028519417475728153
0 0.5912480376766092 0.3241808252427184 0.033751962323390894 0.025182038834951456
0 0.631083202511774 0.321753640776699 0.04905808477237049 0.029429611650485434
0 0.6792582417582418 0.31477548543689315 0.028453689167974885 0.022754854368932036
0 0.737146781789639 0.31598907766990286 0.06770015698587127 0.022754854368932036
0 0.8086734693877552 0.3112864077669903 0.05337519623233909 0.020631067961165046
0 0.8629317111459969 0.31644417475728154 0.06220565149136578 0.03519417475728155
0 0.5867346938775511 0.3410194174757281 0.025510204081632654 0.019417475728155338
0 0.627649136577708 0.3429915048543689 0.05396389324960754 0.018507281553398057
0 0.6787676609105181 0.34921116504854366 0.04591836734693878 0.03398058252427184
0 0.7368524332810048 0.34693567961165045 0.0663265306122449 0.03549757281553398
0 0.7929748822605966 0.33555825242718446 0.034929356357927786 0.0279126213592233
0 0.8562598116169545 0.33252427184466016 0.06927001569858714 0.02427184466019417
0 0.5875196232339089 0.36574635922330095 0.028649921507064365 0.02214805825242718
0 0.6433477237048666 0.3683252427184466 0.08143642072213501 0.029126213592233007
0 0.731848508634223 0.36271237864077666 0.09438775510204082 0.028216019417475726
0 0.8390894819466248 0.36104368932038833 0.11538461538461539 0.03337378640776699
0 0.5904631083202512 0.3831917475728155 0.03453689167974883 0.020631067961165046
0 0.6372645211930926 0.388501213592233 0.055533751962323394 0.027609223300970872
0 0.7032967032967034 0.39305218446601936 0.07339089481946626 0.027002427184466018
0 0.7683477237048666 0.3866808252427184 0.056711145996860286 0.027609223300970872
0 0.8393838304552591 0.3809162621359223 0.06338304552590267 0.026395631067961164
0 0.5992935635792779 0.41140776699029125 0.05180533751962324 0.037014563106796114
0 0.6699372056514914 0.41504854368932037 0.09929356357927788 0.035800970873786406
0 0.7561813186813188 0.41049757281553395 0.04807692307692308 0.02973300970873786
0 0.8382064364207222 0.4012439320388349 0.1120486656200942 0.026395631067961164
0 0.5820251177394035 0.434010922330097 0.019623233908948195 0.01486650485436893
0 0.6265698587127159 0.43613470873786403 0.04827315541601256 0.02882281553398058
0 0.7067307692307693 0.43734830097087374 0.08850078492935637 0.027609223300970872
0 0.7702119309262166 0.4308252427184466 0.03296703296703297 0.012135922330097085
0 0.8226059654631084 0.4312803398058252 0.0804552590266876 0.033677184466019416
0 0.8788265306122449 0.4315837378640776 0.030808477237048666 0.02882281553398058
0 0.6019427001569859 0.45676577669902907 0.05592621664050236 0.02336165048543689
0 0.663265306122449 0.45752427184466016 0.06671899529042387 0.017597087378640776
0 0.7373430141287285 0.45858616504854366 0.06573783359497645 0.03003640776699029
0 0.8237833594976453 0.4481189320388349 0.08555729984301413 0.0212378640776699
0 0.8771585557299844 0.4511529126213592 0.02001569858712716 0.028519417475728153
0 0.5931122448979592 0.48786407766990286 0.04650706436420722 0.03216019417475728
0 0.658751962323391 0.4792172330097087 0.07770800627943486 0.019720873786407765
0 0.7332221350078494 0.4813410194174757 0.048861852433281006 0.030643203883495142
0 0.8034733124018839 0.4772451456310679 0.08850078492935637 0.037014563106796114
0 0.875784929356358 0.46890169902912615 0.041601255886970175 0.015473300970873785
0 0.592032967032967 0.5037924757281553 0.03924646781789639 0.027609223300970872
0 0.6436420722135008 0.5053094660194174 0.05690737833594977 0.03307038834951456
0 0.7199764521193093 0.5019720873786407 0.07653061224489796 0.0245752427184466
0 0.791699372056515 0.49863470873786403 0.06966248037676609 0.03428398058252427
0 0.859497645211931 0.4925667475728155 0.06122448979591837 0.028216019417475726
0 0.6104788069073783 0.527002427184466 0.06907378335949765 0.030339805825242715
0 0.6694466248037677 0.5235133495145631 0.045329670329670335 0.015473300970873785
0 0.7156593406593407 0.5215412621359223 0.04709576138147567 0.025485436893203883
0 0.7850274725274726 0.5174453883495145 0.09046310832025119 0.03307038834951456
0 0.8447802197802198 0.5174453883495145 0.031397174254317116 0.026395631067961164
0 0.8787284144427002 0.5087985436893203 0.03100470957613815 0.01699029126213592
0 0.5937990580847724 0.5462682038834951 0.03767660910518054 0.025182038834951456
0 0.6471742543171115 0.5459648058252426 0.06318681318681318 0.0245752427184466
0 0.7065345368916798 0.546875 0.050824175824175824 0.03428398058252427
0 0.7569662480376766 0.5403519417475727 0.04807692307692308 0.0212378640776699
0 0.8281985871271587 0.5385315533980582 0.07201726844583987 0.02669902912621359
0 0.5993916797488227 0.5705400485436892 0.05710361067503925 0.033677184466019416
0 0.6688579277864992 0.5870752427184466 0.08928571428571429 0.027305825242718445
0 0.7353806907378336 0.5913228155339806 0.04807692307692308 0.03640776699029126
0 0.7782574568288855 0.583131067961165 0.031397174254317116 0.020024271844660192
0 0.8240777080062794 0.578883495145631 0.058673469387755105 0.023665048543689317
0 0.8750981161695448 0.5785800970873786 0.03708791208791209 0.019417475728155338
0 0.5967425431711146 0.5840412621359223 0.03728414442700157 0.0212378640776699
0 0.6867150706436421 0.5638652912621359 0.08536106750392465 0.02032766990291262
0 0.7702119309262166 0.5605279126213591 0.07810047095761381 0.02214805825242718
0 0.8393838304552591 0.5577973300970873 0.035910518053375196 0.01911407766990291
0 0.8764717425431712 0.5538531553398057 0.037480376766091054 0.026395631067961164
0 0.5961538461538461 0.6142293689320388 0.03885400313971743 0.03307038834951456
0 0.6368720565149137 0.6155946601941747 0.02806122448979592 0.030339805825242715
0 0.6810243328100472 0.6107402912621359 0.06220565149136578 0.03094660194174757
0 0.7495094191522763 0.6077063106796116 0.07437205651491366 0.029126213592233007
0 0.8077904238618525 0.6111953883495145 0.0402276295133438 0.027002427184466018
0 0.859497645211931 0.5993628640776698 0.060832025117739406 0.021541262135922327
0 0.5986067503924647 0.6381978155339805 0.04925431711145997 0.01911407766990291
0 0.6458006279434851 0.6397148058252426 0.051412872841444274 0.02882281553398058
0 0.7149725274725275 0.6368325242718446 0.06966248037676609 0.028519417475728153
0 0.7820839874411304 0.6348604368932038 0.04336734693877551 0.03246359223300971
0 0.8235871271585558 0.625758495145631 0.03728414442700157 0.019720873786407765
0 0.8675431711145998 0.6233313106796116 0.04709576138147567 0.016686893203883495
0 0.5951726844583988 0.6594356796116504 0.04081632653061225 0.019720873786407765
0 0.6380494505494506 0.6592839805825242 0.03944270015698587 0.019417475728155338
0 0.6985871271585558 0.6547330097087378 0.059262166405023554 0.019417475728155338
0 0.7724686028257457 0.6562499999999999 0.08614599686028258 0.03398058252427184
0 0.846251962323391 0.654884708737864 0.06613029827315542 0.04459951456310679
0 0.5932103610675039 0.6885618932038834 0.03767660910518054 0.013652912621359222
0 0.628041601255887 0.6829490291262136 0.027276295133437992 0.018810679611650484
0 0.6709183673469388 0.6859830097087378 0.046310832025117744 0.037014563106796114
0 0.7173273155416013 0.6900788834951456 0.043759811616954476 0.03307038834951456
0 0.7695251177394035 0.6783980582524272 0.050824175824175824 0.0279126213592233
0 0.8425235478806908 0.6803701456310679 0.09948979591836735 0.040958737864077666
0 0.6032182103610675 0.7211771844660193 0.059654631083202514 0.03155339805825243
0 0.6507064364207221 0.715260922330097 0.031789638932496075 0.03731796116504854
0 0.689756671899529 0.7099514563106796 0.046703296703296704 0.035800970873786406
0 0.7593210361067504 0.7107099514563107 0.07868916797488226 0.037924757281553395
0 0.834085557299843 0.7094963592233009 0.056711145996860286 0.031249999999999997
0 0.8766679748822607 0.6964502427184466 0.02688383045525903 0.01729368932038835
0 0.5896781789638933 0.7493932038834951 0.044740973312401885 0.03398058252427184
0 0.6418759811616955 0.7477245145631067 0.06671899529042387 0.0391383495145631
0 0.6923076923076924 0.7307342233009708 0.03296703296703297 0.019720873786407765
0 0.7513736263736264 0.7305825242718446 0.0804552590266876 0.026092233009708737
0 0.8399725274725275 0.7317961165048543 0.09399529042386186 0.03944174757281553
0 0.6040031397174255 0.7733616504854368 0.0565149136577708 0.03762135922330097
0 0.6494309262166406 0.7730582524271844 0.04336734693877551 0.03519417475728155
0 0.6983908948194663 0.7729065533980581 0.0620094191522763 0.037924757281553395
0 0.7546114599686029 0.761377427184466 0.048469387755102046 0.03610436893203883
0 0.8009222919937206 0.7581917475728155 0.04297488226059655 0.0212378640776699
0 0.8629317111459969 0.7504550970873786 0.05749607535321821 0.02032766990291262
0 0.6165620094191523 0.7938410194174756 0.08320251177394035 0.017900485436893203
0 0.7006475667189953 0.7991504854368932 0.061420722135007856 0.03337378640776699
0 0.7615777080062794 0.7827669902912621 0.06043956043956044 0.02427184466019417
0 0.6017464678178964 0.8188713592233009 0.052001569858712716 0.025485436893203883
0 0.6647370486656201 0.8143203883495145 0.01903453689167975 0.0212378640776699
0 0.6964285714285715 0.8187196601941746 0.038461538461538464 0.029429611650485434
0 0.7489207221350079 0.8149271844660193 0.04140502354788069 0.032766990291262135
0 0.790914442700157 0.8047633495145631 0.04179748822605966 0.022754854368932036
0 0.8255494505494506 0.8047633495145631 0.02433281004709576 0.013652912621359222
0 0.6025313971742543 0.8504247572815533 0.06220565149136578 0.03155339805825243
0 0.6957417582417583 0.8408677184466019 0.1120486656200942 0.02882281553398058
0 0.791306907378336 0.8287317961165048 0.053571428571428575 0.02578883495145631
0 0.6014521193092622 0.8728762135922329 0.05533751962323391 0.03216019417475728
0 0.6987833594976453 0.8716626213592232 0.10243328100470958 0.03519417475728155
0 0.779532967032967 0.8689320388349514 0.048469387755102046 0.03337378640776699
0 0.6096938775510204 0.9059466019417475 0.06397174254317112 0.03337378640776699
0 0.6543367346938775 0.8963895631067961 0.022566718995290426 0.027609223300970872
0 0.682201726844584 0.8976031553398057 0.03159340659340659 0.02336165048543689
0 0.7317503924646782 0.8969963592233009 0.04042386185243328 0.02882281553398058
