0 0.19289638932496075 0.08464805825242717 0.09419152276295134 0.050970873786407765
0 0.26589481946624804 0.07675970873786407 0.04552590266875981 0.03398058252427184
0 0.3579277864992151 0.0816140776699029 0.062401883830455265 0.047330097087378634
0 0.418563579277865 0.0782766990291262 0.05416012558869702 0.03216019417475728
0 0.4666405023547881 0.07766990291262135 0.0380690737833595 0.03216019417475728
0 0.20408163265306123 0.11316747572815533 0.09065934065934067 0.03519417475728155
0 0.288265306122449 0.1116504854368932 0.05808477237048666 0.04550970873786407
0 0.2827708006279435 0.11256067961165048 0.07299843014128729 0.04126213592233009
0 0.33457613814756676 0.11074029126213591 0.03532182103610675 0.02427184466019417
0 0.39305337519623235 0.1149878640776699 0.08320251177394035 0.04854368932038834
0 0.46781789638932497 0.10770631067961164 0.04356357927786499 0.03398058252427184
0 0.17209576138147567 0.1465412621359223 0.041601255886970175 0.038834951456310676
0 0.2229199372056515 0.1383495145631068 0.05376766091051806 0.035800970873786406
0 0.27884615384615385 0.14168689320388347 0.052590266875981166 0.038834951456310676
0 0.35537676609105184 0.14016990291262135 0.07299843014128729 0.043082524271844655
0 0.347723704866562 0.1441140776699029 0.0890894819466248 0.038834951456310676
0 0.42719780219780223 0.1341019417475728 0.04866562009419152 0.035800970873786406
0 0.46762166405023553 0.1398665048543689 0.0282574568288854 0.0424757281553398
0 0.1771978021978022 0.16838592233009708 0.02511773940345369 0.029126213592233007
0 0.21271585557299844 0.1753640776699029 0.029434850863422294 0.04065533980582524
0 0.24882260596546313 0.1653519417475728 0.04199372056514914 0.030339805825242715
0 0.3239795918367347 0.16899271844660194 0.08634222919937207 0.03519417475728155
0 0.3184850863422292 0.1695995145631068 0.10047095761381476 0.04126213592233009
0 0.3946232339089482 0.16656553398058252 0.03924646781789639 0.0279126213592233
0 0.4489795918367347 0.1708131067961165 0.08124018838304553 0.038834951456310676
0 0.2078100470957614 0.20054611650485435 0.07849293563579278 0.04368932038834951
0 0.26628728414442704 0.19629854368932037 0.033751962323390894 0.02669902912621359
0 0.29729199372056514 0.20266990291262135 0.03296703296703297 0.04429611650485436
0 0.35498430141287285 0.20024271844660194 0.07927786499215071 0.02973300970873786
0 0.418563579277865 0.2066140776699029 0.05729984301412873 0.040048543689320384
0 0.46369701726844587 0.19296116504854366 0.03610675039246468 0.03337378640776699
0 0.18288854003139718 0.2302791262135922 0.04513343799058085 0.03155339805825243
0 0.24411302982731556 0.23513349514563106 0.07653061224489796 0.046116504854368925
0 0.3069073783359498 0.23058252427184464 0.04199372056514914 0.02245145631067961
0 0.38481161695447413 0.23483009708737862 0.13108320251177394 0.04672330097087378
0 0.46938775510204084 0.22299757281553395 0.0380690737833595 0.029126213592233007
0 0.17445054945054947 0.26547330097087374 0.052590266875981166 0.04368932038834951
0 0.2470565149136578 0.2669902912621359 0.09576138147566719 0.035800970873786406
0 0.32554945054945056 0.26790048543689315 0.0706436420722135 0.038834951456310676
0 0.3918759811616955 0.2600121359223301 0.0565149136577708 0.029126213592233007
0 0.45486656200941916 0.2612257281553398 0.07574568288854004 0.038834951456310676
0 0.21055729984301413 0.2930825242718446 0.09890109890109891 0.027305825242718445
0 0.22664835164835165 0.2921723300970874 0.06828885400313972 0.032766990291262135
0 0.32908163265306123 0.29550970873786403 0.0706436420722135 0.04065533980582524
0 0.4034536891679749 0.28458737864077666 0.026295133437990583 0.028519417475728153
0 0.42896389324960754 0.2939927184466019 0.03571428571428572 0.03398058252427184
0 0.46055729984301413 0.2836771844660194 0.026687598116169546 0.03398058252427184
0 0.17562794348508634 0.31887135922330095 0.02197802197802198 0.025485436893203883
0 0.25804552590266877 0.32099514563106796 0.11224489795918367 0.043082524271844655
0 0.3306514913657771 0.3219053398058252 0.0282574568288854 0.038834951456310676
0 0.3691130298273156 0.3252427184466019 0.04552590266875981 0.027305825242718445
0 0.4154238618524333 0.3206917475728155 0.04709576138147567 0.03398058252427184
0 0.46271585557299844 0.31583737864077666 0.049843014128728415 0.03398058252427184
0 0.20957613814756673 0.3528519417475728 0.09772370486656201 0.03519417475728155
0 0.31495290423861855 0.3552791262135922 0.07299843014128729 0.032766990291262135
0 0.32790423861852436 0.3558859223300971 0.04552590266875981 0.03398058252427184
0 0.29179748822605966 0.3574029126213592 0.026687598116169546 0.023665048543689317
0 0.385989010989011 0.35345873786407767 0.06907378335949765 0.032766990291262135
0 0.4536891679748823 0.3537621359223301 0.07339089481946626 0.035800970873786406
0 0.19093406593406595 0.3898665048543689 0.07378335949764521 0.03762135922330097
0 0.2629513343799058 0.3865291262135922 0.028649921507064365 0.02973300970873786
0 0.25137362637362637 0.3868325242718446 0.05102040816326531 0.032766990291262135
0 0.38127943485086346 0.38258495145631066 0.08320251177394035 0.03155339805825243
0 0.46212715855573 0.38137135922330095 0.05337519623233909 0.02669902912621359
0 0.18857927786499215 0.4111043689320388 0.047880690737833596 0.02427184466019417
0 0.2643249607535322 0.42081310679611644 0.10675039246467818 0.03519417475728155
0 0.2815934065934066 0.4177791262135922 0.07221350078492936 0.038834951456310676
0 0.37676609105180536 0.42384708737864074 0.0890894819466248 0.03640776699029126
0 0.45937990580847726 0.41262135922330095 0.07142857142857144 0.035800970873786406
0 0.19407378335949765 0.44265776699029125 0.06985871271585557 0.025485436893203883
0 0.25137362637362637 0.45418689320388345 0.06357927786499215 0.03398058252427184
0 0.3490973312401884 0.4499393203883495 0.08791208791208792 0.04490291262135922
0 0.33830455259026687 0.4514563106796116 0.11028257456828885 0.037014563106796114
0 0.4452511773940346 0.45084951456310673 0.09340659340659341 0.04186893203883495
0 0.22880690737833595 0.4766383495145631 0.05612244897959184 0.032766990291262135
0 0.3025902668759812 0.4824029126213592 0.03728414442700157 0.03094660194174757
0 0.29101255886970173 0.4824029126213592 0.06122448979591837 0.03094660194174757
0 0.3628335949764521 0.4814927184466019 0.08398744113029828 0.03398058252427184
0 0.4497645211930926 0.4796723300970873 0.08751962323390895 0.04368932038834951
0 0.19309262166405025 0.5109223300970873 0.06946624803767662 0.04065533980582524
0 0.25098116169544743 0.5084951456310679 0.04709576138147567 0.03216019417475728
0 0.2863029827315542 0.5106189320388349 0.026687598116169546 0.0279126213592233
0 0.3500784929356358 0.5130461165048543 0.05062794348508635 0.03155339805825243
0 0.40208006279434855 0.5094053398058253 0.05416012558869702 0.029126213592233007
0 0.46212715855573 0.5045509708737863 0.05337519623233909 0.029126213592233007
0 0.18347723704866564 0.5394417475728155 0.04395604395604396 0.023665048543689317
0 0.23214285714285715 0.5458131067961165 0.06279434850863423 0.03398058252427184
0 0.4452511773940346 0.7157160194174756 0.0007849293563579278 0.0
0 0.28218210361067503 0.5427791262135921 0.03571428571428572 0.03519417475728155
0 0.3308477237048666 0.5397451456310679 0.059262166405023554 0.03155339805825243
0 0.3416405023547881 0.5406553398058251 0.033751962323390894 0.026092233009708737
0 0.40639717425431715 0.5436893203883495 0.10047095761381476 0.0345873786407767
0 0.4699764521193093 0.5367111650485437 0.029827315541601257 0.0279126213592233
0 0.1968210361067504 0.576759708737864 0.08634222919937207 0.03519417475728155
0 0.29120879120879123 0.5706917475728155 0.033359497645211934 0.02427184466019417
0 0.25510204081632654 0.5740291262135921 0.03571428571428572 0.03094660194174757
0 0.353806907378336 0.5791868932038834 0.09890109890109891 0.032766990291262135
0 0.44642857142857145 0.5740291262135921 0.08320251177394035 0.03216019417475728
0 0.19171899529042388 0.5998179611650485 0.05572998430141288 0.032766990291262135
0 0.2643249607535322 0.6043689320388349 0.08791208791208792 0.043082524271844655
0 0.3263343799058085 0.610133495145631 0.03924646781789639 0.03640776699029126
0 0.37264521193092626 0.6016383495145631 0.06122448979591837 0.038834951456310676
0 0.445447409733124 0.6013349514563107 0.08359497645211932 0.037014563106796114
0 0.20094191522762953 0.6507888349514562 0.0003924646781789639 0.0012135922330097086
0 0.17896389324960754 0.6301577669902912 0.03728414442700157 0.030339805825242715
0 0.4546703296703297 0.6028519417475727 0.06122448979591837 0.03398058252427184
0 0.26412872841444274 0.6356189320388349 0.09144427001569859 0.038834951456310676
0 0.2547095761381476 0.6350121359223301 0.108712715855573 0.03762135922330097
0 0.38088697017268447 0.6334951456310679 0.03218210361067504 0.0345873786407767
0 0.46134222919937207 0.6380461165048543 0.05337519623233909 0.03398058252427184
0 0.20624018838304553 0.6623179611650485 0.08948194662480377 0.038834951456310676
0 0.2717817896389325 0.6732402912621359 0.038461538461538464 0.03155339805825243
0 0.3161302982731554 0.6659587378640777 0.04866562009419152 0.03155339805825243
0 0.3852040816326531 0.6686893203883495 0.08320251177394035 0.026092233009708737
0 0.4495682888540032 0.6601941747572815 0.03610675039246468 0.02487864077669903
0 0.19721350078492936 0.6938713592233009 0.07927786499215071 0.038834951456310676
0 0.2690345368916798 0.6975121359223301 0.04552590266875981 0.02669902912621359
0 0.309850863422292 0.7066140776699028 0.03610675039246468 0.0279126213592233
0 0.38029827315541603 0.6956917475728155 0.06554160125588697 0.030339805825242715
0 0.369701726844584 0.6944781553398057 0.08359497645211932 0.03519417475728155
0 0.4470172684458399 0.6935679611650485 0.04356357927786499 0.026092233009708737
0 0.17857142857142858 0.7320995145631067 0.04356357927786499 0.03762135922330097
0 0.23076923076923078 0.7302791262135921 0.0663265306122449 0.038834951456310676
0 0.3288854003139718 0.7239077669902912 0.08281004709576138 0.03822815533980582
0 0.3958006279434851 0.7281553398058251 0.047880690737833596 0.020024271844660192
0 0.4542778649921507 0.7320995145631067 0.07692307692307693 0.03762135922330097
0 0.1771978021978022 0.7594053398058251 0.03453689167974883 0.03155339805825243
0 0.28355572998430145 0.7569781553398057 0.12244897959183675 0.03155339805825243
0 0.27256671899529045 0.7566747572815533 0.14756671899529042 0.027305825242718445
0 0.38226059654631084 0.7575849514563107 0.026295133437990583 0.023058252427184463
0 0.3710753532182104 0.7545509708737863 0.04866562009419152 0.0279126213592233
0 0.4201334379905809 0.7542475728155339 0.04552590266875981 0.027305825242718445
0 0.1968210361067504 0.7848907766990291 0.06593406593406594 0.02669902912621359
0 0.27864992150706436 0.7858009708737863 0.09222919937205652 0.037014563106796114
0 0.35537676609105184 0.7836771844660193 0.05494505494505495 0.032766990291262135
0 0.407967032967033 0.7879247572815533 0.04709576138147567 0.046116504854368925
0 0.45506279434850866 0.7918689320388349 0.07221350078492936 0.037014563106796114
0 0.21369701726844587 0.8206917475728155 0.08398744113029828 0.03640776699029126
0 0.3114207221350079 0.8270631067961164 0.11459968602825746 0.04065533980582524
0 0.41051805337519626 0.8316140776699028 0.09222919937205652 0.03640776699029126
0 0.21173469387755103 0.8528519417475727 0.09105180533751962 0.038834951456310676
0 0.28316326530612246 0.8540655339805825 0.04552590266875981 0.02669902912621359
0 0.33339874411302983 0.8564927184466019 0.05494505494505495 0.04854368932038834
0 0.45290423861852436 0.8546723300970873 0.07967032967032968 0.03398058252427184
0 0.18857927786499215 0.8877427184466019 0.049450549450549455 0.0212378640776699
0 0.23528257456828885 0.8853155339805825 0.05023547880690738 0.035800970873786406
0 0.31730769230769235 0.8925970873786407 0.10753532182103612 0.04186893203883495
0 0.32790423861852436 0.893507281553398 0.07535321821036108 0.038834951456310676
0 0.4099293563579278 0.8874393203883494 0.02197802197802198 0.021844660194174755
0 0.44014913657770804 0.8886529126213591 0.0423861852433281 0.02427184466019417
0 0.4833202511773941 0.8853155339805825 0.02197802197802198 0.02245145631067961
0 0.20054945054945056 0.9223300970873786 0.04199372056514914 0.035800970873786406
0 0.2676609105180534 0.9174757281553397 0.029434850863422294 0.027305825242718445
0 0.25333594976452123 0.9202063106796116 0.059654631083202514 0.029126213592233007
0 0.320839874411303 0.9244538834951456 0.03296703296703297 0.0279126213592233
0 0.37029042386185246 0.9195995145631067 0.04081632653061225 0.0279126213592233
0 0.3632260596546311 0.918385922330097 0.05494505494505495 0.030339805825242715
0 0.46605180533751966 0.9223300970873786 0.05102040816326531 0.04429611650485436
0 0.5989010989010989 0.09921116504854369 0.05847723704866562 0.032766990291262135
0 0.6501177394034537 0.09860436893203883 0.05416012558869702 0.032766990291262135
0 0.701530612244898 0.08313106796116504 0.0423861852433281 0.0345873786407767
0 0.744309262166405 0.08707524271844659 0.033751962323390894 0.029126213592233007
0 0.7721742543171115 0.08464805825242717 0.023547880690737835 0.029126213592233007
0 0.8341836734693878 0.08555825242718446 0.06122448979591837 0.02487864077669903
0 0.8255494505494506 0.08464805825242717 0.08006279434850865 0.029126213592233007
0 0.8822605965463108 0.09132281553398057 0.03571428571428572 0.03155339805825243
0 0.609105180533752 0.11650485436893203 0.04277864992150707 0.0345873786407767
0 0.6683673469387755 0.12014563106796115 0.031789638932496075 0.037014563106796114
0 0.658359497645212 0.12348300970873785 0.05337519623233909 0.03398058252427184
0 0.707221350078493 0.122876213592233 0.04905808477237049 0.03762135922330097
0 0.7403846153846154 0.11195388349514562 0.019623233908948195 0.029126213592233007
0 0.7706043956043956 0.11377427184466019 0.03610675039246468 0.02427184466019417
0 0.8033751962323391 0.12257281553398057 0.03414442700156986 0.03216019417475728
0 0.8649921507064364 0.11893203883495145 0.08359497645211932 0.02973300970873786
0 0.6112637362637363 0.14714805825242716 0.031397174254317116 0.02669902912621359
0 0.6459968602825746 0.1544296116504854 0.044348508634222926 0.03155339805825243
0 0.6828885400313972 0.154126213592233 0.03257456828885401 0.03094660194174757
0 0.7333202511773941 0.1453276699029126 0.03218210361067504 0.029126213592233007
0 0.7643249607535322 0.14290048543689318 0.029827315541601257 0.029126213592233007
0 0.7982731554160126 0.14563106796116504 0.0380690737833595 0.02487864077669903
0 0.8373233908948196 0.1453276699029126 0.03610675039246468 0.019417475728155338
0 0.8628335949764522 0.14836165048543687 0.0902668759811617 0.023058252427184463
0 0.5979199372056515 0.17506067961165048 0.020408163265306124 0.020631067961165046
0 0.6497252747252747 0.1774878640776699 0.05180533751962324 0.0279126213592233
0 0.6968210361067504 0.17718446601941745 0.03610675039246468 0.023665048543689317
0 0.7384222919937206 0.17324029126213591 0.041601255886970175 0.032766990291262135
0 0.7929748822605966 0.17141990291262135 0.06279434850863423 0.03640776699029126
0 0.8347723704866562 0.17050970873786406 0.023155416012558872 0.026092233009708737
0 0.876177394034537 0.17445388349514562 0.0565149136577708 0.03398058252427184
0 0.6259811616954475 0.20843446601941745 0.04513343799058085 0.03398058252427184
0 0.6779827315541601 0.2087378640776699 0.052590266875981166 0.02973300970873786
0 0.7545133437990581 0.21389563106796114 0.05180533751962324 0.03640776699029126
0 0.7431318681318682 0.21025485436893201 0.07770800627943486 0.04368932038834951
0 0.8118131868131868 0.20813106796116504 0.06279434850863423 0.0345873786407767
0 0.8769623233908949 0.20964805825242716 0.06750392464678179 0.03640776699029126
0 0.6057692307692308 0.23574029126213591 0.036891679748822605 0.03155339805825243
0 0.6614992150706437 0.2345266990291262 0.06671899529042387 0.03155339805825243
0 0.7168367346938775 0.23483009708737862 0.03924646781789639 0.02973300970873786
0 0.7914050235478808 0.23968446601941745 0.059654631083202514 0.03337378640776699
0 0.8475274725274726 0.2390776699029126 0.05494505494505495 0.03216019417475728
0 0.6079277864992151 0.2612257281553398 0.04277864992150707 0.02427184466019417
0 0.6642464678178964 0.2682038834951456 0.07849293563579278 0.03337378640776699
0 0.739010989010989 0.26790048543689315 0.05847723704866562 0.032766990291262135
0 0.783751962323391 0.2606189320388349 0.024725274725274728 0.021844660194174755
0 0.8080847723704867 0.2618325242718446 0.020800627943485087 0.021844660194174755
0 0.8447802197802198 0.2615291262135922 0.04709576138147567 0.02973300970873786
0 0.6081240188383046 0.29004854368932037 0.04709576138147567 0.028519417475728153
0 0.6618916797488227 0.2930825242718446 0.0620094191522763 0.03216019417475728
0 0.755690737833595 0.2964199029126213 0.07221350078492936 0.02427184466019417
0 0.7431318681318682 0.2942961165048543 0.09733124018838304 0.02973300970873786
0 0.8271193092621665 0.2945995145631068 0.04395604395604396 0.02427184466019417
0 0.8942307692307693 0.30006067961165045 0.022762951334379906 0.032766990291262135
0 0.6073390894819467 0.31644417475728154 0.05180533751962324 0.03762135922330097
0 0.658751962323391 0.32008495145631066 0.05180533751962324 0.032766990291262135
0 0.7136970172684459 0.3243325242718446 0.05416012558869702 0.03640776699029126
0 0.7804160125588697 0.3249393203883495 0.04709576138147567 0.030339805825242715
0 0.8294740973312402 0.3285800970873786 0.04709576138147567 0.032766990291262135
0 0.8820643642072215 0.3261529126213592 0.03296703296703297 0.032766990291262135
0 0.6030219780219781 0.3546723300970874 0.041601255886970175 0.038834951456310676
0 0.6638540031397174 0.3574029126213592 0.07378335949764521 0.03337378640776699
0 0.6718995290423863 0.3540655339805825 0.05533751962323391 0.040048543689320384
0 0.6463893249607535 0.42445388349514557 0.0003924646781789639 0.0012135922330097086
0 0.744309262166405 0.3558859223300971 0.04709576138147567 0.029126213592233007
0 0.7339089481946626 0.3567961165048543 0.0663265306122449 0.02973300970873786
0 0.8194662480376766 0.3540655339805825 0.0521978021978022 0.025485436893203883
0 0.8084772370486657 0.3537621359223301 0.07417582417582418 0.026092233009708737
0 0.8716640502354789 0.36013349514563103 0.05533751962323391 0.0279126213592233
0 0.5963500784929356 0.3880461165048543 0.04081632653061225 0.032766990291262135
0 0.6391287284144428 0.37894417475728154 0.04003139717425432 0.02427184466019417
0 0.6877943485086343 0.3910800970873786 0.07692307692307693 0.03398058252427184
0 0.7533359497645212 0.3856189320388349 0.04866562009419152 0.020631067961165046
0 0.8023940345368917 0.38258495145631066 0.041601255886970175 0.02669902912621359
0 0.8353610675039247 0.3807645631067961 0.022762951334379906 0.030339805825242715
0 0.8712715855572999 0.37833737864077666 0.036499215070643645 0.029126213592233007
0 0.5951726844583988 0.41049757281553395 0.01805337519623234 0.019417475728155338
0 0.6575745682888541 0.41504854368932037 0.029827315541601257 0.020024271844660192
0 0.646585557299843 0.4141383495145631 0.05023547880690738 0.02669902912621359
0 0.722723704866562 0.42081310679611644 0.04709576138147567 0.03640776699029126
0 0.7105572998430142 0.4189927184466019 0.07142857142857144 0.03640776699029126
0 0.7825745682888541 0.4214199029126213 0.04748822605965464 0.03519417475728155
0 0.7770800627943486 0.41959951456310673 0.057692307692307696 0.038834951456310676
0 0.8239795918367347 0.4147451456310679 0.029827315541601257 0.03155339805825243
0 0.8683281004709577 0.4171723300970873 0.049450549450549455 0.040048543689320384
0 0.604199372056515 0.43932038834951453 0.04552590266875981 0.03822815533980582
0 0.6952511773940345 0.4456917475728155 0.10518053375196233 0.03519417475728155
0 0.8014128728414444 0.4493325242718446 0.05612244897959184 0.032766990291262135
0 0.7917974882260597 0.4514563106796116 0.0816326530612245 0.028519417475728153
0 0.8498822605965464 0.4444781553398058 0.031397174254317116 0.020631067961165046
0 0.6367739403453689 0.47542475728155337 0.10047095761381476 0.03398058252427184
0 0.7113422291993721 0.4757281553398058 0.04866562009419152 0.027305825242718445
0 0.7747252747252747 0.4802791262135922 0.08830455259026689 0.03640776699029126
0 0.8522370486656201 0.47299757281553395 0.041601255886970175 0.04126213592233009
0 0.6444270015698588 0.5121359223300971 0.07103610675039247 0.037014563106796114
0 0.6330455259026688 0.5081917475728155 0.10164835164835165 0.04854368932038834
0 0.706828885400314 0.5166868932038835 0.03571428571428572 0.03640776699029126
0 0.7494113029827316 0.5172936893203883 0.0620094191522763 0.040048543689320384
0 0.7998430141287285 0.5063713592233009 0.03257456828885401 0.015776699029126214
0 0.8363422291993721 0.5124393203883495 0.054552590266875985 0.03640776699029126
0 0.8828492935635793 0.5094053398058253 0.03924646781789639 0.03640776699029126
0 0.603414442700157 0.5358009708737863 0.036891679748822605 0.03337378640776699
0 0.6622841444270016 0.5403519417475727 0.07299843014128729 0.0279126213592233
0 0.7346938775510204 0.547633495145631 0.06554160125588697 0.032766990291262135
0 0.8025902668759812 0.5388349514563107 0.04199372056514914 0.027305825242718445
0 0.793171114599686 0.5461165048543689 0.06161695447409733 0.035800970873786406
0 0.8663657770800628 0.5403519417475727 0.08398744113029828 0.029126213592233007
0 0.6371664050235479 0.5664441747572815 0.033751962323390894 0.03155339805825243
0 0.5994897959183674 0.5791868932038834 0.043171114599686033 0.03519417475728155
0 0.6149921507064364 0.5740291262135921 0.0773155416012559 0.04550970873786407
0 0.6724882260596546 0.5676577669902912 0.031397174254317116 0.030339805825242715
0 0.7317503924646782 0.5758495145631067 0.04866562009419152 0.03094660194174757
0 0.723901098901099 0.5712985436893203 0.06907378335949765 0.040048543689320384
0 0.8063186813186813 0.5779733009708737 0.06593406593406594 0.038834951456310676
0 0.8106357927786499 0.7093446601941747 0.0007849293563579278 0.0006067961165048543
0 0.8791208791208792 0.5661407766990291 0.03728414442700157 0.02487864077669903
0 0.8698979591836735 0.5685679611650485 0.06122448979591837 0.028519417475728153
0 0.6552197802197802 0.6125606796116504 0.036891679748822605 0.03519417475728155
0 0.6895604395604396 0.6004247572815533 0.03257456828885401 0.025485436893203883
0 0.7203689167974883 0.6040655339805825 0.027472527472527476 0.03155339805825243
0 0.7513736263736264 0.6058859223300971 0.0282574568288854 0.02669902912621359
0 0.7921899529042387 0.6070995145631067 0.05337519623233909 0.029126213592233007
0 0.8510596546310832 0.6016383495145631 0.03924646781789639 0.025485436893203883
0 0.8844191522762952 0.6089199029126213 0.046310832025117744 0.040048543689320384
0 0.6324568288854003 0.6374393203883495 0.031397174254317116 0.021844660194174755
0 0.6155808477237049 0.6337985436893203 0.06750392464678179 0.029126213592233007
0 0.6932888540031398 0.6380461165048543 0.04081632653061225 0.025485436893203883
0 0.7547095761381476 0.641383495145631 0.06318681318681318 0.03337378640776699
0 0.8573390894819467 0.6319781553398057 0.09105180533751962 0.030339805825242715
0 0.8471350078492936 0.6325849514563107 0.11459968602825746 0.029126213592233007
0 0.6510989010989011 0.6695995145631067 0.1000784929356358 0.0424757281553398
0 0.7515698587127159 0.672633495145631 0.034929356357927786 0.02669902912621359
0 0.7411695447409734 0.6720266990291262 0.05180533751962324 0.025485436893203883
0 0.8298665620094192 0.6686893203883495 0.06907378335949765 0.03337378640776699
0 0.8192700156985872 0.6680825242718446 0.0902668759811617 0.028519417475728153
0 0.6016483516483517 0.6962985436893203 0.036499215070643645 0.030339805825242715
0 0.6475667189952905 0.7008495145631067 0.05847723704866562 0.03094660194174757
0 0.7191915227629514 0.7029733009708737 0.08006279434850865 0.03155339805825243
0 0.777668759811617 0.7008495145631067 0.030612244897959186 0.026092233009708737
0 0.8337912087912088 0.6975121359223301 0.08006279434850865 0.0279126213592233
0 0.8905023547880692 0.7005461165048543 0.023155416012558872 0.03155339805825243
0 0.603414442700157 0.7263349514563107 0.033751962323390894 0.023665048543689317
0 0.6644427001569859 0.7314927184466019 0.10478806907378337 0.03398058252427184
0 0.745094191522763 0.7336165048543689 0.0565149136577708 0.03944174757281553
0 0.7998430141287285 0.730885922330097 0.036499215070643645 0.02427184466019417
0 0.8549843014128728 0.735133495145631 0.03453689167974883 0.03762135922330097
0 0.8879513343799058 0.7278519417475727 0.0282574568288854 0.023058252427184463
0 0.6006671899529042 0.7594053398058251 0.03453689167974883 0.0279126213592233
0 0.6656200941915228 0.7627427184466019 0.09144427001569859 0.03337378640776699
0 0.7286106750392465 0.7709344660194174 0.03453689167974883 0.03762135922330097
0 0.7796310832025118 0.7615291262135921 0.06279434850863423 0.02487864077669903
0 0.8530219780219781 0.7581917475728155 0.03218210361067504 0.019417475728155338
0 0.842032967032967 0.7603155339805825 0.05729984301412873 0.02245145631067961
0 0.8873626373626374 0.7545509708737863 0.034929356357927786 0.02669902912621359
0 0.646978021978022 0.797633495145631 0.0816326530612245 0.04854368932038834
0 0.7176216640502355 0.7985436893203883 0.04709576138147567 0.03094660194174757
0 0.771978021978022 0.8009708737864077 0.06711145996860284 0.03094660194174757
0 0.8224097331240189 0.7994538834951456 0.038461538461538464 0.03398058252427184
0 0.8826530612244898 0.7873179611650485 0.044348508634222926 0.029126213592233007
0 0.8728414442700158 0.7842839805825242 0.06397174254317112 0.0279126213592233
0 0.6008634222919937 0.8243325242718446 0.03571428571428572 0.020631067961165046
0 0.6367739403453689 0.831007281553398 0.03610675039246468 0.03398058252427184
0 0.6879905808477238 0.8243325242718446 0.024725274725274728 0.025485436893203883
0 0.6791601255886971 0.8243325242718446 0.04081632653061225 0.0279126213592233
0 0.7268445839874411 0.8285800970873786 0.059262166405023554 0.03155339805825243
0 0.6244113029827316 0.8570995145631067 0.07967032967032968 0.0279126213592233
0 0.6923076923076924 0.860133495145631 0.05533751962323391 0.02427184466019417
0 0.7505886970172685 0.8546723300970873 0.059654631083202514 0.030339805825242715
0 0.8124018838304553 0.8510315533980581 0.02708006279434851 0.020631067961165046
0 0.8047488226059655 0.8528519417475727 0.04552590266875981 0.021844660194174755
0 0.8434065934065934 0.8555825242718446 0.03728414442700157 0.0345873786407767
0 0.6646389324960754 0.8853155339805825 0.11616954474097332 0.03337378640776699
0 0.7549058084772371 0.8907766990291262 0.06122448979591837 0.037014563106796114
0 0.6234301412872841 0.9199029126213591 0.03453689167974883 0.0212378640776699
0 0.6128335949764522 0.9174757281553397 0.05729984301412873 0.027305825242718445
0 0.6642464678178964 0.9220266990291262 0.05729984301412873 0.047330097087378634
0 0.7105572998430142 0.922633495145631 0.05023547880690738 0.046116504854368925
0 0.6872056514913658 0.9253640776699028 0.10164835164835165 0.04550970873786407
0 0.7711930926216641 0.9214199029126213 0.07182103610675039 0.0279126213592233
