0 0.17700156985871274 0.07296723300970873 0.03885400313971743 0.027002427184466018
0 0.22949372056514916 0.08024878640776699 0.07083987441130299 0.031249999999999997
0 0.285616169544741 0.0814623786407767 0.039050235478806906 0.03003640776699029
0 0.3226059654631083 0.0860133495145631 0.03532182103610675 0.033677184466019416
0 0.35302197802197804 0.07478762135922329 0.023940345368916798 0.016686893203883495
0 0.41385400313971743 0.07691140776699028 0.09183673469387756 0.03003640776699029
0 0.1747448979591837 0.10209344660194174 0.03630298273155416 0.023968446601941744
0 0.27472527472527475 0.11043689320388349 0.05612244897959184 0.027305825242718445
0 0.3468406593406594 0.10740291262135922 0.08104395604395605 0.03640776699029126
0 0.40600470957613816 0.10876820388349513 0.03924646781789639 0.03003640776699029
0 0.44907770800627944 0.10315533980582524 0.04650706436420722 0.025485436893203883
0 0.17700156985871274 0.13228155339805825 0.044740973312401885 0.032766990291262135
0 0.21291208791208793 0.13258495145631066 0.02708006279434851 0.02427184466019417
0 0.25274725274725274 0.13106796116504854 0.05337519623233909 0.027305825242718445
0 0.29375981161695447 0.138501213592233 0.031789638932496075 0.030643203883495142
0 0.34301412872841447 0.1316747572815534 0.06554160125588697 0.019417475728155338
0 0.40208006279434855 0.12575849514563106 0.05062794348508635 0.029429611650485434
0 0.451530612244898 0.12985436893203883 0.04356357927786499 0.023058252427184463
0 0.1941718995290424 0.16732402912621358 0.07554945054945056 0.031856796116504854
0 0.2588304552590267 0.16717233009708737 0.044740973312401885 0.03155339805825243
0 0.30680926216640503 0.16686893203883493 0.047291993720565154 0.029126213592233007
0 0.3660714285714286 0.16337985436893201 0.06887755102040817 0.03549757281553398
0 0.4366169544740974 0.15367111650485435 0.06868131868131869 0.028216019417475726
0 0.16993720565149137 0.19083737864077668 0.022370486656200943 0.030339805825242715
0 0.19711538461538464 0.19189927184466019 0.030416012558869703 0.0245752427184466
0 0.23175039246467818 0.1920509708737864 0.03532182103610675 0.020024271844660192
0 0.2845368916797488 0.20024271844660194 0.0620094191522763 0.04186893203883495
0 0.34752747252747257 0.18901699029126212 0.057692307692307696 0.02487864077669903
0 0.1946624803767661 0.22057038834951453 0.0859497645211931 0.029126213592233007
0 0.27972919937205654 0.2290655339805825 0.05788854003139718 0.03398058252427184
0 0.3380102040816327 0.22041868932038833 0.05278649921507065 0.021541262135922327
0 0.39393642072213503 0.2190533980582524 0.05317896389324961 0.019417475728155338
0 0.4436813186813187 0.21404733009708737 0.04513343799058085 0.02578883495145631
0 0.17651098901098902 0.25455097087378636 0.03983516483516484 0.028519417475728153
0 0.22115384615384617 0.261377427184466 0.044740973312401885 0.03428398058252427
0 0.34517268445839877 0.24651092233009705 0.0282574568288854 0.026395631067961164
0 0.3870682888540032 0.24271844660194172 0.04768445839874411 0.028519417475728153
0 0.19358320251177394 0.2880764563106796 0.07672684458398744 0.034890776699029125
0 0.25588697017268447 0.28473907766990286 0.0423861852433281 0.0245752427184466
0 0.301903453689168 0.2818567961165048 0.047291993720565154 0.023058252427184463
0 0.45270800627943486 0.2726031553398058 0.05416012558869702 0.020934466019417473
0 0.2245879120879121 0.321753640776699 0.06770015698587127 0.03246359223300971
0 0.1723901098901099 0.3417779126213592 0.0260989010989011 0.03246359223300971
0 0.20104003139717427 0.34344660194174753 0.03002354788069074 0.025485436893203883
0 0.30523940345368916 0.35133495145631066 0.07044740973312402 0.04065533980582524
0 0.3592032967032967 0.341626213592233 0.039050235478806906 0.023665048543689317
0 0.4342621664050236 0.32691140776699024 0.07260596546310832 0.031856796116504854
0 0.17533359497645212 0.3875910194174757 0.03669544740973313 0.0391383495145631
0 0.2066326530612245 0.37484830097087374 0.023547880690737835 0.026395631067961164
0 0.2353806907378336 0.37606189320388345 0.03159340659340659 0.028216019417475726
0 0.27021193092621665 0.38000606796116504 0.03414442700156986 0.02032766990291262
0 0.3133830455259027 0.38364684466019416 0.04552590266875981 0.029429611650485434
0 0.3653846153846154 0.37879247572815533 0.05847723704866562 0.031856796116504854
0 0.43946232339089486 0.36134708737864074 0.08182888540031398 0.02973300970873786
0 0.20359105180533754 0.4153519417475728 0.08104395604395605 0.029126213592233007
0 0.26157770800627944 0.4021541262135922 0.03021978021978022 0.0245752427184466
0 0.2890502354788069 0.4032160194174757 0.023547880690737835 0.023058252427184463
0 0.320839874411303 0.40518810679611644 0.03767660910518054 0.020934466019417473
0 0.37794348508634223 0.3986650485436893 0.052982731554160126 0.03762135922330097
0 0.4307299843014129 0.3877427184466019 0.047880690737833596 0.03155339805825243
0 0.17916012558869704 0.4505461165048543 0.05572998430141288 0.030339805825242715
0 0.2557888540031397 0.4466019417475728 0.09007064364207222 0.040048543689320384
0 0.27089874411302983 0.4746662621359223 0.07790423861852434 0.03974514563106796
0 0.3559654631083203 0.4610133495145631 0.08791208791208792 0.02882281553398058
0 0.44044348508634223 0.45282160194174753 0.07044740973312402 0.034890776699029125
0 0.19113029827315542 0.5065230582524272 0.06122448979591837 0.03671116504854369
0 0.2832613814756672 0.5122876213592232 0.09438775510204082 0.04641990291262135
0 0.37097723704866564 0.4956007281553398 0.07515698587127159 0.02578883495145631
0 0.1888736263736264 0.5458131067961165 0.055533751962323394 0.03640776699029126
0 0.2490188383045526 0.546875 0.06122448979591837 0.01911407766990291
0 0.32378335949764525 0.5370145631067961 0.08124018838304553 0.02487864077669903
0 0.4210164835164835 0.5263956310679612 0.103414442700157 0.021844660194174755
0 0.24538854003139718 0.5876820388349514 0.06220565149136578 0.03822815533980582
0 0.3046507064364207 0.5752427184466019 0.05278649921507065 0.037014563106796114
0 0.34222919937205654 0.5647754854368932 0.022370486656200943 0.029429611650485434
0 0.36979984301412877 0.5620449029126213 0.03316326530612245 0.030643203883495142
0 0.42719780219780223 0.5638652912621359 0.08751962323390895 0.04338592233009708
0 0.2967032967032967 0.6114987864077669 0.07456828885400314 0.03671116504854369
0 0.3751962323390895 0.5978458737864077 0.07221350078492936 0.021541262135922327
0 0.2247841444270016 0.6469963592233009 0.0445447409733124 0.02578883495145631
0 0.2604984301412873 0.6433555825242718 0.02295918367346939 0.03307038834951456
0 0.29003139717425436 0.6407766990291262 0.033751962323390894 0.029126213592233007
0 0.3468406593406594 0.6460861650485437 0.07868916797488226 0.045206310679611644
0 0.4276883830455259 0.6351638349514562 0.07711930926216641 0.048847087378640776
0 0.27256671899529045 0.6797633495145631 0.09458398744113031 0.025182038834951456
0 0.3514521193092622 0.6724817961165048 0.05533751962323391 0.029429611650485434
0 0.4034536891679749 0.6692961165048543 0.04356357927786499 0.023058252427184463
0 0.4575156985871272 0.6683859223300971 0.048469387755102046 0.02973300970873786
0 0.20741758241758243 0.7134405339805825 0.04552590266875981 0.023968446601941744
0 0.39020800627943486 0.7022148058252426 0.07240973312401884 0.0391383495145631
0 0.44878335949764525 0.6952366504854368 0.0423861852433281 0.03307038834951456
0 0.29228806907378335 0.7108616504854368 0.11989795918367348 0.040048543689320384
0 0.18210361067503925 0.7402912621359222 0.03257456828885401 0.0212378640776699
0 0.28836342229199374 0.7337682038834951 0.048469387755102046 0.0245752427184466
0 0.6830847723704867 0.08070388349514562 0.03257456828885401 0.0212378640776699
0 0.7260596546310832 0.08859223300970873 0.06161695447409733 0.027305825242718445
0 0.8011185243328101 0.07979368932038834 0.06691522762951335 0.02669902912621359
0 0.8495879120879122 0.09010922330097086 0.035910518053375196 0.03094660194174757
0 0.617837519623234 0.11529126213592232 0.058673469387755105 0.03398058252427184
0 0.671605180533752 0.10467233009708737 0.04493720565149137 0.025485436893203883
0 0.7197802197802198 0.10588592233009708 0.04356357927786499 0.023665048543689317
0 0.783751962323391 0.11225728155339805 0.0816326530612245 0.027305825242718445
0 0.8620486656200942 0.11407766990291261 0.03924646781789639 0.03094660194174757
0 0.8981554160125589 0.1084648058252427 0.031397174254317116 0.02032766990291262
0 0.6098901098901099 0.13273665048543687 0.04513343799058085 0.026395631067961164
0 0.6623822605965464 0.13592233009708737 0.04179748822605966 0.040048543689320384
0 0.8768642072213502 0.13577063106796114 0.07711930926216641 0.02032766990291262
0 0.7990580847723705 0.16611043689320387 0.06985871271585557 0.031856796116504854
0 0.6242150706436421 0.19675364077669902 0.08830455259026689 0.031249999999999997
0 0.6899529042386185 0.18856189320388347 0.047880690737833596 0.027609223300970872
0 0.6499215070643642 0.22178398058252424 0.06789638932496075 0.0212378640776699
0 0.7521585557299844 0.2234526699029126 0.031789638932496075 0.0245752427184466
0 0.7849293563579278 0.22542475728155337 0.03100470957613815 0.02245145631067961
0 0.8140698587127159 0.23073422330097085 0.03630298273155416 0.033677184466019416
0 0.8535125588697018 0.22739684466019416 0.043759811616954476 0.03003640776699029
0 0.6076334379905809 0.24514563106796114 0.03944270015698587 0.023665048543689317
0 0.6702315541601256 0.2468143203883495 0.07319466248037677 0.02882281553398058
0 0.8235871271585558 0.2547026699029126 0.08712715855572999 0.0391383495145631
0 0.8902080062794349 0.25546116504854366 0.047291993720565154 0.03216019417475728
0 0.6017464678178964 0.28534587378640774 0.04297488226059655 0.031856796116504854
0 0.6616954474097332 0.28443567961165045 0.07142857142857144 0.03731796116504854
0 0.7330259026687599 0.28564927184466016 0.07005494505494506 0.0245752427184466
0 0.8164246467817897 0.2800364077669903 0.08496860282574568 0.026092233009708737
0 0.6936813186813188 0.31523058252427183 0.06828885400313972 0.04368932038834951
0 0.7514717425431712 0.3093143203883495 0.045329670329670335 0.020934466019417473
0 0.8824568288854003 0.31113470873786403 0.04866562009419152 0.03428398058252427
0 0.6164638932496076 0.3385922330097087 0.0641679748822606 0.02669902912621359
0 0.7020211930926217 0.3428398058252427 0.056711145996860286 0.025485436893203883
0 0.8573390894819467 0.3381371359223301 0.0620094191522763 0.034890776699029125
0 0.6341248037676609 0.3713592233009708 0.09831240188383046 0.02973300970873786
0 0.7006475667189953 0.3754550970873786 0.03159340659340659 0.02882281553398058
0 0.7422488226059655 0.37499999999999994 0.04611459968602826 0.02245145631067961
0 0.8440934065934066 0.36908373786407767 0.047291993720565154 0.021541262135922327
0 0.6022370486656201 0.40640169902912615 0.05023547880690738 0.027609223300970872
0 0.6873037676609105 0.4013956310679611 0.039050235478806906 0.0279126213592233
0 0.7281200941915228 0.404126213592233 0.04101255886970173 0.02669902912621359
0 0.7681514913657771 0.4065533980582524 0.03787284144427002 0.03094660194174757
0 0.8087715855572999 0.40518810679611644 0.03630298273155416 0.01911407766990291
0 0.8677394034536893 0.40488470873786403 0.08006279434850865 0.04277912621359223
0 0.6015502354788069 0.4437196601941747 0.03355572998430142 0.037924757281553395
0 0.6382456828885401 0.44144417475728154 0.04650706436420722 0.043082524271844655
0 0.6798469387755103 0.43962378640776695 0.04493720565149137 0.04126213592233009
0 0.720467032967033 0.43522451456310673 0.030416012558869703 0.020934466019417473
0 0.7703100470957615 0.44083737864077666 0.07005494505494506 0.040048543689320384
0 0.8431122448979592 0.4379550970873786 0.0837912087912088 0.04641990291262135
0 0.6173469387755103 0.4745145631067961 0.06475667189952905 0.03822815533980582
0 0.6979003139717426 0.47102548543689315 0.0826138147566719 0.042172330097087374
0 0.7771781789638933 0.47132888349514557 0.05239403453689168 0.020934466019417473
0 0.8316326530612246 0.4632888349514563 0.052982731554160126 0.030339805825242715
0 0.8846153846153847 0.4667779126213592 0.04552590266875981 0.031856796116504854
0 0.6254905808477237 0.5015169902912621 0.07280219780219781 0.026092233009708737
0 0.6941718995290425 0.5047026699029126 0.05396389324960754 0.030643203883495142
0 0.757947409733124 0.4995449029126213 0.05121664050235479 0.022754854368932036
0 0.8134811616954475 0.4945388349514563 0.052001569858712716 0.027305825242718445
0 0.8728414442700158 0.493628640776699 0.059654631083202514 0.023665048543689317
0 0.6003728414442701 0.5395934466019418 0.04179748822605966 0.033677184466019416
0 0.639423076923077 0.5300364077669902 0.032378335949764525 0.021844660194174755
0 0.6724882260596546 0.5259405339805825 0.031397174254317116 0.022754854368932036
0 0.7169348508634223 0.5294296116504854 0.058673469387755105 0.032766990291262135
0 0.7732535321821037 0.5257888349514562 0.04297488226059655 0.025485436893203883
0 0.8483124018838305 0.5298847087378641 0.10282574568288855 0.03549757281553398
0 0.6222527472527473 0.5587075242718446 0.0380690737833595 0.0245752427184466
0 0.6841640502354789 0.5587075242718446 0.06887755102040817 0.03003640776699029
0 0.7535321821036107 0.5538531553398057 0.06711145996860284 0.027609223300970872
0 0.8262362637362638 0.5556735436893203 0.0500392464678179 0.03307038834951456
0 0.8830455259026688 0.5558252427184466 0.05886970172684459 0.04186893203883495
0 0.6513932496075353 0.5967839805825242 0.08025902668759811 0.03519417475728155
0 0.7272370486656201 0.5946601941747572 0.06750392464678179 0.04126213592233009
0 0.8062205651491366 0.5901092233009708 0.09595761381475668 0.04490291262135922
0 0.8824568288854003 0.5816140776699028 0.0565149136577708 0.02427184466019417
0 0.6156789638932496 0.6219660194174756 0.045329670329670335 0.02669902912621359
0 0.6561028257456829 0.6206007281553397 0.03198587127158556 0.021541262135922327
0 0.7259615384615385 0.6189320388349514 0.09831240188383046 0.02487864077669903
0 0.8302590266875982 0.6111953883495145 0.038461538461538464 0.02032766990291262
0 0.8824568288854003 0.6064927184466019 0.06043956043956044 0.02669902912621359
0 0.6357927786499216 0.6495752427184466 0.08987441130298274 0.025485436893203883
0 0.7405808477237049 0.6539745145631067 0.06711145996860284 0.033677184466019416
0 0.8041601255886971 0.6391080097087378 0.05533751962323391 0.028216019417475726
0 0.8792189952904239 0.6351638349514562 0.06338304552590267 0.023968446601941744
0 0.6438383045525903 0.6783980582524272 0.08006279434850865 0.028519417475728153
0 0.7196821036106751 0.6856796116504854 0.08143642072213501 0.038834951456310676
0 0.8182888540031398 0.6733919902912621 0.10596546310832025 0.042172330097087374
0 0.8930533751962324 0.6615594660194174 0.028649921507064365 0.02578883495145631
0 0.6357927786499216 0.7126820388349514 0.08202511773940346 0.04186893203883495
0 0.7062401883830456 0.7097997572815533 0.054552590266875985 0.03246359223300971
0 0.8839285714285715 0.6922026699029126 0.05592621664050236 0.03731796116504854
0 0.674646781789639 0.7401395631067961 0.047880690737833596 0.040958737864077666
0 0.7515698587127159 0.733009708737864 0.06004709576138148 0.03155339805825243
0 0.8088697017268446 0.7225424757281553 0.05180533751962324 0.03246359223300971
0 0.8541012558869702 0.7158677184466019 0.03630298273155416 0.022754854368932036
0 0.6644427001569859 0.7730582524271844 0.062401883830455265 0.035800970873786406
0 0.7299843014128728 0.7615291262135921 0.05886970172684459 0.023665048543689317
0 0.8394819466248038 0.7493932038834951 0.12048665620094193 0.0279126213592233
0 0.6899529042386185 0.7971783980582524 0.08437990580847725 0.029429611650485434
0 0.7806122448979592 0.7851941747572815 0.031789638932496075 0.029126213592233007
0 0.8225078492935636 0.7794296116504854 0.04297488226059655 0.0279126213592233
0 0.6996664050235479 0.8256978155339805 0.055533751962323394 0.040958737864077666
0 0.7725667189952905 0.8193264563106796 0.08320251177394035 0.0391383495145631
0 0.6228414442700158 0.8478458737864077 0.046703296703296704 0.022754854368932036
0 0.6896585557299844 0.8443567961165048 0.08143642072213501 0.025485436893203883
0 0.7711930926216641 0.8495145631067961 0.06357927786499215 0.03762135922330097
0 0.6841640502354789 0.8734830097087378 0.07594191522762951 0.03094660194174757
0 0.7489207221350079 0.8759101941747572 0.053571428571428575 0.02427184466019417
0 0.6391287284144428 0.9117111650485437 0.07535321821036108 0.03398058252427184
0 0.7192896389324961 0.8989684466019416 0.03983516483516484 0.02487864077669903
0 0.7750196232339089 0.9074635922330097 0.0641679748822606 0.037014563106796114
