0 0.19260204081632654 0.1149878640776699 0.04297488226059655 0.03640776699029126
0 0.22831632653061226 0.09890776699029126 0.025706436420722137 0.023058252427184463
0 0.2523547880690738 0.09996966019417475 0.022370486656200943 0.020934466019417473
0 0.2802197802197802 0.10876820388349513 0.04277864992150707 0.03003640776699029
0 0.3308477237048666 0.10861650485436893 0.062401883830455265 0.03822815533980582
0 0.3840266875981162 0.11074029126213591 0.04827315541601256 0.037014563106796114
0 0.4528061224489796 0.10861650485436893 0.08575353218210362 0.0345873786407767
0 0.20368916797488226 0.13000606796116504 0.04003139717425432 0.01911407766990291
0 0.24558477237048668 0.13501213592233008 0.03473312401883831 0.027305825242718445
0 0.27884615384615385 0.13880461165048544 0.03728414442700157 0.028216019417475726
0 0.3170133437990581 0.14123179611650485 0.04689952904238619 0.02882281553398058
0 0.4199372056514914 0.1374393203883495 0.15541601255886972 0.040048543689320384
0 0.2214481946624804 0.16125606796116504 0.07908163265306123 0.026395631067961164
0 0.27344976452119313 0.15625 0.02413657770800628 0.028519417475728153
0 0.30828100470957615 0.16808252427184464 0.04905808477237049 0.03216019417475728
0 0.3619505494505495 0.15913228155339804 0.053571428571428575 0.0245752427184466
0 0.44878335949764525 0.16019417475728154 0.09536891679748823 0.029126213592233007
0 0.206828885400314 0.19189927184466019 0.05102040816326531 0.03731796116504854
0 0.24391679748822606 0.1943264563106796 0.03021978021978022 0.03731796116504854
0 0.2729591836734694 0.18977548543689318 0.022370486656200943 0.020934466019417473
0 0.33467425431711145 0.19599514563106796 0.09360282574568289 0.03640776699029126
0 0.4201334379905809 0.18977548543689318 0.07339089481946626 0.03549757281553398
0 0.47802197802197804 0.18461771844660194 0.038461538461538464 0.0245752427184466
0 0.19574175824175824 0.21222694174757278 0.027668759811616955 0.016686893203883495
0 0.23145604395604397 0.21101334951456308 0.035910518053375196 0.028216019417475726
0 0.26972135007849296 0.21874999999999997 0.035910518053375196 0.020024271844660192
0 0.31475667189952905 0.22314927184466019 0.047880690737833596 0.017900485436893203
0 0.36646389324960754 0.2267900485436893 0.0641679748822606 0.030643203883495142
0 0.4495682888540032 0.2246662621359223 0.09615384615384616 0.040958737864077666
0 0.19652668759811617 0.24954490291262132 0.04493720565149137 0.03307038834951456
0 0.2550039246467818 0.24726941747572814 0.0641679748822606 0.02245145631067961
0 0.312892464678179 0.2492415048543689 0.03473312401883831 0.0245752427184466
0 0.35684850863422296 0.24772451456310676 0.04807692307692308 0.02578883495145631
0 0.4034536891679749 0.24863470873786406 0.04003139717425432 0.023968446601941744
0 0.4616365777080063 0.2503033980582524 0.07201726844583987 0.027305825242718445
0 0.2018249607535322 0.2786711165048543 0.05160910518053376 0.03610436893203883
0 0.30131475667189955 0.2806432038834951 0.050824175824175824 0.025485436893203883
0 0.35684850863422296 0.2818567961165048 0.03316326530612245 0.020631067961165046
0 0.40355180533751966 0.28413228155339804 0.06299058084772372 0.03307038834951456
0 0.4657574568288854 0.28094660194174753 0.05317896389324961 0.02669902912621359
0 0.2236067503924647 0.3088592233009708 0.08222135007849295 0.027305825242718445
0 0.3078885400313972 0.31356189320388345 0.04827315541601256 0.02214805825242718
0 0.36930926216640503 0.3128033980582524 0.06946624803767662 0.030339805825242715
0 0.4370094191522763 0.3161407766990291 0.0706436420722135 0.040048543689320384
0 0.21026295133437992 0.34663228155339804 0.05710361067503925 0.0391383495145631
0 0.28139717425431715 0.3558859223300971 0.09419152276295134 0.04126213592233009
0 0.3565541601255887 0.34238470873786403 0.054552590266875985 0.026395631067961164
0 0.4434850863422292 0.3420813106796116 0.1098901098901099 0.031856796116504854
0 0.20143249607535324 0.3756067961165048 0.03473312401883831 0.020024271844660192
0 0.25245290423861855 0.37848907766990286 0.06220565149136578 0.033677184466019416
0 0.34026687598116173 0.3756067961165048 0.10243328100470958 0.032766990291262135
0 0.44446624803767665 0.37894417475728154 0.10714285714285715 0.043082524271844655
0 0.2018249607535322 0.41004247572815533 0.03983516483516484 0.037924757281553395
0 0.2975863422291994 0.41368325242718446 0.14580062794348508 0.03610436893203883
0 0.402276295133438 0.4162621359223301 0.05886970172684459 0.0345873786407767
0 0.45005886970172687 0.41186286407766987 0.04415227629513344 0.031249999999999997
0 0.48489010989010994 0.40382281553398053 0.02197802197802198 0.021844660194174755
0 0.2054552590266876 0.44189927184466016 0.05180533751962324 0.027609223300970872
0 0.25510204081632654 0.44023058252427183 0.04395604395604396 0.027305825242718445
0 0.30729984301412877 0.4432645631067961 0.0521978021978022 0.023058252427184463
0 0.4618328100470958 0.4334041262135922 0.07554945054945056 0.031856796116504854
0 0.21771978021978022 0.47193567961165045 0.07280219780219781 0.021541262135922327
0 0.2780612244897959 0.4795206310679611 0.04905808477237049 0.03731796116504854
0 0.3288854003139718 0.47178398058252424 0.04395604395604396 0.025485436893203883
0 0.396978021978022 0.4682949029126213 0.06828885400313972 0.027609223300970872
0 0.4646781789638933 0.47421116504854366 0.06985871271585557 0.03519417475728155
0 0.20437598116169545 0.5056128640776698 0.048861852433281006 0.043992718446601936
0 0.2847331240188383 0.5047026699029126 0.051412872841444274 0.025182038834951456
0 0.3486067503924647 0.5115291262135921 0.07751177394034538 0.04126213592233009
0 0.4041405023547881 0.49787621359223294 0.02413657770800628 0.028519417475728153
0 0.45810439560439564 0.5045509708737863 0.08025902668759811 0.0345873786407767
0 0.20525902668759813 0.5307949029126213 0.04120879120879121 0.0245752427184466
0 0.27040816326530615 0.5373179611650485 0.04081632653061225 0.03094660194174757
0 0.32770800627943486 0.5376213592233009 0.06318681318681318 0.023665048543689317
0 0.4017857142857143 0.5314016990291262 0.08065149136577708 0.022754854368932036
0 0.47586342229199374 0.5247269417475727 0.04827315541601256 0.02032766990291262
0 0.21781789638932497 0.5691747572815533 0.07888540031397175 0.04186893203883495
0 0.3202511773940346 0.5735740291262136 0.11577708006279436 0.04277912621359223
0 0.41934850863422296 0.5617415048543689 0.07770800627943486 0.028216019417475726
0 0.2782574568288854 0.5984526699029126 0.04591836734693878 0.023968446601941744
0 0.3392857142857143 0.6036104368932038 0.07535321821036108 0.04338592233009708
0 0.3979591836734694 0.5998179611650485 0.04120879120879121 0.023058252427184463
0 0.4606554160125589 0.5960254854368932 0.07908163265306123 0.02214805825242718
0 0.21948587127158556 0.6389563106796116 0.050431711145996864 0.03822815533980582
0 0.27237048665620095 0.6336468446601942 0.051412872841444274 0.028216019417475726
0 0.3224097331240189 0.6397148058252426 0.04748822605965464 0.03246359223300971
0 0.3730376766091052 0.6378944174757281 0.05729984301412873 0.037924757281553395
0 0.451138147566719 0.6322815533980582 0.08987441130298274 0.040048543689320384
0 0.22713893249607536 0.6656553398058251 0.08850078492935637 0.02973300970873786
0 0.32525510204081637 0.6668689320388349 0.07711930926216641 0.020024271844660192
0 0.4367150706436421 0.665503640776699 0.08418367346938777 0.03731796116504854
0 0.20211930926216642 0.6891686893203883 0.036891679748822605 0.0245752427184466
0 0.25392464678178966 0.6969053398058251 0.06279434850863423 0.03640776699029126
0 0.32290031397174257 0.7006978155339805 0.07476452119309263 0.04338592233009708
0 0.4015894819466248 0.6947815533980581 0.050824175824175824 0.02973300970873786
0 0.46526687598116173 0.6952366504854368 0.06985871271585557 0.023968446601941744
0 0.21016483516483517 0.7339199029126213 0.07299843014128729 0.03944174757281553
0 0.29895996860282575 0.7357402912621358 0.10380690737833595 0.03944174757281553
0 0.37598116169544743 0.7292172330097086 0.04277864992150707 0.0245752427184466
0 0.41679748822605966 0.7293689320388349 0.036499215070643645 0.02669902912621359
0 0.21036106750392466 0.7519720873786407 0.054552590266875985 0.033677184466019416
0 0.3196624803767661 0.7666868932038834 0.08948194662480377 0.037014563106796114
0 0.4097331240188383 0.7636529126213591 0.02590266875981162 0.021844660194174755
0 0.46546310832025123 0.7671419902912621 0.076138147566719 0.03974514563106796
0 0.19691915227629514 0.7921723300970873 0.025313971742543174 0.02669902912621359
0 0.24578100470957615 0.8038531553398057 0.08182888540031398 0.033677184466019416
0 0.31927001569858715 0.8065837378640776 0.06907378335949765 0.04459951456310679
0 0.3827511773940346 0.7956614077669902 0.050824175824175824 0.03003640776699029
0 0.45290423861852436 0.7971783980582524 0.08869701726844585 0.04338592233009708
0 0.24136577708006282 0.8328276699029126 0.13226059654631084 0.040048543689320384
0 0.33035714285714285 0.8294902912621358 0.035518053375196236 0.03155339805825243
0 0.3760792778649922 0.8361650485436892 0.06534536891679749 0.04186893203883495
0 0.47929748822605966 0.8199332524271844 0.04611459968602826 0.03307038834951456
0 0.2512755102040816 0.8642293689320387 0.05788854003139718 0.0245752427184466
0 0.31671899529042385 0.8759101941747572 0.049843014128728415 0.02973300970873786
0 0.35714285714285715 0.8675667475728155 0.02904238618524333 0.01729368932038835
0 0.3942307692307693 0.864381067961165 0.039638932496075356 0.021844660194174755
0 0.4584968602825746 0.8645327669902911 0.07751177394034538 0.04338592233009708
0 0.239403453689168 0.8972997572815533 0.04827315541601256 0.02578883495145631
0 0.3299646781789639 0.9082220873786407 0.13245682888540034 0.03853155339805825
0 0.44407378335949765 0.9042779126213591 0.09419152276295134 0.04702669902912621
0 0.6126373626373627 0.10709951456310679 0.07417582417582418 0.04126213592233009
0 0.6830847723704867 0.10452063106796115 0.06554160125588697 0.033677184466019416
0 0.7483320251177394 0.09784587378640776 0.05592621664050236 0.03549757281553398
0 0.8086734693877552 0.0972390776699029 0.07417582417582418 0.0391383495145631
0 0.8719583987441131 0.08464805825242717 0.050824175824175824 0.016383495145631068
0 0.6022370486656201 0.12454490291262135 0.031397174254317116 0.022754854368932036
0 0.6863226059654631 0.13121966019417475 0.06966248037676609 0.037924757281553395
0 0.7466640502354789 0.12348300970873785 0.049843014128728415 0.023058252427184463
0 0.793956043956044 0.12044902912621358 0.04003139717425432 0.023665048543689317
0 0.8339874411302983 0.12469660194174756 0.04709576138147567 0.04550970873786407
0 0.6319662480376766 0.15458131067961164 0.09203296703296704 0.028216019417475726
0 0.6929945054945056 0.15078883495145629 0.023351648351648352 0.03519417475728155
0 0.7313579277864992 0.15852548543689318 0.04513343799058085 0.04035194174757281
0 0.7961145996860283 0.14942354368932037 0.07927786499215071 0.02882281553398058
0 0.8664638932496076 0.14123179611650485 0.048469387755102046 0.030643203883495142
0 0.617052590266876 0.19007888349514562 0.08536106750392465 0.0391383495145631
0 0.6916208791208791 0.19023058252427183 0.07437205651491366 0.0345873786407767
0 0.766287284144427 0.18340412621359223 0.062401883830455265 0.020934466019417473
0 0.853806907378336 0.18219053398058252 0.09379905808477237 0.045206310679611644
0 0.598116169544741 0.21374393203883493 0.033751962323390894 0.0391383495145631
0 0.641679748822606 0.21162014563106793 0.026295133437990583 0.03003640776699029
0 0.6699372056514914 0.21237864077669902 0.026687598116169546 0.025485436893203883
0 0.7253728414442701 0.21708131067961164 0.07005494505494506 0.033677184466019416
0 0.7984693877551021 0.2190533980582524 0.08281004709576138 0.03519417475728155
0 0.8679356357927787 0.21268203883495143 0.052590266875981166 0.03944174757281553
0 0.6027276295133438 0.24893810679611647 0.03512558869701727 0.033677184466019416
0 0.6595368916797488 0.24180825242718446 0.06318681318681318 0.0212378640776699
0 0.7395996860282575 0.23695388349514562 0.09340659340659341 0.021844660194174755
0 0.8081828885400314 0.24287014563106793 0.03630298273155416 0.028216019417475726
0 0.8606750392464678 0.23164441747572814 0.06475667189952905 0.015473300970873785
0 0.6212715855572999 0.27108616504854366 0.0565149136577708 0.03003640776699029
0 0.6850470957613816 0.2659283980582524 0.06043956043956044 0.027002427184466018
0 0.7473508634222921 0.2609223300970874 0.053571428571428575 0.018810679611650484
0 0.8157378335949765 0.2591019417475728 0.08241758241758242 0.020631067961165046
0 0.6122448979591837 0.294751213592233 0.06279434850863423 0.020934466019417473
0 0.680337519623234 0.29202063106796117 0.06671899529042387 0.02214805825242718
0 0.7374411302982732 0.29550970873786403 0.04081632653061225 0.03337378640776699
0 0.7967032967032968 0.2871662621359223 0.06868131868131869 0.027002427184466018
0 0.8626373626373627 0.2826152912621359 0.0565149136577708 0.02578883495145631
0 0.6146978021978022 0.31993325242718446 0.02295918367346939 0.020934466019417473
0 0.6528649921507065 0.31871966019417475 0.04827315541601256 0.02032766990291262
0 0.718210361067504 0.31477548543689315 0.07496075353218211 0.022754854368932036
0 0.7725667189952905 0.31234830097087374 0.03218210361067504 0.017900485436893203
0 0.8338893249607536 0.31447208737864074 0.028453689167974885 0.02578883495145631
0 0.8686224489795918 0.3062803398058252 0.04336734693877551 0.02578883495145631
0 0.6344191522762952 0.34708737864077666 0.05572998430141288 0.02427184466019417
0 0.7551020408163266 0.34374999999999994 0.02197802197802198 0.02487864077669903
0 0.815149136577708 0.33692354368932037 0.04709576138147567 0.01608009708737864
0 0.8566522762951335 0.33024878640776695 0.03002354788069074 0.02336165048543689
0 0.8870682888540032 0.32691140776699024 0.02374411302982732 0.01729368932038835
0 0.6030219780219781 0.37879247572815533 0.049843014128728415 0.026395631067961164
0 0.6764128728414444 0.3763652912621359 0.046310832025117744 0.026395631067961164
0 0.7232142857142858 0.3684769417475728 0.03865777080062795 0.022754854368932036
0 0.7844387755102041 0.36802184466019416 0.03630298273155416 0.02669902912621359
0 0.8337912087912088 0.3598300970873786 0.05376766091051806 0.021844660194174755
0 0.611361852433281 0.4018507281553398 0.048861852433281006 0.018507281553398057
0 0.6727825745682889 0.39684466019417475 0.03826530612244898 0.020631067961165046
0 0.7430337519623235 0.39487257281553395 0.028453689167974885 0.021541262135922327
0 0.8035714285714286 0.39229368932038833 0.049450549450549455 0.025485436893203883
0 0.8666601255886971 0.3921419902912621 0.07240973312401884 0.031856796116504854
0 0.6025313971742543 0.42824635922330095 0.035518053375196236 0.016686893203883495
0 0.6589481946624804 0.42308859223300965 0.036499215070643645 0.021541262135922327
0 0.7933673469387755 0.419751213592233 0.04827315541601256 0.025182038834951456
0 0.8566522762951335 0.4179308252427184 0.07319466248037677 0.028216019417475726
0 0.5512166405023549 0.8091626213592232 0.07770800627943486 0.028519417475728153
0 0.528061224489796 0.8319174757281552 0.029434850863422294 0.019417475728155338
0 0.5677982731554161 0.8314623786407767 0.04964678178963894 0.02336165048543689
0 0.6205847723704867 0.7932342233009708 0.05631868131868132 0.02578883495145631
0 0.7066326530612246 0.792627427184466 0.08202511773940346 0.01911407766990291
0 0.7767857142857143 0.7988470873786407 0.05749607535321821 0.032766990291262135
0 0.8391875981161696 0.7810983009708737 0.06377551020408163 0.0245752427184466
0 0.8942307692307693 0.7877730582524272 0.033359497645211934 0.02578883495145631
0 0.6344191522762952 0.8258495145631067 0.07927786499215071 0.025485436893203883
0 0.7053571428571429 0.8209951456310679 0.058673469387755105 0.027305825242718445
0 0.7775706436420723 0.8263046116504854 0.042582417582417584 0.02578883495145631
0 0.8267268445839875 0.8141686893203883 0.04866562009419152 0.019720873786407765
0 0.6022370486656201 0.8564927184466019 0.019623233908948195 0.02245145631067961
0 0.6575745682888541 0.8628640776699028 0.08830455259026689 0.0345873786407767
0 0.7269427001569859 0.8519417475728155 0.027668759811616955 0.021844660194174755
0 0.8092621664050236 0.8543689320388349 0.057692307692307696 0.02487864077669903
0 0.6184262166405023 0.886377427184466 0.052001569858712716 0.0245752427184466
0 0.6698390894819467 0.8815230582524272 0.04415227629513344 0.021541262135922327
0 0.7134026687598116 0.8810679611650485 0.04101255886970173 0.025485436893203883
0 0.7809065934065934 0.8784890776699028 0.06495290423861853 0.02336165048543689
0 0.8426216640502355 0.8725728155339805 0.05416012558869702 0.020631067961165046
0 0.620094191522763 0.9192961165048543 0.059262166405023554 0.023665048543689317
0 0.6741562009419153 0.9171723300970873 0.040620094191522765 0.017597087378640776
0 0.7071232339089483 0.9130764563106796 0.02688383045525903 0.023968446601941744
0 0.7674646781789639 0.9209648058252426 0.05690737833594977 0.03610436893203883
0 0.8528257456828886 0.9170206310679611 0.05062794348508635 0.037924757281553395
