0 0.20153061224489796 0.0693264563106796 0.07574568288854004 0.034890776699029125
0 0.2782574568288854 0.06765776699029126 0.09340659340659341 0.040048543689320384
0 0.34114992150706436 0.05946601941747572 0.028453689167974885 0.023665048543689317
0 0.39962715855573 0.06356189320388349 0.04925431711145997 0.023968446601941744
0 0.44858712715855575 0.07251213592233009 0.039638932496075356 0.03944174757281553
0 0.48067111459968603 0.06447208737864077 0.024529042386185244 0.01911407766990291
0 0.2047684458398744 0.0860133495145631 0.06809262166405024 0.031249999999999997
0 0.26501177394034536 0.09056432038834951 0.06613029827315542 0.031249999999999997
0 0.3306514913657771 0.0893507281553398 0.0663265306122449 0.023968446601941744
0 0.4259222919937206 0.09026092233009708 0.06102825745682889 0.026395631067961164
0 0.19868524332810047 0.1095266990291262 0.059850863422292 0.023665048543689317
0 0.24627158555729986 0.11635315533980581 0.04356357927786499 0.03428398058252427
0 0.3023940345368917 0.11377427184466019 0.07417582417582418 0.02669902912621359
0 0.3565541601255887 0.11544296116504853 0.027472527472527476 0.014259708737864077
0 0.38559654631083207 0.12378640776699028 0.03100470957613815 0.029126213592233007
0 0.41463893249607536 0.1253033980582524 0.03296703296703297 0.029126213592233007
0 0.4567307692307693 0.11574635922330095 0.05396389324960754 0.02882281553398058
0 0.2133045525902669 0.1372876213592233 0.05416012558869702 0.02214805825242718
0 0.36646389324960754 0.14153519417475727 0.08732339089481947 0.02578883495145631
0 0.44623233908948196 0.14047330097087377 0.06593406593406594 0.025485436893203883
0 0.17749215070643642 0.15943567961165048 0.021389324960753534 0.029429611650485434
0 0.20192307692307693 0.16277305825242716 0.027472527472527476 0.021541262135922327
0 0.25294348508634223 0.1720266990291262 0.06475667189952905 0.028519417475728153
0 0.30376766091051804 0.16140776699029125 0.03100470957613815 0.027305825242718445
0 0.337519623233909 0.17354368932038833 0.05337519623233909 0.03822815533980582
0 0.3978610675039247 0.17157160194174756 0.06220565149136578 0.030643203883495142
0 0.46094976452119313 0.17278519417475727 0.04827315541601256 0.03671116504854369
0 0.19907770800627944 0.2011529126213592 0.08339874411302983 0.03398058252427184
0 0.27237048665620095 0.19523665048543687 0.05180533751962324 0.01729368932038835
0 0.3330062794348509 0.19296116504854366 0.07142857142857144 0.02669902912621359
0 0.4050235478806908 0.19963592233009708 0.06946624803767662 0.04368932038834951
0 0.4644819466248038 0.19645024271844658 0.04827315541601256 0.02032766990291262
0 0.19328885400313972 0.22739684466019416 0.046703296703296704 0.03003640776699029
0 0.23135792778649922 0.22193567961165048 0.027472527472527476 0.020934466019417473
0 0.2622645211930926 0.22724514563106793 0.056711145996860286 0.04065533980582524
0 0.29935243328100475 0.2324029126213592 0.03669544740973313 0.037014563106796114
0 0.33830455259026687 0.22072208737864077 0.04591836734693878 0.031856796116504854
0 0.3712715855572999 0.21859830097087377 0.019623233908948195 0.02214805825242718
0 0.4062990580847724 0.2189016990291262 0.045722135007849295 0.021541262135922327
0 0.4661499215070644 0.22087378640776698 0.04297488226059655 0.02245145631067961
0 0.21418759811616955 0.25197208737864074 0.09046310832025119 0.029429611650485434
0 0.2849293563579278 0.24833131067961162 0.05023547880690738 0.026395631067961164
0 0.33025902668759816 0.2568264563106796 0.05690737833594977 0.03671116504854369
0 0.3807888540031397 0.2469660194174757 0.03708791208791209 0.02427184466019417
0 0.41336342229199374 0.2466626213592233 0.024529042386185244 0.019417475728155338
0 0.4513343799058085 0.24635922330097085 0.04748822605965464 0.028519417475728153
0 0.1867150706436421 0.27320995145631066 0.03630298273155416 0.026395631067961164
0 0.24793956043956045 0.28307038834951453 0.035910518053375196 0.0279126213592233
0 0.3107339089481947 0.2780643203883495 0.035910518053375196 0.01486650485436893
0 0.4001177394034537 0.279126213592233 0.07535321821036108 0.03337378640776699
0 0.46565934065934067 0.2762439320388349 0.04748822605965464 0.02214805825242718
0 0.1865188383045526 0.30248786407766987 0.03708791208791209 0.02245145631067961
0 0.23381083202511777 0.30157766990291257 0.05474882260596547 0.023058252427184463
0 0.288265306122449 0.30112257281553395 0.03532182103610675 0.02578883495145631
0 0.3409536891679749 0.30142597087378636 0.045722135007849295 0.022754854368932036
0 0.3847135007849294 0.3071905339805825 0.024921507064364207 0.02882281553398058
0 0.4296507064364207 0.30021237864077666 0.048861852433281006 0.027002427184466018
