0 0.19662480376766092 0.10922330097087378 0.06789638932496075 0.0424757281553398
0 0.2601059654631083 0.09526699029126212 0.05278649921507065 0.026092233009708737
0 0.3236852433281005 0.10087985436893203 0.07476452119309263 0.031856796116504854
0 0.3868720565149137 0.10285194174757281 0.04689952904238619 0.04368932038834951
0 0.4506475667189953 0.10376213592233009 0.08222135007849295 0.03944174757281553
0 0.19240580847723707 0.12727548543689318 0.030808477237048666 0.016686893203883495
0 0.26501177394034536 0.13015776699029125 0.05828100470957614 0.0212378640776699
0 0.3790227629513344 0.13030946601941745 0.06299058084772372 0.022754854368932036
0 0.43799058084772374 0.13015776699029125 0.05102040816326531 0.03337378640776699
0 0.20722135007849296 0.15928398058252427 0.06828885400313972 0.02669902912621359
0 0.2626569858712716 0.17141990291262135 0.0543563579277865 0.037014563106796114
0 0.3150510204081633 0.16823422330097085 0.06063579277864992 0.040958737864077666
0 0.3816718995290424 0.15928398058252427 0.0706436420722135 0.02669902912621359
0 0.4538854003139718 0.15867718446601942 0.07299843014128729 0.03216019417475728
0 0.22547095761381478 0.19417475728155337 0.09929356357927788 0.04490291262135922
0 0.31210753532182106 0.1909890776699029 0.06927001569858714 0.027609223300970872
0 0.38804945054945056 0.19584344660194172 0.09360282574568289 0.04338592233009708
0 0.4603610675039247 0.1943264563106796 0.06514913657770802 0.03549757281553398
0 0.19309262166405025 0.22299757281553395 0.027472527472527476 0.018810679611650484
0 0.22655023547880693 0.2155643203883495 0.03512558869701727 0.027609223300970872
0 0.2698194662480377 0.22845873786407764 0.07025117739403454 0.043082524271844655
0 0.34134615384615385 0.22284587378640774 0.0684850863422292 0.027609223300970872
0 0.38991365777080067 0.2211771844660194 0.024725274725274728 0.03155339805825243
0 0.4280808477237049 0.22390776699029125 0.05121664050235479 0.02669902912621359
0 0.4729199372056515 0.2290655339805825 0.041601255886970175 0.03398058252427184
0 0.19240580847723707 0.25394417475728154 0.031200941915227633 0.02427184466019417
0 0.24529042386185246 0.25075849514563103 0.046703296703296704 0.027002427184466018
0 0.29297488226059654 0.24939320388349512 0.04081632653061225 0.029126213592233007
0 0.3540031397174255 0.25379247572815533 0.07967032967032968 0.019720873786407765
0 0.4109105180533752 0.2657766990291262 0.04395604395604396 0.04550970873786407
0 0.456828885400314 0.2612257281553398 0.06397174254317112 0.035800970873786406
0 0.23744113029827316 0.2891383495145631 0.04709576138147567 0.023058252427184463
0 0.2870879120879121 0.29202063106796117 0.047880690737833596 0.037924757281553395
0 0.33094583987441134 0.28094660194174753 0.035518053375196236 0.032766990291262135
0 0.35861459968602827 0.29915048543689315 0.03394819466248038 0.04186893203883495
0 0.40139324960753536 0.2903519417475728 0.061420722135007856 0.03519417475728155
0 0.4586930926216641 0.2817050970873786 0.05160910518053376 0.026395631067961164
0 0.21281397174254318 0.3194781553398058 0.07044740973312402 0.025485436893203883
0 0.30347331240188385 0.323877427184466 0.08614599686028258 0.04156553398058252
0 0.3739207221350079 0.3228155339805825 0.04336734693877551 0.04126213592233009
0 0.4425039246467818 0.32691140776699024 0.08791208791208792 0.04035194174757281
0 0.21301020408163265 0.3528519417475728 0.042582417582417584 0.032766990291262135
0 0.26177394034536894 0.3519417475728155 0.05062794348508635 0.032766990291262135
0 0.30779042386185246 0.36453276699029125 0.04611459968602826 0.04338592233009708
0 0.34919544740973313 0.3486043689320388 0.030808477237048666 0.02487864077669903
0 0.4089481946624804 0.34663228155339804 0.06907378335949765 0.020934466019417473
0 0.4705651491365777 0.34754247572815533 0.05062794348508635 0.033677184466019416
0 0.19770408163265307 0.3868325242718446 0.028453689167974885 0.03519417475728155
0 0.25912480376766095 0.38486043689320387 0.028846153846153848 0.028216019417475726
0 0.28963893249607536 0.39168689320388345 0.03100470957613815 0.040048543689320384
0 0.33251569858712715 0.3859223300970873 0.0500392464678179 0.017597087378640776
0 0.4192503924646782 0.3895631067961165 0.04964678178963894 0.037014563106796114
0 0.45810439560439564 0.37575849514563103 0.021389324960753534 0.018507281553398057
0 0.4811616954474098 0.37591019417475724 0.022762951334379906 0.015169902912621358
0 0.20300235478806908 0.42415048543689315 0.06495290423861853 0.035800970873786406
0 0.25392464678178966 0.4200546116504854 0.033751962323390894 0.019720873786407765
0 0.2827708006279435 0.4291565533980582 0.03728414442700157 0.031249999999999997
0 0.3330062794348509 0.4186893203883495 0.06554160125588697 0.028519417475728153
0 0.39609497645211933 0.41383495145631066 0.05592621664050236 0.0345873786407767
0 0.45957613814756676 0.40958737864077666 0.07025117739403454 0.037014563106796114
0 0.20624018838304553 0.4535800970873786 0.05808477237048666 0.03822815533980582
0 0.29101255886970173 0.4505461165048543 0.10400313971742543 0.032766990291262135
0 0.38589089481946626 0.43992718446601936 0.08065149136577708 0.023665048543689317
0 0.4632064364207222 0.4435679611650485 0.05631868131868132 0.0345873786407767
0 0.20525902668759813 0.4749696601941747 0.04356357927786499 0.028216019417475726
0 0.25264913657770804 0.480127427184466 0.048861852433281006 0.025182038834951456
0 0.31083202511773944 0.48194781553398053 0.06711145996860284 0.03671116504854369
0 0.38226059654631084 0.4746662621359223 0.07299843014128729 0.03428398058252427
0 0.45722135007849296 0.4760315533980582 0.06789638932496075 0.03762135922330097
0 0.2004513343799058 0.5115291262135921 0.04768445839874411 0.038834951456310676
0 0.26501177394034536 0.5056128640776698 0.07554945054945056 0.027002427184466018
0 0.3462519623233909 0.5045509708737863 0.06338304552590267 0.023665048543689317
0 0.4139521193092622 0.5001516990291262 0.061420722135007856 0.029429611650485434
0 0.465168759811617 0.5062196601941747 0.050824175824175824 0.033677184466019416
0 0.20054945054945056 0.5365594660194174 0.03414442700156986 0.02336165048543689
0 0.23263343799058087 0.5429308252427184 0.032378335949764525 0.029429611650485434
0 0.33124018838304553 0.5376213592233009 0.1043956043956044 0.029126213592233007
0 0.39903846153846156 0.5324635922330097 0.03355572998430142 0.037014563106796114
0 0.4553571428571429 0.532008495145631 0.0826138147566719 0.031249999999999997
0 0.20241365777080064 0.5606796116504854 0.032770800627943485 0.02427184466019417
0 0.25529827315541603 0.5682645631067961 0.044740973312401885 0.0345873786407767
0 0.32309654631083207 0.5588592233009708 0.0837912087912088 0.0212378640776699
0 0.38392857142857145 0.5650788834951456 0.03983516483516484 0.028216019417475726
0 0.4357339089481947 0.5568871359223301 0.059850863422292 0.031856796116504854
0 0.478806907378336 0.5512742718446602 0.02590266875981162 0.021844660194174755
0 0.1968210361067504 0.5887439320388349 0.03021978021978022 0.0245752427184466
0 0.2430337519623234 0.5998179611650485 0.029631083202511777 0.03216019417475728
0 0.2936616954474098 0.5885922330097086 0.06966248037676609 0.03094660194174757
0 0.396585557299843 0.5879854368932038 0.04395604395604396 0.0279126213592233
0 0.4436813186813187 0.581007281553398 0.04081632653061225 0.03094660194174757
0 0.22311616954474098 0.6254550970873786 0.07770800627943486 0.0245752427184466
0 0.28551805337519626 0.625 0.0380690737833595 0.021844660194174755
0 0.3241758241758242 0.6234830097087378 0.03453689167974883 0.020024271844660192
0 0.3745094191522763 0.6221177184466019 0.06809262166405024 0.020934466019417473
0 0.4477040816326531 0.6227245145631067 0.07594191522762951 0.033677184466019416
0 0.24813579277864994 0.6515473300970873 0.05474882260596547 0.023968446601941744
0 0.31779827315541603 0.6497269417475727 0.08025902668759811 0.027002427184466018
0 0.41032182103610676 0.6501820388349514 0.08006279434850865 0.028519417475728153
0 0.47174254317111464 0.6529126213592232 0.03296703296703297 0.03398058252427184
0 0.21251962323390897 0.6852245145631067 0.05533751962323391 0.02032766990291262
0 0.2599097331240188 0.681128640776699 0.03002354788069074 0.03398058252427184
0 0.29964678178963894 0.6912924757281553 0.04356357927786499 0.048240291262135915
0 0.3394819466248038 0.6843143203883495 0.03453689167974883 0.023968446601941744
0 0.45398351648351654 0.6874999999999999 0.06259811616954475 0.03155339805825243
0 0.19505494505494506 0.7116201456310679 0.02786499215070644 0.03307038834951456
0 0.22566718995290425 0.7154126213592232 0.031397174254317116 0.03094660194174757
0 0.30867346938775514 0.7289138349514562 0.10321821036106751 0.04338592233009708
0 0.39903846153846156 0.7140473300970873 0.04650706436420722 0.020934466019417473
0 0.43710753532182106 0.7091929611650485 0.026491365777080063 0.03003640776699029
0 0.4720368916797488 0.7132888349514562 0.045329670329670335 0.027305825242718445
0 0.19888147566718997 0.7615291262135921 0.03983516483516484 0.03640776699029126
0 0.2599097331240188 0.7522754854368932 0.07986656200941916 0.03003640776699029
0 0.42503924646781793 0.7443871359223301 0.07299843014128729 0.03246359223300971
0 0.22880690737833595 0.7968749999999999 0.0423861852433281 0.03549757281553398
0 0.34968602825745687 0.789896844660194 0.06004709576138148 0.0458131067961165
0 0.41218602825745687 0.792627427184466 0.05906593406593407 0.03974514563106796
0 0.4683084772370487 0.7815533980582524 0.048469387755102046 0.027305825242718445
0 0.2214481946624804 0.826759708737864 0.07123233908948196 0.038834951456310676
0 0.30847723704866564 0.8176577669902912 0.08869701726844585 0.03337378640776699
0 0.388638147566719 0.8194781553398057 0.04925431711145997 0.030339805825242715
0 0.4292582417582418 0.8209951456310679 0.02806122448979592 0.03094660194174757
0 0.46634615384615385 0.815382281553398 0.042189952904238624 0.02032766990291262
0 0.21212715855573 0.8527002427184466 0.05337519623233909 0.02578883495145631
0 0.2979788069073784 0.8548240291262135 0.08732339089481947 0.03731796116504854
0 0.3775510204081633 0.8442050970873786 0.06593406593406594 0.02882281553398058
0 0.4389717425431711 0.8513349514563106 0.07221350078492936 0.03762135922330097
0 0.20839874411302983 0.88501213592233 0.04120879120879121 0.02973300970873786
0 0.24597723704866564 0.8969963592233009 0.039050235478806906 0.03549757281553398
0 0.2970957613814757 0.8886529126213591 0.05847723704866562 0.02973300970873786
0 0.3648940345368917 0.8886529126213591 0.06887755102040817 0.03762135922330097
0 0.4300431711145997 0.8756067961165048 0.0500392464678179 0.025485436893203883
0 0.22743328100470958 0.9147451456310679 0.07692307692307693 0.03155339805825243
0 0.3334968602825746 0.913379854368932 0.10576923076923078 0.030643203883495142
0 0.5935047095761382 0.09663228155339805 0.03355572998430142 0.02336165048543689
0 0.625 0.09010922330097086 0.029434850863422294 0.025485436893203883
0 0.6868131868131868 0.08844053398058252 0.03296703296703297 0.027002427184466018
0 0.7368524332810048 0.0893507281553398 0.06357927786499215 0.02032766990291262
0 0.7946428571428572 0.09587378640776698 0.056711145996860286 0.03822815533980582
0 0.8610675039246468 0.07964199029126214 0.06907378335949765 0.028216019417475726
0 0.5931122448979592 0.13486043689320387 0.042582417582417584 0.03307038834951456
0 0.6513932496075353 0.12333131067961164 0.030808477237048666 0.028216019417475726
0 0.690149136577708 0.12348300970873785 0.026687598116169546 0.026092233009708737
0 0.720467032967033 0.12075242718446601 0.029631083202511777 0.023058252427184463
0 0.7517660910518054 0.11574635922330095 0.030612244897959186 0.02336165048543689
0 0.7840463108320251 0.12090412621359223 0.03159340659340659 0.026395631067961164
0 0.8461538461538463 0.11104368932038834 0.0902668759811617 0.03094660194174757
0 0.6016483516483517 0.16064927184466019 0.05690737833594977 0.022754854368932036
0 0.6800431711145998 0.15852548543689318 0.07515698587127159 0.02882281553398058
0 0.7760007849293564 0.1542779126213592 0.08418367346938777 0.033677184466019416
0 0.6110675039246468 0.19038228155339804 0.08202511773940346 0.042172330097087374
0 0.6984890109890111 0.1932645631067961 0.08614599686028258 0.03640776699029126
0 0.8210361067503925 0.17172330097087377 0.03532182103610675 0.02427184466019417
0 0.8696036106750393 0.16686893203883493 0.056711145996860286 0.03094660194174757
0 0.6069466248037677 0.21920509708737862 0.06318681318681318 0.031856796116504854
0 0.6656200941915228 0.21935679611650483 0.049450549450549455 0.025485436893203883
0 0.7405808477237049 0.21222694174757278 0.07299843014128729 0.02882281553398058
0 0.8200549450549451 0.2022148058252427 0.07417582417582418 0.03246359223300971
0 0.8792189952904239 0.19705703883495143 0.037480376766091054 0.03003640776699029
0 0.6131279434850864 0.25318567961165045 0.07633437990580848 0.027609223300970872
0 0.6804356357927787 0.2481796116504854 0.0543563579277865 0.02487864077669903
0 0.7275313971742544 0.24378033980582522 0.037480376766091054 0.031856796116504854
0 0.805337519623234 0.24833131067961162 0.062401883830455265 0.0391383495145631
0 0.6218602825745684 0.28534587378640774 0.09065934065934067 0.04035194174757281
0 0.6988814756671899 0.28291868932038833 0.05710361067503925 0.03549757281553398
0 0.75 0.28337378640776695 0.04120879120879121 0.03640776699029126
0 0.7904238618524333 0.2782160194174757 0.03767660910518054 0.04429611650485436
0 0.8267268445839875 0.277002427184466 0.04042386185243328 0.0345873786407767
0 0.8728414442700158 0.27290655339805825 0.051412872841444274 0.031856796116504854
0 0.6233320251177394 0.3240291262135922 0.10145211930926218 0.043082524271844655
0 0.7692307692307693 0.3070388349514563 0.05180533751962324 0.026092233009708737
0 0.8616562009419153 0.2970266990291262 0.04120879120879121 0.02245145631067961
0 0.6460949764521193 0.3422330097087378 0.13206436420722137 0.02487864077669903
0 0.7323390894819467 0.3361650485436893 0.02590266875981162 0.027305825242718445
0 0.7613814756671899 0.33540655339805825 0.03218210361067504 0.03428398058252427
0 0.8077904238618525 0.33419296116504854 0.053571428571428575 0.026395631067961164
0 0.8750981161695448 0.33297936893203883 0.05239403453689168 0.04277912621359223
0 0.6028257456828886 0.3687803398058252 0.043171114599686033 0.020934466019417473
0 0.6432496075353219 0.37378640776699024 0.04003139717425432 0.03640776699029126
0 0.7003532182103611 0.36180218446601936 0.06397174254317112 0.030643203883495142
0 0.7645211930926217 0.36256067961165045 0.06004709576138148 0.027305825242718445
0 0.8293759811616955 0.36483616504854366 0.06809262166405024 0.04277912621359223
0 0.6043956043956045 0.3954793689320388 0.05180533751962324 0.025182038834951456
0 0.6720957613814758 0.39274878640776695 0.07417582417582418 0.023968446601941744
0 0.7631475667189953 0.39335558252427183 0.10204081632653061 0.03731796116504854
0 0.8620486656200942 0.39274878640776695 0.076138147566719 0.030643203883495142
0 0.5996860282574569 0.41959951456310673 0.03767660910518054 0.0212378640776699
0 0.6429552590266876 0.42384708737864074 0.04179748822605966 0.029126213592233007
0 0.7264521193092622 0.42506067961165045 0.04827315541601256 0.03337378640776699
0 0.7734497645211932 0.42597087378640774 0.04689952904238619 0.03216019417475728
0 0.820839874411303 0.4168689320388349 0.039638932496075356 0.02487864077669903
0 0.8672488226059655 0.42308859223300965 0.0543563579277865 0.028216019417475726
0 0.5998822605965464 0.4453883495145631 0.04513343799058085 0.023665048543689317
0 0.654925431711146 0.4423543689320388 0.05514128728414443 0.02427184466019417
0 0.7008437990580848 0.4453883495145631 0.035518053375196236 0.021844660194174755
0 0.7331240188383046 0.4459951456310679 0.02511773940345369 0.02669902912621359
0 0.7769819466248038 0.448877427184466 0.060243328100470964 0.031856796116504854
0 0.8731357927786499 0.4491808252427184 0.056711145996860286 0.03428398058252427
0 0.590561224489796 0.47512135922330095 0.020604395604395604 0.0212378640776699
0 0.6414835164835165 0.47163228155339804 0.07888540031397175 0.0245752427184466
0 0.6973116169544742 0.4827063106796116 0.034340659340659344 0.029126213592233007
0 0.7604984301412874 0.4745145631067961 0.09085557299843014 0.032766990291262135
0 0.8226059654631084 0.4761832524271844 0.02904238618524333 0.022754854368932036
0 0.8605769230769231 0.4778519417475728 0.03983516483516484 0.03155339805825243
0 0.5899725274725275 0.5027305825242718 0.021781789638932497 0.025485436893203883
0 0.631475667189953 0.5003033980582524 0.05180533751962324 0.02245145631067961
0 0.6722919937205651 0.5094053398058253 0.02904238618524333 0.032766990291262135
0 0.7107535321821037 0.5027305825242718 0.04748822605965464 0.03094660194174757
0 0.7791405023547882 0.5019720873786407 0.08300627943485087 0.025182038834951456
0 0.6001766091051806 0.5371662621359223 0.02374411302982732 0.03549757281553398
0 0.6458006279434851 0.5344356796116504 0.0663265306122449 0.03003640776699029
0 0.6956436420722135 0.5256371359223301 0.024725274725274728 0.02214805825242718
0 0.7415620094191523 0.5339805825242718 0.062401883830455265 0.029126213592233007
0 0.7986656200941916 0.5335254854368932 0.05533751962323391 0.04641990291262135
0 0.8598901098901099 0.5286711165048543 0.060832025117739406 0.03003640776699029
0 0.626177394034537 0.5615898058252426 0.09772370486656201 0.0279126213592233
0 0.7127158555729984 0.556128640776699 0.044740973312401885 0.028519417475728153
0 0.7810047095761382 0.5655339805825242 0.08948194662480377 0.03822815533980582
0 0.8768642072213502 0.5600728155339806 0.050431711145996864 0.03094660194174757
0 0.5898744113029828 0.5993628640776698 0.033751962323390894 0.03671116504854369
0 0.6187205651491366 0.5999696601941747 0.0380690737833595 0.03428398058252427
0 0.6586538461538461 0.5866201456310679 0.040620094191522765 0.027609223300970872
0 0.715168759811617 0.5875303398058251 0.06259811616954475 0.025182038834951456
0 0.7990580847723705 0.5901092233009708 0.07456828885400314 0.035800970873786406
0 0.8710753532182104 0.5875303398058251 0.05847723704866562 0.031249999999999997
0 0.6532574568288855 0.6246966019417475 0.07653061224489796 0.03216019417475728
0 0.715168759811617 0.6174150485436892 0.04140502354788069 0.023058252427184463
0 0.7789442700156987 0.6189320388349514 0.08418367346938777 0.028519417475728153
0 0.5300235478806907 0.9073118932038834 0.03532182103610675 0.018507281553398057
0 0.5738814756671899 0.9018507281553397 0.05239403453689168 0.016686893203883495
0 0.5268838304552591 0.9212682038834951 0.031397174254317116 0.013046116504854368
0 0.5692700156985872 0.9185376213592232 0.052590266875981166 0.01486650485436893
