0 0.14570251177394036 0.2933859223300971 0.055533751962323394 0.03519417475728155
0 0.22851255886970173 0.30036407766990286 0.08025902668759811 0.02427184466019417
0 0.29395604395604397 0.31583737864077666 0.05180533751962324 0.02669902912621359
0 0.3524332810047096 0.30324635922330095 0.060832025117739406 0.02882281553398058
0 0.40060832025117743 0.3114381067961165 0.031200941915227633 0.022754854368932036
0 0.43946232339089486 0.30324635922330095 0.0402276295133438 0.019720873786407765
0 0.13029827315541603 0.32782160194174753 0.020408163265306124 0.02032766990291262
0 0.15257064364207223 0.3275182038834951 0.022566718995290426 0.020934466019417473
0 0.17974882260596547 0.3240291262135922 0.02511773940345369 0.020631067961165046
0 0.2066326530612245 0.33085558252427183 0.02590266875981162 0.020934466019417473
0 0.2600078492935636 0.33085558252427183 0.07653061224489796 0.026395631067961164
0 0.32290031397174257 0.33282766990291257 0.047291993720565154 0.0212378640776699
0 0.3909929356357928 0.33419296116504854 0.07005494505494506 0.020934466019417473
0 0.45457221350078497 0.33555825242718446 0.03630298273155416 0.01820388349514563
0 0.14324960753532182 0.36013349514563103 0.059262166405023554 0.025485436893203883
0 0.1953492935635793 0.35224514563106796 0.02688383045525903 0.020631067961165046
0 0.22596153846153846 0.3567961165048543 0.030416012558869703 0.014563106796116504
0 0.2709968602825746 0.36134708737864074 0.052982731554160126 0.030339805825242715
0 0.3271193092621664 0.3693871359223301 0.022762951334379906 0.028216019417475726
0 0.3557692307692308 0.36119538834951453 0.02786499215070644 0.018507281553398057
0 0.39452511773940346 0.36134708737864074 0.04689952904238619 0.02427184466019417
0 0.4467229199372057 0.3570995145631068 0.05396389324960754 0.02245145631067961
0 0.13922684458398746 0.3756067961165048 0.039050235478806906 0.023665048543689317
0 0.19574175824175824 0.38030946601941745 0.0543563579277865 0.022754854368932036
0 0.25490580847723704 0.38061286407766987 0.05690737833594977 0.022754854368932036
0 0.31456043956043955 0.3860740291262136 0.06318681318681318 0.025182038834951456
0 0.36793563579277866 0.386377427184466 0.03885400313971743 0.02032766990291262
0 0.40041208791208793 0.3860740291262136 0.027276295133437992 0.02336165048543689
0 0.45339481946624804 0.39593446601941745 0.045329670329670335 0.02669902912621359
0 0.19348508634222922 0.4142900485436893 0.05847723704866562 0.031249999999999997
0 0.25156985871271587 0.41019417475728154 0.0521978021978022 0.02245145631067961
0 0.31406985871271587 0.40867718446601936 0.07005494505494506 0.029126213592233007
0 0.38196624803767665 0.4121662621359223 0.06377551020408163 0.02882281553398058
0 0.44790031397174257 0.42066140776699024 0.06573783359497645 0.031856796116504854
0 0.1407967032967033 0.4009405339805825 0.03826530612244898 0.019720873786407765
0 0.16630690737833595 0.4308252427184466 0.059850863422292 0.02487864077669903
0 0.21261773940345371 0.434010922330097 0.03198587127158556 0.018507281553398057
0 0.24077708006279436 0.4335558252427184 0.022762951334379906 0.02245145631067961
0 0.3012166405023548 0.43719660194174753 0.03100470957613815 0.017597087378640776
0 0.33143642072213503 0.44265776699029125 0.027472527472527476 0.019417475728155338
0 0.3747056514913658 0.4423543689320388 0.06691522762951335 0.028519417475728153
0 0.4420133437990581 0.44311286407766987 0.06809262166405024 0.027002427184466018
0 0.13392857142857142 0.4514563106796116 0.024921507064364207 0.02245145631067961
0 0.1781789638932496 0.45828276699029125 0.06043956043956044 0.03246359223300971
0 0.22919937205651492 0.45873786407766987 0.03296703296703297 0.0212378640776699
0 0.27187990580847726 0.4632888349514563 0.04925431711145997 0.0212378640776699
0 0.3161302982731554 0.4593446601941747 0.034929356357927786 0.020024271844660192
0 0.3717621664050236 0.4690533980582524 0.07437205651491366 0.038834951456310676
0 0.42307692307692313 0.4631371359223301 0.029827315541601257 0.02578883495145631
0 0.14334772370486656 0.4793689320388349 0.0445447409733124 0.018810679611650484
0 0.1826923076923077 0.480127427184466 0.033359497645211934 0.02032766990291262
0 0.24931318681318682 0.48407160194174753 0.02021193092621664 0.01911407766990291
0 0.3060243328100471 0.48680218446601936 0.09046310832025119 0.022754854368932036
0 0.39040423861852436 0.48665048543689315 0.027276295133437992 0.029126213592233007
0 0.4210164835164835 0.4836165048543689 0.03355572998430142 0.019417475728155338
0 0.45486656200941916 0.48528519417475724 0.03610675039246468 0.02882281553398058
0 0.13844191522762953 0.5104672330097086 0.048469387755102046 0.029429611650485434
0 0.17513736263736265 0.5098604368932038 0.03198587127158556 0.026395631067961164
0 0.21202904238618525 0.5066747572815533 0.03669544740973313 0.018810679611650484
0 0.2545133437990581 0.5089502427184466 0.04199372056514914 0.025182038834951456
0 0.2980769230769231 0.5151699029126213 0.03728414442700157 0.03519417475728155
0 0.3552786499215071 0.5116808252427184 0.027668759811616955 0.02578883495145631
0 0.44731161695447413 0.5119842233009708 0.05592621664050236 0.03428398058252427
0 0.14648744113029827 0.529126213592233 0.056711145996860286 0.0345873786407767
0 0.20074568288854006 0.5411104368932038 0.06397174254317112 0.034890776699029125
0 0.26491365777080067 0.5438410194174756 0.05690737833594977 0.03853155339805825
0 0.32967032967032966 0.5439927184466019 0.0706436420722135 0.032766990291262135
0 0.3792189952904239 0.5368628640776698 0.02099686028257457 0.02882281553398058
0 0.42680533751962324 0.5458131067961165 0.09262166405023549 0.04490291262135922
0 0.13844191522762953 0.5558252427184466 0.03669544740973313 0.023058252427184463
0 0.21359890109890112 0.5638652912621359 0.08300627943485087 0.037924757281553395
0 0.27600078492935637 0.5753944174757281 0.050824175824175824 0.03671116504854369
0 0.35105965463108324 0.5617415048543689 0.023547880690737835 0.022754854368932036
0 0.3734301412872842 0.5629550970873786 0.020800627943485087 0.025182038834951456
0 0.4115973312401884 0.5650788834951456 0.0402276295133438 0.031856796116504854
0 0.17768838304552592 0.5885922330097086 0.13677394034536894 0.0424757281553398
0 0.3090659340659341 0.5920813106796116 0.1240188383045526 0.029429611650485434
0 0.39060047095761385 0.5882888349514562 0.03708791208791209 0.023058252427184463
0 0.4260204081632653 0.5823725728155339 0.029827315541601257 0.0245752427184466
0 0.4563383045525903 0.5841929611650485 0.030808477237048666 0.021541262135922327
0 0.13510596546310832 0.6081614077669902 0.0402276295133438 0.03671116504854369
0 0.1865188383045526 0.6077063106796116 0.05945839874411303 0.02669902912621359
0 0.23233908948194665 0.6134708737864077 0.0282574568288854 0.018810679611650484
0 0.28169152276295134 0.6259101941747572 0.08457613814756672 0.040048543689320384
0 0.3522370486656201 0.6237864077669902 0.05416012558869702 0.0279126213592233
0 0.40100078492935637 0.6181735436893203 0.035910518053375196 0.015473300970873785
0 0.4465266875981162 0.6231796116504854 0.05317896389324961 0.03337378640776699
0 0.13343799058084774 0.6289441747572815 0.02708006279434851 0.02487864077669903
0 0.19652668759811617 0.6354672330097086 0.04140502354788069 0.027002427184466018
0 0.24313186813186816 0.6421419902912621 0.0521978021978022 0.026395631067961164
0 0.2954277864992151 0.6547330097087378 0.06691522762951335 0.03216019417475728
0 0.34585949764521196 0.6567050970873786 0.0543563579277865 0.03671116504854369
0 0.3870682888540032 0.6497269417475727 0.028453689167974885 0.02882281553398058
0 0.13677394034536894 0.6642900485436892 0.04081632653061225 0.034890776699029125
0 0.1845565149136578 0.6614077669902912 0.05474882260596547 0.02669902912621359
0 0.27070251177394034 0.6703580097087378 0.06259811616954475 0.033677184466019416
0 0.33771585557299844 0.6732402912621359 0.07221350078492936 0.021844660194174755
0 0.39256279434850866 0.6767293689320387 0.047291993720565154 0.03974514563106796
0 0.4415227629513344 0.6741504854368932 0.060832025117739406 0.025485436893203883
0 0.1364795918367347 0.6897754854368932 0.02806122448979592 0.017900485436893203
0 0.1647370486656201 0.6908373786407767 0.024529042386185244 0.015169902912621358
0 0.19279827315541603 0.696753640776699 0.030808477237048666 0.033677184466019416
0 0.21919152276295134 0.6999393203883495 0.03021978021978022 0.0345873786407767
0 0.24460361067503927 0.6956917475728155 0.021389324960753534 0.02487864077669903
0 0.2932692307692308 0.7040351941747572 0.06966248037676609 0.03428398058252427
0 0.3662676609105181 0.7099514563106796 0.07476452119309263 0.037014563106796114
0 0.43799058084772374 0.7016080097087378 0.06750392464678179 0.03003640776699029
0 0.138638147566719 0.7242111650485437 0.04297488226059655 0.03640776699029126
0 0.17759026687598117 0.7204186893203883 0.033359497645211934 0.017900485436893203
0 0.24882260596546313 0.7298240291262136 0.07888540031397175 0.03671116504854369
0 0.34007064364207223 0.728003640776699 0.059654631083202514 0.0245752427184466
0 0.13520408163265307 0.7524271844660193 0.033359497645211934 0.0279126213592233
0 0.16679748822605966 0.7475728155339805 0.029434850863422294 0.020024271844660192
0 0.21477629513343802 0.7475728155339805 0.06652276295133439 0.027305825242718445
0 0.3074960753532182 0.7577366504854368 0.11852433281004711 0.037924757281553395
0 0.3788265306122449 0.766383495145631 0.035910518053375196 0.030339805825242715
0 0.4342621664050236 0.7534890776699028 0.07182103610675039 0.02882281553398058
0 0.14452511773940346 0.7716929611650485 0.04689952904238619 0.022754854368932036
0 0.18229984301412874 0.7779126213592232 0.03610675039246468 0.035800970873786406
0 0.2586342229199372 0.7782160194174756 0.11342229199372057 0.030339805825242715
0 0.33124018838304553 0.774271844660194 0.028649921507064365 0.023058252427184463
0 0.37549058084772374 0.7867111650485437 0.05631868131868132 0.04065533980582524
0 0.4227825745682889 0.7795813106796116 0.034340659340659344 0.023968446601941744
0 0.45722135007849296 0.7807949029126213 0.029827315541601257 0.018507281553398057
0 0.5288461538461539 0.05597694174757281 0.02433281004709576 0.015473300970873785
0 0.5748626373626374 0.05597694174757281 0.045722135007849295 0.03003640776699029
0 0.5422880690737834 0.09784587378640776 0.032378335949764525 0.019720873786407765
0 0.5797684458398744 0.1316747572815534 0.03198587127158556 0.02245145631067961
0 0.6322605965463108 0.07251213592233009 0.05376766091051806 0.04550970873786407
0 0.7156593406593407 0.07524271844660194 0.07378335949764521 0.020631067961165046
0 0.7786499215070644 0.08404126213592232 0.0521978021978022 0.029126213592233007
0 0.8333987441130298 0.07251213592233009 0.05690737833594977 0.026092233009708737
0 0.8803963893249608 0.0772148058252427 0.03159340659340659 0.030643203883495142
0 0.6289246467817897 0.1095266990291262 0.04395604395604396 0.02487864077669903
0 0.6634615384615385 0.10345873786407767 0.02433281004709576 0.0212378640776699
0 0.701138147566719 0.10224514563106796 0.047880690737833596 0.02669902912621359
0 0.7634419152276296 0.09996966019417475 0.07437205651491366 0.021541262135922327
0 0.8240777080062794 0.09845266990291261 0.04807692307692308 0.022754854368932036
0 0.8661695447409734 0.10315533980582524 0.01883830455259027 0.015776699029126214
0 0.894721350078493 0.10270024271844659 0.0402276295133438 0.028216019417475726
0 0.6442307692307693 0.14138349514563106 0.06711145996860284 0.03094660194174757
0 0.701138147566719 0.1316747572815534 0.02708006279434851 0.030339805825242715
0 0.7286106750392465 0.13030946601941745 0.02511773940345369 0.013652912621359222
0 0.7704081632653061 0.13379854368932037 0.05376766091051806 0.02669902912621359
0 0.8527276295133438 0.12651699029126212 0.023351648351648352 0.015776699029126214
0 0.8895211930926217 0.12151092233009708 0.04709576138147567 0.0245752427184466
0 0.6172488226059655 0.15761529126213591 0.03983516483516484 0.023968446601941744
0 0.6540423861852434 0.15898058252427183 0.03257456828885401 0.018810679611650484
0 0.7096742543171115 0.15776699029126212 0.04964678178963894 0.0212378640776699
0 0.7602040816326531 0.1529126213592233 0.04827315541601256 0.020024271844660192
0 0.8219191522762952 0.14987864077669902 0.06927001569858714 0.02245145631067961
0 0.889030612244898 0.1451759708737864 0.06063579277864992 0.02214805825242718
0 0.6268642072213502 0.19159587378640774 0.030416012558869703 0.023968446601941744
0 0.7132064364207221 0.19083737864077668 0.05396389324960754 0.03398058252427184
0 0.7679552590266876 0.17839805825242716 0.034340659340659344 0.0212378640776699
0 0.7952315541601256 0.1774878640776699 0.01903453689167975 0.03094660194174757
0 0.8180926216640503 0.17627427184466019 0.02433281004709576 0.014563106796116504
0 0.8631279434850864 0.17020631067961164 0.06534536891679749 0.021844660194174755
0 0.5995879120879122 0.2091929611650485 0.028846153846153848 0.0245752427184466
0 0.653453689167975 0.20691747572815533 0.07103610675039247 0.028519417475728153
0 0.7485282574568289 0.20858616504854366 0.11440345368916797 0.03307038834951456
0 0.8327119309262166 0.19963592233009708 0.05239403453689168 0.020631067961165046
0 0.8755886970172685 0.19629854368932037 0.033359497645211934 0.01699029126213592
0 0.9029631083202513 0.20145631067961164 0.029631083202511777 0.029126213592233007
0 0.612146781789639 0.23270631067961162 0.04336734693877551 0.03155339805825243
0 0.682986656200942 0.23164441747572814 0.02295918367346939 0.028216019417475726
0 0.7251766091051806 0.23513349514563106 0.058673469387755105 0.02973300970873786
0 0.7729591836734694 0.23407160194174756 0.03218210361067504 0.012439320388349514
0 0.8047488226059655 0.2380157766990291 0.033359497645211934 0.031856796116504854
0 0.8316326530612246 0.22709344660194172 0.018445839874411302 0.01608009708737864
0 0.8660714285714286 0.22724514563106793 0.047291993720565154 0.026092233009708737
0 0.9064952904238619 0.21814320388349512 0.03002354788069074 0.026092233009708737
0 0.6235282574568289 0.25485436893203883 0.05278649921507065 0.017597087378640776
0 0.6766091051805337 0.265625 0.0620094191522763 0.027002427184466018
0 0.7254709576138147 0.2627427184466019 0.04003139717425432 0.037014563106796114
0 0.7660910518053375 0.25591626213592233 0.04120879120879121 0.02032766990291262
0 0.8264324960753533 0.2578883495145631 0.07044740973312402 0.0345873786407767
0 0.8928571428571429 0.25227548543689315 0.05533751962323391 0.030643203883495142
0 0.6015502354788069 0.2766990291262136 0.02688383045525903 0.01820388349514563
0 0.6487441130298274 0.28109830097087374 0.05376766091051806 0.02214805825242718
0 0.7071232339089483 0.2800364077669903 0.061813186813186816 0.026092233009708737
0 0.7694270015698588 0.28534587378640774 0.04709576138147567 0.03428398058252427
0 0.8197605965463108 0.2870145631067961 0.06770015698587127 0.03094660194174757
0 0.8689167974882261 0.279126213592233 0.028649921507064365 0.015776699029126214
0 0.9018838304552591 0.27169296116504854 0.036891679748822605 0.02336165048543689
0 0.6353021978021979 0.31113470873786403 0.0641679748822606 0.029429611650485434
0 0.6989795918367347 0.3079490291262136 0.05533751962323391 0.021844660194174755
0 0.7602040816326531 0.3093143203883495 0.06161695447409733 0.019720873786407765
0 0.8184850863422293 0.3105279126213592 0.047880690737833596 0.031856796116504854
0 0.8683281004709577 0.3077973300970874 0.047880690737833596 0.03003640776699029
0 0.6104788069073783 0.3287317961165048 0.04120879120879121 0.019720873786407765
0 0.6562009419152277 0.3294902912621359 0.04513343799058085 0.027305825242718445
0 0.7087912087912088 0.3384405339805825 0.052982731554160126 0.031249999999999997
0 0.7690345368916798 0.3375303398058252 0.044348508634222926 0.03428398058252427
0 0.8167189952904239 0.33206917475728154 0.04513343799058085 0.020934466019417473
0 0.8666601255886971 0.3296419902912621 0.053571428571428575 0.02578883495145631
0 0.9068877551020409 0.33343446601941745 0.031200941915227633 0.028519417475728153
0 0.5999803767660911 0.35103155339805825 0.027668759811616955 0.019417475728155338
0 0.6486459968602826 0.36286407766990286 0.042582417582417584 0.02973300970873786
0 0.6985871271585558 0.36468446601941745 0.049843014128728415 0.029126213592233007
0 0.745094191522763 0.3589199029126213 0.036891679748822605 0.020631067961165046
0 0.7773744113029828 0.36362257281553395 0.034340659340659344 0.026395631067961164
0 0.82388147566719 0.35937499999999994 0.05278649921507065 0.037924757281553395
0 0.8840266875981162 0.3519417475728155 0.06436420722135008 0.03094660194174757
0 0.6191130298273155 0.38030946601941745 0.06671899529042387 0.02882281553398058
0 0.690541601255887 0.38379854368932037 0.06514913657770802 0.023665048543689317
0 0.756083202511774 0.3965412621359223 0.03257456828885401 0.0279126213592233
0 0.7990580847723705 0.384253640776699 0.05102040816326531 0.020934466019417473
0 0.8429160125588697 0.38486043689320387 0.032770800627943485 0.014259708737864077
0 0.8876569858712716 0.37909587378640774 0.05592621664050236 0.021541262135922327
0 0.5956632653061225 0.4177791262135922 0.03708791208791209 0.030339805825242715
0 0.6430533751962324 0.4168689320388349 0.06279434850863423 0.02427184466019417
0 0.6992739403453689 0.41277305825242716 0.04807692307692308 0.0245752427184466
0 0.7463697017268446 0.41368325242718446 0.0445447409733124 0.02336165048543689
0 0.7934654631083203 0.4141383495145631 0.0260989010989011 0.014563106796116504
0 0.8289835164835165 0.41171116504854366 0.04689952904238619 0.027305825242718445
0 0.8904042386185244 0.4056432038834951 0.040620094191522765 0.0212378640776699
0 0.6029238618524333 0.44038228155339804 0.030416012558869703 0.025182038834951456
0 0.6957417582417583 0.4381067961165048 0.07083987441130299 0.01820388349514563
0 0.77462715855573 0.4365898058252427 0.08065149136577708 0.0279126213592233
0 0.8258437990580848 0.4368932038834951 0.021389324960753534 0.015776699029126214
0 0.8779434850863422 0.4356796116504854 0.0816326530612245 0.03216019417475728
0 0.6271585557299844 0.4613167475728155 0.08124018838304553 0.033677184466019416
0 0.6862244897959184 0.460254854368932 0.03453689167974883 0.02427184466019417
0 0.7300824175824177 0.4631371359223301 0.050824175824175824 0.027002427184466018
0 0.7756083202511774 0.46753640776699024 0.03669544740973313 0.02487864077669903
0 0.8152472527472528 0.46844660194174753 0.04493720565149137 0.028519417475728153
0 0.8659733124018839 0.4620752427184466 0.054552590266875985 0.03094660194174757
0 0.9060047095761382 0.4611650485436893 0.029434850863422294 0.023665048543689317
0 0.6102825745682889 0.48756067961165045 0.04748822605965464 0.03822815533980582
0 0.6712127158555731 0.48953276699029125 0.07319466248037677 0.0245752427184466
0 0.7225274725274726 0.4952973300970873 0.02708006279434851 0.026395631067961164
0 0.744309262166405 0.48528519417475724 0.016483516483516484 0.022754854368932036
0 0.771585557299843 0.48665048543689315 0.03610675039246468 0.02245145631067961
0 0.820839874411303 0.4948422330097087 0.06161695447409733 0.03094660194174757
0 0.8845172684458399 0.48528519417475724 0.07162480376766091 0.037924757281553395
0 0.6097919937205651 0.5087985436893203 0.045722135007849295 0.020024271844660192
0 0.6472723704866562 0.5116808252427184 0.021389324960753534 0.018507281553398057
0 0.6718014128728415 0.5168385922330097 0.027668759811616955 0.02578883495145631
0 0.7176216640502355 0.5197208737864077 0.06593406593406594 0.0279126213592233
0 0.7963108320251178 0.5098604368932038 0.06397174254317112 0.025182038834951456
0 0.8590070643642073 0.507129854368932 0.05945839874411303 0.023968446601941744
0 0.9003139717425432 0.5122876213592232 0.029827315541601257 0.02882281553398058
0 0.5990973312401884 0.5456614077669902 0.03218210361067504 0.027002427184466018
0 0.6309850863422293 0.5361043689320388 0.02923861852433281 0.021844660194174755
0 0.6638540031397174 0.5382281553398057 0.033751962323390894 0.01820388349514563
0 0.717425431711146 0.5439927184466019 0.08084772370486656 0.028519417475728153
0 0.7847331240188383 0.5464199029126213 0.03021978021978022 0.027305825242718445
0 0.8290816326530612 0.5329186893203883 0.05690737833594977 0.021541262135922327
0 0.8782378335949765 0.5317050970873786 0.035910518053375196 0.014259708737864077
0 0.9064952904238619 0.5298847087378641 0.018642072213500786 0.027002427184466018
0 0.598116169544741 0.5731189320388349 0.029434850863422294 0.025485436893203883
0 0.6404042386185244 0.5634101941747572 0.05396389324960754 0.023058252427184463
0 0.6934850863422293 0.5656856796116504 0.04905808477237049 0.016686893203883495
0 0.7272370486656201 0.5629550970873786 0.016875981161695447 0.025182038834951456
0 0.7475470957613816 0.5652305825242718 0.022174254317111463 0.01699029126213592
0 0.7748233908948196 0.5716019417475727 0.04415227629513344 0.03216019417475728
0 0.8244701726844584 0.5614381067961165 0.055533751962323394 0.01911407766990291
0 0.8940345368916798 0.5576456310679612 0.04552590266875981 0.020024271844660192
0 0.6129317111459969 0.5896541262135921 0.05514128728414443 0.023968446601941744
0 0.6657182103610676 0.5913228155339806 0.05160910518053376 0.029126213592233007
0 0.7107535321821037 0.5911711165048543 0.03885400313971743 0.022754854368932036
0 0.7673665620094192 0.6005764563106796 0.045722135007849295 0.027609223300970872
0 0.8170133437990581 0.598756067961165 0.04768445839874411 0.03731796116504854
0 0.8547880690737835 0.5888956310679612 0.02590266875981162 0.01820388349514563
0 0.6196036106750393 0.6177184466019416 0.07162480376766091 0.03216019417475728
0 0.693975667189953 0.6213592233009708 0.06966248037676609 0.03398058252427184
0 0.7455847723704867 0.6245449029126213 0.0402276295133438 0.02578883495145631
0 0.8088697017268446 0.6171116504854368 0.0521978021978022 0.019417475728155338
0 0.8512558869701727 0.622876213592233 0.04277864992150707 0.026092233009708737
0 0.603806907378336 0.6398665048543689 0.03728414442700157 0.023058252427184463
0 0.6654238618524333 0.6416868932038834 0.043171114599686033 0.027305825242718445
0 0.7140894819466248 0.6459344660194174 0.05102040816326531 0.028519417475728153
0 0.7609890109890111 0.6406249999999999 0.04395604395604396 0.02578883495145631
0 0.810243328100471 0.6480582524271844 0.060832025117739406 0.030339805825242715
0 0.8611656200941916 0.6462378640776698 0.050431711145996864 0.030339805825242715
0 0.6340266875981162 0.6632281553398057 0.04709576138147567 0.020631067961165046
0 0.7114403453689169 0.6706614077669902 0.08889324960753532 0.03671116504854369
0 0.780317896389325 0.6735436893203883 0.039050235478806906 0.028519417475728153
0 0.8157378335949765 0.6721783980582524 0.03924646781789639 0.03549757281553398
0 0.8605769230769231 0.6692961165048543 0.06259811616954475 0.032766990291262135
0 0.9056122448979592 0.6577669902912621 0.03296703296703297 0.0212378640776699
0 0.6039050235478807 0.6890169902912621 0.04101255886970173 0.020631067961165046
0 0.6551216640502355 0.6932645631067961 0.04415227629513344 0.03519417475728155
0 0.6960361067503925 0.6961468446601942 0.03767660910518054 0.031856796116504854
0 0.7448979591836735 0.6944781553398057 0.054552590266875985 0.02245145631067961
0 0.7981750392464678 0.698877427184466 0.04964678178963894 0.03428398058252427
0 0.8408555729984302 0.6884101941747572 0.034929356357927786 0.01699029126213592
0 0.8770604395604397 0.6918992718446602 0.045722135007849295 0.03974514563106796
0 0.6098901098901099 0.7167779126213591 0.046310832025117744 0.017900485436893203
0 0.6510007849293564 0.7176881067961164 0.037480376766091054 0.02032766990291262
0 0.6921114599686029 0.7220873786407767 0.044740973312401885 0.03337378640776699
0 0.7490188383045526 0.7204186893203883 0.06828885400313972 0.02882281553398058
0 0.8237833594976453 0.7137439320388349 0.060832025117739406 0.02032766990291262
0 0.8927590266875982 0.7149575242718446 0.04925431711145997 0.0245752427184466
0 0.6047880690737834 0.7407463592233009 0.034929356357927786 0.018507281553398057
0 0.6482535321821037 0.7449939320388349 0.028453689167974885 0.01911407766990291
0 0.682986656200942 0.7510618932038834 0.039050235478806906 0.025182038834951456
0 0.7312598116169545 0.7421116504854368 0.05788854003139718 0.021844660194174755
0 0.7790423861852434 0.7472694174757281 0.04199372056514914 0.0279126213592233
0 0.8457613814756673 0.7472694174757281 0.10164835164835165 0.03640776699029126
0 0.6006671899529042 0.7713895631067961 0.04120879120879121 0.03853155339805825
0 0.6378532182103611 0.7741201456310679 0.04140502354788069 0.03003640776699029
0 0.6890698587127159 0.7680521844660193 0.059850863422292 0.017900485436893203
0 0.7565737833594977 0.7648665048543689 0.056711145996860286 0.023058252427184463
0 0.8421310832025118 0.7662317961165048 0.09399529042386186 0.03549757281553398
0 0.609105180533752 0.7988470873786407 0.06004709576138148 0.028519417475728153
0 0.6593406593406593 0.7935376213592232 0.01805337519623234 0.01486650485436893
0 0.6873037676609105 0.7918689320388349 0.035518053375196236 0.0279126213592233
0 0.7186028257456829 0.8021844660194174 0.028649921507064365 0.025485436893203883
0 0.7546114599686029 0.7939927184466019 0.04493720565149137 0.016383495145631068
0 0.7986656200941916 0.8005157766990291 0.04866562009419152 0.027609223300970872
0 0.8476255886970173 0.7868628640776698 0.03316326530612245 0.02032766990291262
0 0.6165620094191523 0.8159890776699028 0.059262166405023554 0.02214805825242718
0 0.6707221350078494 0.8168992718446602 0.04356357927786499 0.019720873786407765
0 0.7086930926216641 0.815382281553398 0.030808477237048666 0.021541262135922327
0 0.7674646781789639 0.8172026699029126 0.08202511773940346 0.022754854368932036
0 0.8361459968602826 0.8138652912621358 0.05337519623233909 0.02032766990291262
0 0.6096938775510204 0.8393507281553397 0.052590266875981166 0.023968446601941744
0 0.6675824175824177 0.8410194174757281 0.06004709576138148 0.023058252427184463
0 0.7445054945054945 0.8408677184466019 0.0902668759811617 0.022754854368932036
0 0.8037676609105181 0.8463288834951456 0.031789638932496075 0.02882281553398058
0 0.8343799058084773 0.8398058252427184 0.026687598116169546 0.015169902912621358
0 0.6172488226059655 0.8669599514563106 0.06927001569858714 0.031249999999999997
0 0.6721938775510204 0.8692354368932038 0.03316326530612245 0.014563106796116504
0 0.7027080062794349 0.8662014563106796 0.022762951334379906 0.01820388349514563
0 0.7273351648351649 0.8651395631067961 0.0260989010989011 0.022754854368932036
0 0.764030612244898 0.873634708737864 0.042582417582417584 0.031856796116504854
0 0.8050431711145998 0.8666565533980581 0.03865777080062795 0.017900485436893203
0 0.5946821036106751 0.8916868932038834 0.028846153846153848 0.029126213592233007
0 0.6389324960753533 0.8953276699029126 0.03885400313971743 0.023665048543689317
0 0.6777864992150707 0.8894114077669902 0.033359497645211934 0.022754854368932036
0 0.7524529042386185 0.8948725728155339 0.08967817896389325 0.026395631067961164
0 0.6305926216640503 0.9214199029126213 0.09164050235478807 0.027305825242718445
0 0.7286106750392465 0.9246055825242717 0.1043956043956044 0.03853155339805825
