0 0.1790620094191523 0.07023665048543688 0.030808477237048666 0.017900485436893203
0 0.20702511773940346 0.0814623786407767 0.02590266875981162 0.025182038834951456
0 0.25441522762951335 0.08176577669902912 0.06770015698587127 0.03003640776699029
0 0.32741365777080067 0.08783373786407767 0.07633437990580848 0.030643203883495142
0 0.38697017268445844 0.08859223300970873 0.04827315541601256 0.03640776699029126
0 0.4538854003139718 0.08282766990291261 0.06122448979591837 0.02245145631067961
0 0.18406593406593408 0.10118325242718446 0.05533751962323391 0.029429611650485434
0 0.22135007849293564 0.09511529126213591 0.01883830455259027 0.023968446601941744
0 0.2480376766091052 0.0972390776699029 0.02786499215070644 0.023968446601941744
0 0.29611459968602827 0.1039138349514563 0.06475667189952905 0.026395631067961164
0 0.35567111459968603 0.11362257281553396 0.043759811616954476 0.03610436893203883
0 0.40168759811616955 0.1151395631067961 0.049843014128728415 0.03003640776699029
0 0.4637951334379906 0.11028519417475727 0.03512558869701727 0.026395631067961164
0 0.1747448979591837 0.12363470873786407 0.0445447409733124 0.027609223300970872
0 0.22959183673469388 0.12317961165048542 0.06161695447409733 0.018810679611650484
0 0.30151098901098905 0.12924757281553398 0.07711930926216641 0.02973300970873786
0 0.3715659340659341 0.1386529126213592 0.061420722135007856 0.03216019417475728
0 0.440934065934066 0.14335558252427183 0.08555729984301413 0.034890776699029125
0 0.17435243328100472 0.14441747572815533 0.03198587127158556 0.014563106796116504
0 0.220467032967033 0.1497269417475728 0.061420722135007856 0.027002427184466018
0 0.26874018838304553 0.14957524271844658 0.03630298273155416 0.016383495145631068
0 0.30514128728414447 0.1544296116504854 0.04513343799058085 0.032766990291262135
0 0.3479199372056515 0.16459344660194172 0.04395604395604396 0.031249999999999997
0 0.3941326530612245 0.16337985436893201 0.05239403453689168 0.031249999999999997
0 0.45310047095761385 0.16155946601941745 0.06475667189952905 0.031856796116504854
0 0.1707221350078493 0.16398665048543687 0.028649921507064365 0.021541262135922327
0 0.2003532182103611 0.17172330097087377 0.029827315541601257 0.030339805825242715
0 0.24234693877551022 0.17445388349514562 0.05102040816326531 0.021844660194174755
0 0.32623626373626374 0.18583131067961164 0.04336734693877551 0.025182038834951456
0 0.36312794348508637 0.18962378640776698 0.02688383045525903 0.01820388349514563
0 0.41100863422291994 0.19129247572815533 0.06691522762951335 0.03307038834951456
0 0.19387755102040818 0.19902912621359223 0.07692307692307693 0.03094660194174757
0 0.24960753532182106 0.1999393203883495 0.030612244897959186 0.01699029126213592
0 0.3035714285714286 0.2099514563106796 0.09576138147566719 0.03337378640776699
0 0.41552197802197804 0.22087378640776698 0.12696232339089483 0.03944174757281553
0 0.20143249607535324 0.22876213592233008 0.10694662480376767 0.02973300970873786
0 0.27884615384615385 0.22876213592233008 0.043171114599686033 0.019417475728155338
0 0.3245682888540032 0.23649878640776698 0.05023547880690738 0.03003640776699029
0 0.42866954474097335 0.24347694174757278 0.11361852433281006 0.03003640776699029
0 0.1793563579277865 0.2534890776699029 0.04709576138147567 0.033677184466019416
0 0.21997645211930927 0.2557645631067961 0.02708006279434851 0.015776699029126214
0 0.2705062794348509 0.2631978155339806 0.07515698587127159 0.03246359223300971
0 0.337519623233909 0.2631978155339806 0.05062794348508635 0.01729368932038835
0 0.3894230769230769 0.2651699029126213 0.0500392464678179 0.02427184466019417
0 0.4427001569858713 0.2726031553398058 0.05690737833594977 0.033677184466019416
0 0.18504709576138148 0.2773058252427184 0.05808477237048666 0.02427184466019417
0 0.3423273155416013 0.2870145631067961 0.06063579277864992 0.03216019417475728
0 0.4115973312401884 0.2882281553398058 0.06927001569858714 0.020024271844660192
0 0.46919152276295134 0.2912621359223301 0.027472527472527476 0.0212378640776699
0 0.18818681318681318 0.30188106796116504 0.0620094191522763 0.023665048543689317
0 0.23547880690737835 0.3090109223300971 0.02708006279434851 0.013652912621359222
0 0.293563579277865 0.3077973300970874 0.08791208791208792 0.02578883495145631
0 0.3645996860282575 0.3091626213592233 0.05062794348508635 0.02427184466019417
0 0.4365188383045526 0.3125 0.07280219780219781 0.026092233009708737
0 0.18848116169544743 0.3229672330097087 0.06456043956043957 0.027609223300970872
0 0.27835557299843017 0.33297936893203883 0.11047880690737834 0.034890776699029125
0 0.37362637362637363 0.33677184466019416 0.07496075353218211 0.0212378640776699
0 0.4498626373626374 0.339502427184466 0.05514128728414443 0.0279126213592233
0 0.16699372056514913 0.34769417475728154 0.017660910518053376 0.020024271844660192
0 0.2006475667189953 0.35224514563106796 0.02806122448979592 0.012742718446601941
0 0.23400706436420723 0.3619538834951456 0.048469387755102046 0.028519417475728153
0 0.2868916797488226 0.36301577669902907 0.06318681318681318 0.03003640776699029
0 0.3667582417582418 0.36240898058252424 0.09693877551020409 0.03003640776699029
0 0.45624018838304553 0.36407766990291257 0.05337519623233909 0.030339805825242715
0 0.17415620094191525 0.3756067961165048 0.03394819466248038 0.020631067961165046
0 0.2600078492935636 0.3834951456310679 0.0565149136577708 0.02973300970873786
0 0.31779827315541603 0.3907766990291262 0.040620094191522765 0.021844660194174755
0 0.375392464678179 0.3880461165048543 0.06711145996860284 0.02427184466019417
0 0.4470172684458399 0.3857706310679611 0.07025117739403454 0.020934466019417473
0 0.18730376766091053 0.4036711165048543 0.04689952904238619 0.01729368932038835
0 0.25058869701726844 0.4030643203883495 0.07456828885400314 0.028216019417475726
0 0.3488029827315542 0.4141383495145631 0.10145211930926218 0.03094660194174757
0 0.4387755102040817 0.41944781553398053 0.0859497645211931 0.040958737864077666
0 0.18514521193092623 0.42733616504854366 0.060243328100470964 0.02336165048543689
0 0.2320447409733124 0.43992718446601936 0.03865777080062795 0.02487864077669903
0 0.2664835164835165 0.4315837378640776 0.02786499215070644 0.01911407766990291
0 0.29395604395604397 0.43977548543689315 0.03453689167974883 0.028216019417475726
0 0.3543956043956044 0.4449332524271844 0.08516483516483517 0.0391383495145631
0 0.4430926216640503 0.44220266990291257 0.08437990580847725 0.03246359223300971
0 0.16817111459968603 0.45175970873786403 0.022370486656200943 0.03337378640776699
0 0.2219387755102041 0.4591929611650485 0.07025117739403454 0.028216019417475726
0 0.29552590266875983 0.4646541262135922 0.07496075353218211 0.033677184466019416
0 0.36038069073783363 0.47132888349514557 0.04925431711145997 0.0245752427184466
0 0.4342621664050236 0.4693567961165048 0.09497645211930927 0.03640776699029126
0 0.17160518053375198 0.4777002427184466 0.028453689167974885 0.022754854368932036
0 0.22311616954474098 0.48225121359223294 0.05180533751962324 0.02032766990291262
0 0.27207613814756676 0.4858919902912621 0.03708791208791209 0.016686893203883495
0 0.3120094191522763 0.4904429611650485 0.03767660910518054 0.031856796116504854
0 0.3694073783359498 0.496510922330097 0.06966248037676609 0.03853155339805825
0 0.44407378335949765 0.4924150485436893 0.07770800627943486 0.018810679611650484
0 0.20810439560439561 0.5145631067961165 0.050431711145996864 0.028519417475728153
0 0.2566718995290424 0.507129854368932 0.0521978021978022 0.027609223300970872
0 0.3046507064364207 0.5106189320388349 0.043759811616954476 0.016383495145631068
0 0.356063579277865 0.5198725728155339 0.05317896389324961 0.028216019417475726
0 0.42739403453689173 0.5107706310679612 0.08751962323390895 0.019720873786407765
0 0.2047684458398744 0.5310983009708737 0.07162480376766091 0.030643203883495142
0 0.2822802197802198 0.5389866504854368 0.061813186813186816 0.037924757281553395
0 0.3319270015698587 0.5365594660194174 0.03512558869701727 0.016686893203883495
0 0.410223704866562 0.5385315533980582 0.1022370486656201 0.04126213592233009
0 0.17651098901098902 0.5549150485436892 0.04689952904238619 0.02669902912621359
0 0.228414442700157 0.5591626213592232 0.05416012558869702 0.01820388349514563
0 0.2711930926216641 0.563258495145631 0.031789638932496075 0.015473300970873785
0 0.3044544740973313 0.5625 0.031200941915227633 0.020024271844660192
0 0.34654631083202514 0.5685679611650485 0.049843014128728415 0.0345873786407767
0 0.39089481946624804 0.5719053398058251 0.044348508634222926 0.032766990291262135
0 0.44662480376766095 0.5574939320388349 0.062401883830455265 0.02578883495145631
0 0.18014128728414444 0.5913228155339806 0.07182103610675039 0.03155339805825243
0 0.23685243328100472 0.5825242718446602 0.038461538461538464 0.018810679611650484
0 0.28748037676609106 0.5957220873786407 0.05886970172684459 0.029429611650485434
0 0.3336930926216641 0.596632281553398 0.03316326530612245 0.03307038834951456
0 0.37912087912087916 0.5935983009708737 0.05416012558869702 0.033677184466019416
0 0.44358320251177397 0.5907160194174756 0.07201726844583987 0.032766990291262135
0 0.18386970172684458 0.6172633495145631 0.06789638932496075 0.027609223300970872
0 0.2385204081632653 0.6125606796116504 0.03355572998430142 0.020631067961165046
0 0.2848312401883831 0.6160497572815533 0.03159340659340659 0.017900485436893203
0 0.33467425431711145 0.6246966019417475 0.045329670329670335 0.029126213592233007
0 0.3760792778649922 0.6168082524271844 0.03669544740973313 0.017597087378640776
0 0.4108124018838305 0.6158980582524272 0.03473312401883831 0.021844660194174755
0 0.4546703296703297 0.6140776699029126 0.04827315541601256 0.028519417475728153
0 0.17533359497645212 0.667627427184466 0.04336734693877551 0.030643203883495142
0 0.18190737833594978 0.6415351941747572 0.0565149136577708 0.029429611650485434
0 0.250392464678179 0.6416868932038834 0.07417582417582418 0.030339805825242715
0 0.30867346938775514 0.6468446601941747 0.047880690737833596 0.02973300970873786
0 0.3615580847723705 0.6480582524271844 0.059850863422292 0.03094660194174757
0 0.4125784929356358 0.6412317961165048 0.042582417582417584 0.03246359223300971
0 0.45643642072213503 0.6375910194174756 0.03767660910518054 0.021541262135922327
0 0.24430926216640503 0.6661104368932038 0.08281004709576138 0.020934466019417473
0 0.3026883830455259 0.6721783980582524 0.035518053375196236 0.021541262135922327
0 0.36332417582417587 0.6703580097087378 0.09517268445839874 0.03671116504854369
0 0.4526098901098901 0.6743021844660193 0.06573783359497645 0.03003640776699029
0 0.18298665620094193 0.6879550970873786 0.0260989010989011 0.02578883495145631
0 0.2334183673469388 0.6884101941747572 0.023351648351648352 0.01699029126213592
0 0.27207613814756676 0.6896237864077669 0.05239403453689168 0.01699029126213592
0 0.36018445839874413 0.6984223300970873 0.09478021978021979 0.030339805825242715
0 0.42464678178963894 0.6920509708737863 0.031397174254317116 0.020631067961165046
0 0.45702511773940346 0.6976638349514562 0.03296703296703297 0.030643203883495142
0 0.1833791208791209 0.715260922330097 0.05828100470957614 0.020934466019417473
0 0.3115188383045526 0.721632281553398 0.11244113029827316 0.02882281553398058
0 0.4288657770800628 0.7231492718446602 0.07594191522762951 0.029429611650485434
0 0.16405023547880693 0.7428701456310679 0.020800627943485087 0.020934466019417473
0 0.20300235478806908 0.7504550970873786 0.04925431711145997 0.03428398058252427
0 0.253041601255887 0.7510618932038834 0.0543563579277865 0.029429611650485434
0 0.31171507064364207 0.7499999999999999 0.061420722135007856 0.025485436893203883
0 0.3574372056514914 0.7559162621359222 0.03159340659340659 0.02882281553398058
0 0.4237637362637363 0.7437803398058251 0.10027472527472528 0.023968446601941744
0 0.18946232339089483 0.7771541262135921 0.08889324960753532 0.034890776699029125
0 0.2559850863422292 0.7680521844660193 0.042582417582417584 0.02882281553398058
0 0.30955651491365777 0.7739684466019416 0.056711145996860286 0.02669902912621359
0 0.3948194662480377 0.7759405339805825 0.11263736263736264 0.03549757281553398
0 0.4623233908948195 0.7710861650485437 0.019230769230769232 0.031856796116504854
0 0.16983908948194665 0.7949029126213591 0.030808477237048666 0.02427184466019417
0 0.21654238618524335 0.7996055825242718 0.03826530612244898 0.02214805825242718
0 0.27384222919937207 0.8077973300970873 0.07240973312401884 0.02882281553398058
0 0.39020800627943486 0.8058252427184466 0.1630690737833595 0.04490291262135922
0 0.17435243328100472 0.8319174757281552 0.0543563579277865 0.029126213592233007
0 0.23116169544740975 0.8256978155339805 0.0620094191522763 0.027002427184466018
0 0.2815934065934066 0.8282766990291262 0.036891679748822605 0.02245145631067961
0 0.33055337519623235 0.8293385922330097 0.05906593406593407 0.017900485436893203
0 0.3957025117739404 0.8323725728155339 0.07240973312401884 0.03549757281553398
0 0.45790816326530615 0.8325242718446602 0.050431711145996864 0.02245145631067961
0 0.1707221350078493 0.8475424757281552 0.033751962323390894 0.02336165048543689
0 0.20731946624803768 0.8522451456310679 0.03316326530612245 0.019417475728155338
0 0.25853610675039246 0.8527002427184466 0.0641679748822606 0.023968446601941744
0 0.3396781789638933 0.8596783980582523 0.08437990580847725 0.031249999999999997
0 0.41355965463108324 0.8557342233009708 0.05945839874411303 0.02336165048543689
0 0.46507064364207223 0.8658980582524272 0.03728414442700157 0.0345873786407767
0 0.16817111459968603 0.8748483009708737 0.030612244897959186 0.026395631067961164
0 0.1991758241758242 0.8789441747572815 0.02433281004709576 0.0212378640776699
0 0.253041601255887 0.8847087378640776 0.04101255886970173 0.0345873786407767
0 0.30994897959183676 0.8880461165048543 0.06770015698587127 0.03337378640776699
0 0.3565541601255887 0.8959344660194174 0.033751962323390894 0.030339805825242715
0 0.43602825745682894 0.8944174757281552 0.04356357927786499 0.02669902912621359
0 0.26756279434850866 0.9080703883495145 0.04650706436420722 0.017597087378640776
0 0.3094583987441131 0.9114077669902911 0.022370486656200943 0.019417475728155338
0 0.3448783359497645 0.9132281553398057 0.04611459968602826 0.02669902912621359
0 0.4118916797488226 0.9206614077669902 0.08830455259026689 0.03671116504854369
0 0.5989992150706437 0.06871966019417475 0.032378335949764525 0.019720873786407765
0 0.6491365777080064 0.0691747572815534 0.059654631083202514 0.02487864077669903
0 0.7089874411302983 0.0737257281553398 0.059262166405023554 0.02427184466019417
0 0.7910125588697018 0.06689927184466019 0.033751962323390894 0.01729368932038835
0 0.821232339089482 0.06341019417475728 0.02590266875981162 0.019417475728155338
0 0.881868131868132 0.06780946601941747 0.0663265306122449 0.03307038834951456
0 0.6226452119309263 0.0939016990291262 0.03296703296703297 0.016686893203883495
0 0.695839874411303 0.08950242718446601 0.07260596546310832 0.020631067961165046
0 0.77276295133438 0.09117111650485436 0.07182103610675039 0.029429611650485434
0 0.8632260596546312 0.08328276699029126 0.03296703296703297 0.015473300970873785
0 0.8966836734693878 0.08237257281553398 0.03316326530612245 0.013046116504854368
0 0.5926216640502355 0.11316747572815533 0.023155416012558872 0.016383495145631068
0 0.6230376766091053 0.11256067961165048 0.033751962323390894 0.023665048543689317
0 0.6677786499215072 0.11635315533980581 0.052590266875981166 0.03003640776699029
0 0.7137951334379906 0.11847694174757281 0.03630298273155416 0.030643203883495142
0 0.7492150706436421 0.10983009708737863 0.029434850863422294 0.019417475728155338
0 0.7850274725274726 0.11453276699029125 0.03865777080062795 0.031856796116504854
0 0.8257456828885401 0.10800970873786407 0.04042386185243328 0.023665048543689317
0 0.8605769230769231 0.10618932038834951 0.02806122448979592 0.01820388349514563
0 0.8944270015698588 0.10027305825242717 0.0380690737833595 0.021541262135922327
0 0.6066522762951335 0.13516383495145629 0.059850863422292 0.026395631067961164
0 0.652668759811617 0.13774271844660194 0.031789638932496075 0.020024271844660192
0 0.7079081632653061 0.1386529126213592 0.03002354788069074 0.019417475728155338
0 0.8091640502354789 0.13470873786407767 0.04611459968602826 0.025485436893203883
0 0.862146781789639 0.13000606796116504 0.04415227629513344 0.01911407766990291
0 0.6052786499215072 0.15989077669902912 0.04415227629513344 0.0212378640776699
0 0.6501177394034537 0.1621662621359223 0.03218210361067504 0.016686893203883495
0 0.6768053375196232 0.15928398058252427 0.020408163265306124 0.023665048543689317
0 0.7123233908948196 0.1711165048543689 0.0521978021978022 0.030339805825242715
0 0.7712912087912088 0.15989077669902912 0.03355572998430142 0.021844660194174755
0 0.8166208791208792 0.16550364077669902 0.05514128728414443 0.027002427184466018
0 0.877649136577708 0.16246966019417475 0.07358712715855574 0.03853155339805825
0 0.6493328100470958 0.18901699029126212 0.06946624803767662 0.035800970873786406
0 0.7343014128728415 0.1922026699029126 0.06789638932496075 0.02214805825242718
0 0.7937598116169545 0.19417475728155337 0.041601255886970175 0.03944174757281553
0 0.8459576138147568 0.18188713592233008 0.059654631083202514 0.022754854368932036
0 0.8948194662480378 0.18279733009708737 0.03571428571428572 0.01911407766990291
0 0.6061616954474097 0.2101031553398058 0.04591836734693878 0.01911407766990291
0 0.6629709576138147 0.22208737864077668 0.04415227629513344 0.03337378640776699
0 0.6990777080062794 0.2134405339805825 0.02413657770800628 0.019720873786407765
0 0.7497056514913658 0.21920509708737862 0.07594191522762951 0.031856796116504854
0 0.8188775510204082 0.21966019417475727 0.05376766091051806 0.03640776699029126
0 0.8804945054945056 0.22041868932038833 0.0620094191522763 0.03610436893203883
0 0.6025313971742543 0.23938106796116504 0.047291993720565154 0.026092233009708737
0 0.6624803767660911 0.24438713592233008 0.05533751962323391 0.029429611650485434
0 0.7197802197802198 0.24438713592233008 0.054552590266875985 0.023968446601941744
0 0.7656004709576139 0.25182038834951453 0.03944270015698587 0.03337378640776699
0 0.8085753532182104 0.24287014563106793 0.04140502354788069 0.02336165048543689
0 0.8797095761381476 0.24635922330097085 0.07378335949764521 0.018810679611650484
0 0.6175431711145998 0.26881067961165045 0.029827315541601257 0.02487864077669903
0 0.6642464678178964 0.27305825242718446 0.060832025117739406 0.037014563106796114
0 0.7570643642072213 0.27229975728155337 0.03218210361067504 0.021541262135922327
0 0.7952315541601256 0.27639563106796117 0.04179748822605966 0.03640776699029126
0 0.8427197802197802 0.27214805825242716 0.06063579277864992 0.0212378640776699
0 0.6487441130298274 0.3114381067961165 0.05729984301412873 0.033677184466019416
0 0.7140894819466248 0.3062803398058252 0.07456828885400314 0.0391383495145631
0 0.7796310832025118 0.3106796116504854 0.044740973312401885 0.03216019417475728
0 0.8541012558869702 0.30552184466019416 0.09948979591836735 0.04672330097087378
0 0.6356946624803768 0.3405643203883495 0.04493720565149137 0.03549757281553398
0 0.6977040816326531 0.33115898058252424 0.07868916797488226 0.0245752427184466
0 0.7737441130298274 0.3305521844660194 0.06711145996860284 0.037924757281553395
0 0.8605769230769231 0.32979368932038833 0.10184458398744113 0.03822815533980582
0 0.6078296703296704 0.36802184466019416 0.0641679748822606 0.03519417475728155
0 0.6686616954474097 0.35800970873786403 0.05749607535321821 0.032766990291262135
0 0.7294937205651492 0.36149878640776695 0.07123233908948196 0.037924757281553395
0 0.8135792778649922 0.3552791262135922 0.09183673469387756 0.019417475728155338
0 0.6139128728414444 0.39183859223300965 0.06495290423861853 0.04277912621359223
0 0.6701334379905809 0.38925970873786403 0.052982731554160126 0.03216019417475728
0 0.7265502354788069 0.3877427184466019 0.06299058084772372 0.03762135922330097
0 0.8033751962323391 0.3872876213592233 0.08634222919937207 0.03428398058252427
0 0.8844191522762952 0.3819781553398058 0.06750392464678179 0.04126213592233009
0 0.6147959183673469 0.41080097087378636 0.057692307692307696 0.01699029126213592
0 0.6621860282574569 0.4168689320388349 0.03708791208791209 0.026092233009708737
0 0.7200745682888541 0.4056432038834951 0.07554945054945056 0.02427184466019417
0 0.7848312401883831 0.4056432038834951 0.0445447409733124 0.01820388349514563
0 0.8282967032967034 0.40624999999999994 0.03453689167974883 0.03155339805825243
0 0.8823587127158556 0.40488470873786403 0.07201726844583987 0.01729368932038835
0 0.5970368916797488 0.4355279126213592 0.030416012558869703 0.02336165048543689
0 0.6388343799058085 0.43173543689320387 0.04964678178963894 0.018810679611650484
0 0.6831828885400314 0.4276395631067961 0.03198587127158556 0.023968446601941744
0 0.7113422291993721 0.4300667475728155 0.019623233908948195 0.019720873786407765
0 0.7438186813186813 0.4309769417475728 0.045722135007849295 0.025182038834951456
0 0.7854199372056515 0.426881067961165 0.035910518053375196 0.020024271844660192
0 0.8645015698587127 0.42293689320388345 0.09438775510204082 0.019417475728155338
0 0.6053767660910518 0.45706917475728154 0.0423861852433281 0.026395631067961164
0 0.6725863422291994 0.4494842233009708 0.05160910518053376 0.020934466019417473
0 0.7300824175824177 0.4475121359223301 0.061420722135007856 0.01820388349514563
0 0.7902276295133438 0.44265776699029125 0.05416012558869702 0.019417475728155338
0 0.8384026687598116 0.44159587378640774 0.040620094191522765 0.017900485436893203
0 0.8874607535321821 0.4453883495145631 0.03787284144427002 0.027305825242718445
0 0.6075353218210361 0.47648665048543687 0.05337519623233909 0.030643203883495142
0 0.6509026687598116 0.47330097087378636 0.033751962323390894 0.030339805825242715
0 0.7004513343799058 0.46738470873786403 0.06495290423861853 0.021541262135922327
0 0.7460753532182104 0.46541262135922323 0.022370486656200943 0.011529126213592231
0 0.7748233908948196 0.47011529126213586 0.030416012558869703 0.022754854368932036
0 0.8178963893249608 0.4617718446601941 0.020800627943485087 0.0212378640776699
0 0.8554748822605966 0.4611650485436893 0.0500392464678179 0.01820388349514563
0 0.894721350078493 0.4658677184466019 0.03630298273155416 0.025182038834951456
0 0.6031200941915228 0.4959041262135922 0.03473312401883831 0.02578883495145631
0 0.6710164835164836 0.48786407766990286 0.05710361067503925 0.023058252427184463
0 0.8014128728414444 0.48619538834951453 0.05612244897959184 0.025182038834951456
0 0.8509615384615385 0.4827063106796116 0.03944270015698587 0.021844660194174755
0 0.8832417582417583 0.4784587378640776 0.022762951334379906 0.01699029126213592
0 0.9037480376766092 0.48467839805825236 0.02374411302982732 0.028216019417475726
0 0.617445054945055 0.518507281553398 0.0641679748822606 0.03398058252427184
0 0.6781789638932496 0.5065230582524272 0.04866562009419152 0.0245752427184466
0 0.73675431711146 0.5116808252427184 0.07005494505494506 0.03003640776699029
0 0.8006279434850864 0.5068264563106796 0.05337519623233909 0.023968446601941744
0 0.8593995290423863 0.5068264563106796 0.06102825745682889 0.031249999999999997
0 0.6204866562009419 0.536256067961165 0.06475667189952905 0.02032766990291262
0 0.5243328100470958 0.6975121359223301 0.04709576138147567 0.030339805825242715
0 0.5737833594976453 0.6935679611650485 0.05062794348508635 0.01820388349514563
0 0.5366954474097332 0.7210254854368932 0.07299843014128729 0.02882281553398058
0 0.5339481946624804 0.8930521844660193 0.05494505494505495 0.018507281553398057
0 0.5718210361067504 0.8929004854368932 0.022762951334379906 0.019417475728155338
0 0.5258045525902669 0.9144417475728155 0.04493720565149137 0.0212378640776699
0 0.5658359497645212 0.9064016990291262 0.035910518053375196 0.013652912621359222
0 0.5255102040816327 0.9288531553398057 0.04120879120879121 0.019720873786407765
0 0.5696624803767661 0.9202063106796116 0.03571428571428572 0.016383495145631068
0 0.5475863422291994 0.9343143203883494 0.03355572998430142 0.01486650485436893
0 0.5809458398744113 0.9327973300970873 0.02374411302982732 0.017900485436893203
0 0.5256083202511774 0.9514563106796116 0.03865777080062795 0.016383495145631068
0 0.571232339089482 0.9469053398058251 0.05180533751962324 0.017597087378640776
0 0.5253139717425432 0.9658677184466019 0.04003139717425432 0.012439320388349514
0 0.5679945054945055 0.9664745145631067 0.04768445839874411 0.020934466019417473
0 0.6291208791208791 0.8756067961165048 0.08830455259026689 0.0703883495145631
0 0.6483516483516484 0.9235436893203882 0.05808477237048666 0.04368932038834951
