0 0.1788657770800628 0.09071601941747572 0.035910518053375196 0.0345873786407767
0 0.25264913657770804 0.08919902912621358 0.10890894819466249 0.03944174757281553
0 0.36293171114599687 0.09466019417475727 0.10812401883830455 0.04065533980582524
0 0.459085557299843 0.09572208737864077 0.06299058084772372 0.04277912621359223
0 0.20839874411302983 0.11787014563106796 0.0816326530612245 0.040958737864077666
0 0.29071821036106754 0.12454490291262135 0.06377551020408163 0.03428398058252427
0 0.35086342229199374 0.1284890776699029 0.05572998430141288 0.03246359223300971
0 0.4143445839874412 0.12135922330097086 0.07005494505494506 0.01820388349514563
0 0.47125196232339095 0.12120752427184465 0.03630298273155416 0.016686893203883495
0 0.19289638932496075 0.14016990291262135 0.05533751962323391 0.025485436893203883
0 0.25245290423861855 0.14957524271844658 0.06299058084772372 0.032766990291262135
0 0.3228021978021978 0.15685679611650485 0.08673469387755102 0.03337378640776699
0 0.38628335949764525 0.1476031553398058 0.03630298273155416 0.015473300970873785
0 0.4479984301412873 0.14927184466019416 0.08791208791208792 0.03822815533980582
0 0.1898547880690738 0.17824635922330095 0.059850863422292 0.04035194174757281
0 0.307201726844584 0.17703276699029125 0.030808477237048666 0.03853155339805825
0 0.35321821036106754 0.17445388349514562 0.05102040816326531 0.01820388349514563
0 0.40041208791208793 0.17354368932038833 0.03865777080062795 0.01820388349514563
0 0.4573194662480377 0.17187499999999997 0.06887755102040817 0.022754854368932036
0 0.18445839874411304 0.20479368932038833 0.03100470957613815 0.02669902912621359
0 0.24224882260596547 0.21070995145631066 0.05474882260596547 0.03549757281553398
0 0.3067111459968603 0.20646237864077668 0.04081632653061225 0.018507281553398057
0 0.35861459968602827 0.2090412621359223 0.07005494505494506 0.03762135922330097
0 0.45643642072213503 0.2055521844660194 0.06004709576138148 0.04702669902912621
0 0.18602825745682888 0.245752427184466 0.05416012558869702 0.0345873786407767
0 0.26344191522762955 0.24529733009708735 0.10890894819466249 0.043992718446601936
0 0.3835361067503925 0.24074635922330095 0.1273547880690738 0.03731796116504854
0 0.4655612244897959 0.23634708737864077 0.05239403453689168 0.038834951456310676
0 0.21016483516483517 0.26941747572815533 0.0847723704866562 0.023665048543689317
0 0.28335949764521196 0.2638046116504854 0.05376766091051806 0.02032766990291262
0 0.3358516483516484 0.2692657766990291 0.05474882260596547 0.027002427184466018
0 0.4069858712715856 0.25986043689320387 0.07417582417582418 0.020934466019417473
0 0.20202119309262168 0.2956614077669903 0.06809262166405024 0.02578883495145631
0 0.26589481946624804 0.30430825242718446 0.06475667189952905 0.043082524271844655
0 0.3405612244897959 0.2956614077669903 0.06652276295133439 0.03610436893203883
0 0.41071428571428575 0.28640776699029125 0.049450549450549455 0.02427184466019417
0 0.4611459968602826 0.28974514563106796 0.04552590266875981 0.037014563106796114
0 0.19554552590266877 0.33297936893203883 0.08496860282574568 0.04338592233009708
0 0.27237048665620095 0.3226638349514563 0.05808477237048666 0.026395631067961164
0 0.3474293563579278 0.33085558252427183 0.07868916797488226 0.03731796116504854
0 0.43779434850863425 0.3161407766990291 0.09183673469387756 0.030339805825242715
0 0.18131868131868134 0.3574029126213592 0.026687598116169546 0.01699029126213592
0 0.25372841444270017 0.3555825242718446 0.1043956043956044 0.037014563106796114
0 0.3382064364207222 0.3533070388349514 0.058673469387755105 0.020934466019417473
0 0.4387755102040817 0.3451152912621359 0.10792778649921508 0.029429611650485434
0 0.19024725274725277 0.3807645631067961 0.0402276295133438 0.02669902912621359
0 0.26206828885400313 0.3857706310679611 0.10027472527472528 0.03610436893203883
0 0.33457613814756676 0.38046116504854366 0.039638932496075356 0.019417475728155338
0 0.40688775510204084 0.3868325242718446 0.07554945054945056 0.05157766990291262
0 0.1936813186813187 0.4144417475728155 0.060832025117739406 0.03337378640776699
0 0.2638343799058085 0.41504854368932037 0.07397959183673469 0.03337378640776699
0 0.32986656200941916 0.4132281553398058 0.06357927786499215 0.03519417475728155
0 0.4019819466248038 0.4077669902912621 0.07711930926216641 0.025485436893203883
0 0.18210361067503925 0.44265776699029125 0.0282574568288854 0.023058252427184463
0 0.23390894819466249 0.4459951456310679 0.06671899529042387 0.02487864077669903
0 0.3256475667189953 0.4500910194174757 0.08653846153846155 0.04156553398058252
0 0.39393642072213503 0.4367415048543689 0.04650706436420722 0.028216019417475726
0 0.4386773940345369 0.43643810679611644 0.03944270015698587 0.029429611650485434
0 0.20427786499215073 0.4748179611650485 0.07299843014128729 0.02669902912621359
0 0.2724686028257457 0.48316140776699024 0.06887755102040817 0.034890776699029125
0 0.35861459968602827 0.4777002427184466 0.09517268445839874 0.05127427184466019
0 0.445839874411303 0.47512135922330095 0.09458398744113031 0.04854368932038834
0 0.19034536891679749 0.5015169902912621 0.044348508634222926 0.02487864077669903
0 0.2623626373626374 0.5018203883495145 0.0890894819466248 0.030339805825242715
0 0.3518445839874412 0.5042475728155339 0.05416012558869702 0.02487864077669903
0 0.4227825745682889 0.4949939320388349 0.08575353218210362 0.03307038834951456
0 0.21134222919937207 0.5323118932038835 0.07967032967032968 0.03003640776699029
0 0.2822802197802198 0.5392900485436892 0.05945839874411303 0.03853155339805825
0 0.33124018838304553 0.5318567961165048 0.03257456828885401 0.020024271844660192
0 0.385989010989011 0.5268507281553397 0.06946624803767662 0.023968446601941744
0 0.4493720565149137 0.5342839805825242 0.0706436420722135 0.040048543689320384
0 0.2229199372056515 0.5652305825242718 0.10753532182103612 0.04186893203883495
0 0.3024921507064364 0.5702366504854368 0.059850863422292 0.03610436893203883
0 0.3469387755102041 0.5584041262135921 0.02590266875981162 0.01911407766990291
0 0.3936420722135008 0.5596177184466019 0.03296703296703297 0.022754854368932036
0 0.44907770800627944 0.5599211165048543 0.06809262166405024 0.03307038834951456
0 0.17680533751962324 0.5940533980582524 0.03532182103610675 0.02973300970873786
0 0.21771978021978022 0.5893507281553397 0.04964678178963894 0.02882281553398058
0 0.27325353218210363 0.5899575242718446 0.061813186813186816 0.017900485436893203
0 0.312892464678179 0.5843446601941747 0.019427001569858715 0.02669902912621359
0 0.3407574568288854 0.5951152912621359 0.04964678178963894 0.034890776699029125
0 0.3979591836734694 0.5896541262135921 0.062401883830455265 0.022754854368932036
0 0.19672291993720567 0.6142293689320388 0.05749607535321821 0.020934466019417473
0 0.2559850863422292 0.6221177184466019 0.06966248037676609 0.04156553398058252
0 0.32309654631083207 0.616504854368932 0.06259811616954475 0.01820388349514563
0 0.3861852433281005 0.6216626213592232 0.07417582417582418 0.03762135922330097
0 0.4503532182103611 0.6224211165048543 0.06828885400313972 0.031856796116504854
0 0.19593799058084774 0.6468446601941747 0.04964678178963894 0.04368932038834951
0 0.2739403453689168 0.6497269417475727 0.09850863422291994 0.034890776699029125
0 0.37509811616954475 0.6485133495145631 0.05945839874411303 0.02336165048543689
0 0.42111459968602827 0.6433555825242718 0.03021978021978022 0.020934466019417473
0 0.45859497645211933 0.6495752427184466 0.05494505494505495 0.030339805825242715
0 0.21026295133437992 0.681128640776699 0.08300627943485087 0.043082524271844655
0 0.28836342229199374 0.6699029126213591 0.05749607535321821 0.026092233009708737
0 0.35782967032967034 0.6774878640776698 0.07397959183673469 0.03519417475728155
0 0.4292582417582418 0.6746055825242718 0.05396389324960754 0.023968446601941744
0 0.4745879120879121 0.6765776699029126 0.035910518053375196 0.030339805825242715
0 0.1810243328100471 0.7011529126213591 0.027668759811616955 0.03094660194174757
0 0.22085949764521196 0.7063106796116504 0.05121664050235479 0.029126213592233007
0 0.29317111459968603 0.7097997572815533 0.09105180533751962 0.03610436893203883
0 0.3622448979591837 0.7178398058252426 0.06043956043956044 0.03822815533980582
0 0.4227825745682889 0.7028216019417475 0.0543563579277865 0.03003640776699029
0 0.4666405023547881 0.7134405339805825 0.0565149136577708 0.037924757281553395
0 0.19044348508634223 0.7327063106796116 0.04297488226059655 0.025485436893203883
0 0.2360675039246468 0.7328580097087378 0.04395604395604396 0.02214805825242718
0 0.2979788069073784 0.7442354368932038 0.06809262166405024 0.030339805825242715
0 0.36430533751962324 0.7428701456310679 0.05906593406593407 0.03731796116504854
0 0.4249411302982732 0.7355885922330097 0.05945839874411303 0.0391383495145631
0 0.1968210361067504 0.7715412621359222 0.08516483516483517 0.04429611650485436
0 0.285223704866562 0.7712378640776698 0.06927001569858714 0.030339805825242715
0 0.3387951334379906 0.7653216019417475 0.034340659340659344 0.017900485436893203
0 0.38559654631083207 0.7653216019417475 0.031397174254317116 0.018507281553398057
0 0.44515306122448983 0.7701759708737863 0.0990973312401884 0.03428398058252427
0 0.1925039246467818 0.7891383495145631 0.04552590266875981 0.023058252427184463
0 0.23645996860282575 0.7885315533980581 0.0423861852433281 0.027305825242718445
0 0.30435635792778654 0.7871662621359222 0.031397174254317116 0.023968446601941744
0 0.3730376766091052 0.7939927184466019 0.10204081632653061 0.03822815533980582
0 0.4603610675039247 0.792627427184466 0.06907378335949765 0.03610436893203883
0 0.18818681318681318 0.813258495145631 0.03257456828885401 0.0245752427184466
0 0.22311616954474098 0.8255461165048543 0.060832025117739406 0.03944174757281553
0 0.2891483516483517 0.8278216019417475 0.07397959183673469 0.034890776699029125
0 0.3515502354788069 0.8209951456310679 0.052001569858712716 0.03640776699029126
0 0.4072802197802198 0.813258495145631 0.048861852433281006 0.02032766990291262
0 0.45830062794348514 0.8223604368932038 0.0684850863422292 0.03671116504854369
0 0.29945054945054944 0.8533070388349514 0.04748822605965464 0.031249999999999997
0 0.3717621664050236 0.8486043689320387 0.11047880690737834 0.04854368932038834
0 0.4724293563579278 0.8454186893203883 0.04611459968602826 0.03974514563106796
0 0.21487441130298274 0.8775788834951456 0.08398744113029828 0.037924757281553395
0 0.2999411302982732 0.880006067961165 0.08457613814756672 0.03307038834951456
0 0.37764913657770804 0.8844053398058251 0.05906593406593407 0.03398058252427184
0 0.459085557299843 0.8749999999999999 0.06299058084772372 0.03337378640776699
0 0.2255690737833595 0.9095873786407767 0.03355572998430142 0.02487864077669903
0 0.26089089481946626 0.9138349514563106 0.03394819466248038 0.035800970873786406
0 0.29591836734693877 0.9064016990291262 0.03414442700156986 0.025182038834951456
0 0.3425235478806908 0.9094356796116504 0.04650706436420722 0.021541262135922327
0 0.39540816326530615 0.9139866504854368 0.05690737833594977 0.04945388349514563
0 0.46075353218210363 0.9098907766990291 0.07142857142857144 0.04550970873786407
0 0.6135204081632654 0.08646844660194174 0.05121664050235479 0.01820388349514563
0 0.676510989010989 0.09799757281553398 0.061813186813186816 0.038834951456310676
0 0.7472527472527473 0.08722694174757281 0.0804552590266876 0.019720873786407765
0 0.834870486656201 0.08737864077669902 0.0912480376766091 0.04126213592233009
0 0.8956043956043956 0.08798543689320387 0.043171114599686033 0.0424757281553398
0 0.6048861852433282 0.11756674757281553 0.05474882260596547 0.045206310679611644
0 0.6539442700156987 0.11301577669902911 0.0402276295133438 0.02336165048543689
0 0.7232142857142858 0.11832524271844659 0.09988226059654631 0.04065533980582524
0 0.8028846153846154 0.1128640776699029 0.03316326530612245 0.018810679611650484
0 0.8449764521193093 0.11802184466019416 0.04748822605965464 0.03944174757281553
0 0.6118524332810047 0.13258495145631066 0.04748822605965464 0.0279126213592233
0 0.6573783359497646 0.13895631067961164 0.036499215070643645 0.019417475728155338
0 0.6884811616954475 0.14108009708737862 0.02099686028257457 0.020631067961165046
0 0.7215463108320251 0.15078883495145629 0.05612244897959184 0.03398058252427184
0 0.783359497645212 0.13577063106796114 0.06397174254317112 0.02578883495145631
0 0.8523351648351649 0.13501213592233008 0.05239403453689168 0.023665048543689317
0 0.6065541601255887 0.16004247572815533 0.036891679748822605 0.025182038834951456
0 0.668956043956044 0.17141990291262135 0.08084772370486656 0.04550970873786407
0 0.73675431711146 0.17050970873786406 0.05592621664050236 0.028519417475728153
0 0.8086734693877552 0.1642900485436893 0.06436420722135008 0.0245752427184466
0 0.8834379905808478 0.16656553398058252 0.05416012558869702 0.028519417475728153
0 0.6005690737833596 0.20388349514563106 0.05828100470957614 0.03762135922330097
0 0.644328885400314 0.19493325242718446 0.026491365777080063 0.01911407766990291
0 0.6850470957613816 0.19629854368932037 0.02511773940345369 0.023058252427184463
0 0.7410714285714286 0.19387135922330095 0.025313971742543174 0.020024271844660192
0 0.7857142857142858 0.19675364077669902 0.059262166405023554 0.02032766990291262
0 0.8735282574568289 0.1987257281553398 0.0881083202511774 0.035800970873786406
0 0.6059654631083203 0.22102548543689318 0.03767660910518054 0.016686893203883495
0 0.6424646781789639 0.22421116504854366 0.027472527472527476 0.015776699029126214
0 0.6775902668759812 0.2233009708737864 0.04199372056514914 0.028519417475728153
0 0.791306907378336 0.22603155339805822 0.08732339089481947 0.02669902912621359
0 0.854591836734694 0.2267900485436893 0.039638932496075356 0.02032766990291262
0 0.6211734693877551 0.2503033980582524 0.07397959183673469 0.03337378640776699
0 0.7006475667189953 0.26077063106796117 0.07201726844583987 0.026395631067961164
0 0.7690345368916798 0.25879854368932037 0.030612244897959186 0.015776699029126214
0 0.8247645211930926 0.25455097087378636 0.0847723704866562 0.04065533980582524
0 0.6194073783359498 0.28610436893203883 0.07280219780219781 0.04429611650485436
0 0.690541601255887 0.2894417475728155 0.06554160125588697 0.029126213592233007
0 0.7547095761381476 0.2880764563106796 0.05612244897959184 0.02578883495145631
0 0.7974882260596546 0.28610436893203883 0.027472527472527476 0.01820388349514563
0 0.8365384615384616 0.28549757281553395 0.043171114599686033 0.019417475728155338
0 0.8788265306122449 0.28898665048543687 0.050431711145996864 0.03549757281553398
0 0.6231357927786499 0.3161407766990291 0.07594191522762951 0.025485436893203883
0 0.6860282574568289 0.3273665048543689 0.06043956043956044 0.03216019417475728
0 0.7495094191522763 0.3264563106796116 0.07044740973312402 0.03822815533980582
0 0.8164246467817897 0.31447208737864074 0.056711145996860286 0.03671116504854369
0 0.8745094191522763 0.3137135922330097 0.06534536891679749 0.04065533980582524
0 0.5984105180533752 0.3528519417475728 0.03708791208791209 0.03094660194174757
0 0.6478610675039247 0.3505764563106796 0.055533751962323394 0.02214805825242718
0 0.6948587127158556 0.3552791262135922 0.04003139717425432 0.02973300970873786
0 0.7369505494505495 0.34572208737864074 0.04493720565149137 0.022754854368932036
0 0.7768838304552591 0.3390473300970874 0.03218210361067504 0.027609223300970872
0 0.8267268445839875 0.3452669902912621 0.06043956043956044 0.03337378640776699
0 0.8876569858712716 0.3401092233009708 0.06652276295133439 0.02669902912621359
0 0.6130298273155417 0.3710558252427184 0.05062794348508635 0.03094660194174757
0 0.6974097331240189 0.3859223300970873 0.0620094191522763 0.03519417475728155
0 0.756083202511774 0.38030946601941745 0.04591836734693878 0.012439320388349514
0 0.8812794348508635 0.3756067961165048 0.07849293563579278 0.04065533980582524
0 0.6171507064364208 0.4121662621359223 0.05729984301412873 0.02214805825242718
0 0.6620879120879122 0.41186286407766987 0.028649921507064365 0.02336165048543689
0 0.7594191522762952 0.40624999999999994 0.1000784929356358 0.02427184466019417
0 0.8418367346938777 0.4132281553398058 0.07810047095761381 0.04368932038834951
0 0.614403453689168 0.43977548543689315 0.052590266875981166 0.02882281553398058
0 0.6617935635792779 0.4516080097087378 0.035910518053375196 0.027002427184466018
0 0.731848508634223 0.44053398058252424 0.048469387755102046 0.01820388349514563
0 0.7745290423861853 0.43765169902912615 0.03021978021978022 0.025182038834951456
0 0.8054356357927787 0.4334041262135922 0.027668759811616955 0.026395631067961164
0 0.8353610675039247 0.43613470873786403 0.03021978021978022 0.01729368932038835
0 0.8822605965463108 0.4279429611650485 0.059262166405023554 0.033677184466019416
0 0.6138147566718996 0.47239077669902907 0.05533751962323391 0.0212378640776699
0 0.6619897959183674 0.4767900485436893 0.022174254317111463 0.019720873786407765
0 0.6964285714285715 0.4792172330097087 0.04513343799058085 0.03003640776699029
0 0.7919937205651492 0.4702669902912621 0.14285714285714288 0.0424757281553398
0 0.8892268445839875 0.45843446601941745 0.0402276295133438 0.018810679611650484
0 0.6105769230769231 0.5118325242718447 0.05474882260596547 0.03944174757281553
0 0.6749411302982732 0.509253640776699 0.0641679748822606 0.025182038834951456
0 0.7707025117739403 0.49969660194174753 0.02806122448979592 0.015169902912621358
0 0.8135792778649922 0.4954490291262135 0.04905808477237049 0.023665048543689317
0 0.8592032967032968 0.48634708737864074 0.0402276295133438 0.023665048543689317
0 0.900019623233909 0.48422330097087374 0.03944270015698587 0.02245145631067961
0 0.6015502354788069 0.5370145631067961 0.03316326530612245 0.0345873786407767
0 0.6411891679748823 0.53125 0.045329670329670335 0.019417475728155338
0 0.6963304552590267 0.5274575242718447 0.059850863422292 0.021541262135922327
0 0.7650117739403454 0.5221480582524272 0.07751177394034538 0.023058252427184463
0 0.8243720565149137 0.5224514563106796 0.03924646781789639 0.016383495145631068
0 0.8586145996860283 0.5153216019417475 0.030808477237048666 0.021541262135922327
0 0.9085557299843015 0.5172936893203883 0.027472527472527476 0.029126213592233007
0 0.655317896389325 0.5685679611650485 0.04101255886970173 0.03216019417475728
0 0.6998626373626374 0.5564320388349514 0.04611459968602826 0.027305825242718445
0 0.7761970172684459 0.5514259708737863 0.06259811616954475 0.029429611650485434
0 0.8998233908948196 0.5377730582524272 0.025313971742543174 0.02578883495145631
0 0.6018445839874411 0.5843446601941747 0.02433281004709576 0.027305825242718445
0 0.6460949764521193 0.5893507281553397 0.06299058084772372 0.0245752427184466
0 0.7099686028257457 0.594508495145631 0.07653061224489796 0.03246359223300971
0 0.7932692307692308 0.5902609223300971 0.09281789638932497 0.03731796116504854
0 0.8914835164835165 0.5735740291262136 0.046703296703296704 0.03003640776699029
0 0.6017464678178964 0.6166565533980582 0.019427001569858715 0.01911407766990291
0 0.6290227629513344 0.6118021844660194 0.02806122448979592 0.01486650485436893
0 0.6687598116169545 0.6092233009708737 0.047880690737833596 0.018810679611650484
0 0.706828885400314 0.610133495145631 0.03218210361067504 0.032766990291262135
0 0.7978806907378336 0.6046723300970873 0.017660910518053376 0.015776699029126214
0 0.8302590266875982 0.6036104368932038 0.043171114599686033 0.03428398058252427
0 0.8887362637362638 0.5995145631067961 0.07339089481946626 0.02487864077669903
0 0.6030219780219781 0.6371359223300971 0.02511773940345369 0.01395631067961165
0 0.6175431711145998 0.6268203883495145 0.01805337519623234 0.015776699029126214
0 0.666306907378336 0.6353155339805825 0.09360282574568289 0.023665048543689317
0 0.7405808477237049 0.630006067961165 0.04513343799058085 0.021541262135922327
0 0.8026883830455259 0.6350121359223301 0.07083987441130299 0.02973300970873786
0 0.8654827315541602 0.6265169902912621 0.053571428571428575 0.04126213592233009
0 0.9064952904238619 0.6262135922330097 0.025313971742543174 0.027305825242718445
0 0.6402080062794349 0.6644417475728155 0.10969387755102042 0.03640776699029126
0 0.7290031397174255 0.6589805825242718 0.031397174254317116 0.018810679611650484
0 0.788657770800628 0.661256067961165 0.029434850863422294 0.023968446601941744
0 0.8247645211930926 0.6485133495145631 0.02708006279434851 0.022754854368932036
