0 0.21987833594976453 0.07493932038834951 0.050431711145996864 0.02245145631067961
0 0.2701138147566719 0.07949029126213591 0.047291993720565154 0.017597087378640776
0 0.3301609105180534 0.07615291262135922 0.06299058084772372 0.0212378640776699
0 0.38108320251177397 0.08131067961165048 0.04199372056514914 0.02487864077669903
0 0.4210164835164835 0.08252427184466019 0.03355572998430142 0.02487864077669903
0 0.46487441130298274 0.07418082524271843 0.05102040816326531 0.020934466019417473
0 0.17945447409733126 0.09921116504854369 0.022566718995290426 0.01395631067961165
0 0.21359890109890112 0.09632888349514562 0.043759811616954476 0.019720873786407765
0 0.25873233908948196 0.0983009708737864 0.0260989010989011 0.018810679611650484
0 0.28502747252747257 0.10406553398058252 0.02688383045525903 0.025485436893203883
0 0.32162480376766095 0.10103155339805825 0.047880690737833596 0.023058252427184463
0 0.45270800627943486 0.09845266990291261 0.07692307692307693 0.027609223300970872
0 0.18808869701726846 0.12151092233009708 0.05239403453689168 0.02336165048543689
0 0.2342032967032967 0.11787014563106796 0.018249607535321823 0.02214805825242718
0 0.2647174254317112 0.11938713592233009 0.04120879120879121 0.022754854368932036
0 0.3091640502354788 0.12242111650485436 0.04179748822605966 0.028216019417475726
0 0.35253139717425436 0.1195388349514563 0.04336734693877551 0.023665048543689317
0 0.39707613814756676 0.12742718446601942 0.03473312401883831 0.020024271844660192
0 0.45270800627943486 0.11923543689320387 0.07574568288854004 0.018810679611650484
0 0.19260204081632654 0.1465412621359223 0.05592621664050236 0.02487864077669903
0 0.239403453689168 0.15078883495145629 0.044740973312401885 0.025485436893203883
0 0.2726648351648352 0.14820995145631066 0.02374411302982732 0.02578883495145631
0 0.3071036106750393 0.14593446601941745 0.04003139717425432 0.027305825242718445
0 0.36253924646781793 0.1465412621359223 0.06456043956043957 0.0279126213592233
0 0.4413265306122449 0.14487257281553398 0.0847723704866562 0.031856796116504854
0 0.18612637362637363 0.1700546116504854 0.05239403453689168 0.03671116504854369
0 0.22733516483516486 0.16246966019417475 0.030416012558869703 0.01911407766990291
0 0.28316326530612246 0.1686893203883495 0.05847723704866562 0.02973300970873786
0 0.3396781789638933 0.16504854368932037 0.05180533751962324 0.018810679611650484
0 0.413265306122449 0.1695995145631068 0.09183673469387756 0.023058252427184463
0 0.47282182103610676 0.16337985436893201 0.021781789638932497 0.022754854368932036
0 0.18279042386185243 0.18825849514563106 0.02806122448979592 0.027609223300970872
0 0.21438383045525905 0.1909890776699029 0.030416012558869703 0.01608009708737864
0 0.2711930926216641 0.19387135922330095 0.07260596546310832 0.03337378640776699
0 0.34114992150706436 0.1923543689320388 0.0641679748822606 0.035800970873786406
0 0.39687990580847726 0.18916868932038833 0.0445447409733124 0.017900485436893203
0 0.4368131868131868 0.18901699029126212 0.03100470957613815 0.016383495145631068
0 0.472723704866562 0.1943264563106796 0.036499215070643645 0.027002427184466018
0 0.20300235478806908 0.2164745145631068 0.08182888540031398 0.02214805825242718
0 0.2849293563579278 0.21859830097087377 0.05808477237048666 0.01911407766990291
0 0.36528649921507067 0.21874999999999997 0.09635007849293564 0.03155339805825243
0 0.4491758241758242 0.21859830097087377 0.07260596546310832 0.03428398058252427
0 0.1975078492935636 0.24165655339805822 0.0684850863422292 0.027609223300970872
0 0.2568681318681319 0.24453883495145629 0.04552590266875981 0.02669902912621359
0 0.30994897959183676 0.24408373786407764 0.06063579277864992 0.0245752427184466
0 0.3658751962323391 0.24180825242718446 0.031200941915227633 0.01395631067961165
0 0.407967032967033 0.24195995145631066 0.02197802197802198 0.013652912621359222
0 0.4476059654631083 0.2368021844660194 0.05690737833594977 0.025182038834951456
0 0.18956043956043958 0.263501213592233 0.04591836734693878 0.01911407766990291
0 0.24627158555729986 0.2639563106796116 0.0423861852433281 0.01820388349514563
0 0.30200156985871274 0.2692657766990291 0.06750392464678179 0.026395631067961164
0 0.35468995290423866 0.2631978155339806 0.03002354788069074 0.01911407766990291
0 0.4508437990580848 0.26532160194174753 0.07908163265306123 0.031856796116504854
0 0.17876766091051807 0.28580097087378636 0.019230769230769232 0.02427184466019417
0 0.21614992150706439 0.2964199029126213 0.025706436420722137 0.019417475728155338
0 0.3576334379905809 0.2935376213592233 0.06534536891679749 0.03731796116504854
0 0.4134615384615385 0.28792475728155337 0.0423861852433281 0.025485436893203883
0 0.45123626373626374 0.2902002427184466 0.02923861852433281 0.01486650485436893
0 0.18632260596546313 0.3117415048543689 0.03630298273155416 0.016686893203883495
0 0.2181122448979592 0.31219660194174753 0.02374411302982732 0.020631067961165046
0 0.32231161695447413 0.31978155339805825 0.055533751962323394 0.03216019417475728
0 0.36764128728414447 0.31674757281553395 0.030808477237048666 0.01699029126213592
0 0.4287676609105181 0.31341019417475724 0.08241758241758242 0.02245145631067961
0 0.19113029827315542 0.3398058252427184 0.04591836734693878 0.01820388349514563
0 0.22880690737833595 0.34450849514563103 0.029434850863422294 0.026395631067961164
0 0.263638147566719 0.34344660194174753 0.02099686028257457 0.012742718446601941
0 0.2949372056514914 0.34572208737864074 0.04042386185243328 0.03853155339805825
0 0.3488029827315542 0.337378640776699 0.050431711145996864 0.020024271844660192
0 0.39903846153846156 0.3370752427184466 0.042582417582417584 0.025485436893203883
0 0.4456436420722135 0.3398058252427184 0.04905808477237049 0.015169902912621358
0 0.21232339089481947 0.36377427184466016 0.04356357927786499 0.021844660194174755
0 0.2534340659340659 0.3662014563106796 0.03198587127158556 0.0212378640776699
0 0.2952315541601256 0.3675667475728155 0.0500392464678179 0.019720873786407765
0 0.3559654631083203 0.3654429611650485 0.0663265306122449 0.01911407766990291
0 0.4019819466248038 0.36058859223300965 0.025313971742543174 0.02214805825242718
0 0.4694858712715856 0.3596783980582524 0.03669544740973313 0.02032766990291262
0 0.1920133437990581 0.38819781553398053 0.03826530612244898 0.022754854368932036
0 0.24538854003139718 0.38941140776699024 0.06691522762951335 0.025182038834951456
0 0.3773547880690738 0.3988167475728155 0.07025117739403454 0.031249999999999997
0 0.43298665620094196 0.39517597087378636 0.04611459968602826 0.029429611650485434
0 0.1910321821036107 0.4191444174757281 0.03630298273155416 0.0245752427184466
0 0.2239010989010989 0.41368325242718446 0.023155416012558872 0.01608009708737864
0 0.2633437990580848 0.41383495145631066 0.052982731554160126 0.01820388349514563
0 0.3067111459968603 0.4132281553398058 0.030612244897959186 0.01699029126213592
0 0.3373233908948195 0.415503640776699 0.029434850863422294 0.03003640776699029
0 0.4109105180533752 0.4147451456310679 0.044348508634222926 0.0279126213592233
0 0.4681122448979592 0.41064927184466016 0.045722135007849295 0.02882281553398058
0 0.19888147566718997 0.4379550970873786 0.02413657770800628 0.018507281553398057
0 0.35714285714285715 0.4365898058252427 0.024725274725274728 0.023058252427184463
0 0.39560439560439564 0.44220266990291257 0.04591836734693878 0.031856796116504854
0 0.43328100470957615 0.43886529126213586 0.020408163265306124 0.02578883495145631
0 0.4681122448979592 0.4338592233009708 0.04493720565149137 0.021844660194174755
0 0.1925039246467818 0.4681432038834951 0.059262166405023554 0.028519417475728153
0 0.24538854003139718 0.4635922330097087 0.04689952904238619 0.028519417475728153
0 0.3531200941915228 0.466626213592233 0.0260989010989011 0.02669902912621359
0 0.4119897959183674 0.4640473300970873 0.05474882260596547 0.027609223300970872
0 0.4664442700156986 0.4631371359223301 0.05023547880690738 0.03003640776699029
0 0.18210361067503925 0.48209951456310673 0.02511773940345369 0.02245145631067961
0 0.22448979591836735 0.48665048543689315 0.05690737833594977 0.01820388349514563
0 0.28718602825745687 0.4902912621359223 0.028846153846153848 0.03216019417475728
0 0.3360478806907379 0.489381067961165 0.06573783359497645 0.019417475728155338
0 0.39452511773940346 0.4959041262135922 0.030808477237048666 0.023968446601941744
0 0.42994505494505497 0.48437499999999994 0.03728414442700157 0.02214805825242718
0 0.4707613814756672 0.480127427184466 0.04042386185243328 0.02214805825242718
0 0.18063186813186816 0.5122876213592232 0.021781789638932497 0.01729368932038835
0 0.23145604395604397 0.5189623786407767 0.06927001569858714 0.028216019417475726
0 0.3031789638932496 0.5197208737864077 0.06475667189952905 0.026092233009708737
0 0.36234301412872844 0.5191140776699029 0.045722135007849295 0.03337378640776699
0 0.41100863422291994 0.5232099514563107 0.04925431711145997 0.03003640776699029
0 0.45486656200941916 0.5101638349514562 0.03218210361067504 0.022754854368932036
0 0.18632260596546313 0.5389866504854368 0.03394819466248038 0.016686893203883495
0 0.23498822605965464 0.5429308252427184 0.056711145996860286 0.03003640776699029
0 0.28512558869701726 0.542627427184466 0.038461538461538464 0.02032766990291262
0 0.33222135007849296 0.5424757281553397 0.05533751962323391 0.01699029126213592
0 0.3755886970172685 0.5508191747572815 0.03453689167974883 0.028216019417475726
0 0.4123822605965463 0.5365594660194174 0.03630298273155416 0.02214805825242718
0 0.462519623233909 0.5397451456310679 0.05808477237048666 0.025485436893203883
0 0.20643642072213503 0.5690230582524272 0.030612244897959186 0.030643203883495142
0 0.2375392464678179 0.5673543689320388 0.0260989010989011 0.014563106796116504
0 0.2762951334379906 0.5766080097087378 0.06554160125588697 0.027609223300970872
0 0.3347723704866562 0.5708434466019418 0.04591836734693878 0.03671116504854369
0 0.37205651491365777 0.5668992718446602 0.024725274725274728 0.016686893203883495
0 0.3964874411302983 0.5749393203883495 0.028846153846153848 0.029126213592233007
0 0.46271585557299844 0.5634101941747572 0.04748822605965464 0.016383495145631068
0 0.2087912087912088 0.5919296116504854 0.0620094191522763 0.018810679611650484
0 0.2550039246467818 0.5995145631067961 0.027276295133437992 0.02487864077669903
0 0.29748822605965464 0.5919296116504854 0.05533751962323391 0.023665048543689317
0 0.3394819466248038 0.6017900485436892 0.029827315541601257 0.026395631067961164
0 0.372350863422292 0.5972390776699028 0.032378335949764525 0.015473300970873785
0 0.4195447409733124 0.5925364077669902 0.06161695447409733 0.02669902912621359
0 0.47370486656200944 0.5952669902912621 0.03728414442700157 0.02487864077669903
0 0.2061420722135008 0.6174150485436892 0.07201726844583987 0.02487864077669903
0 0.32790423861852436 0.625758495145631 0.0423861852433281 0.01729368932038835
0 0.3823587127158556 0.6259101941747572 0.06102825745682889 0.03094660194174757
0 0.44839089481946626 0.6218143203883495 0.062401883830455265 0.030643203883495142
0 0.27972919937205654 0.6535194174757281 0.03787284144427002 0.02487864077669903
0 0.31819073783359497 0.6544296116504854 0.034340659340659344 0.030339805825242715
0 0.35949764521193095 0.6480582524271844 0.03924646781789639 0.0212378640776699
0 0.40237441130298274 0.6485133495145631 0.04493720565149137 0.015473300970873785
0 0.4389717425431711 0.6439623786407767 0.026295133437990583 0.017900485436893203
0 0.4733124018838305 0.6432038834951456 0.03610675039246468 0.015776699029126214
0 0.21222527472527475 0.6806735436893203 0.05160910518053376 0.029429611650485434
0 0.2800235478806908 0.6783980582524272 0.07692307692307693 0.026092233009708737
0 0.33742150706436425 0.6802184466019416 0.03394819466248038 0.03094660194174757
0 0.3842229199372057 0.6773361650485437 0.05729984301412873 0.022754854368932036
0 0.43818681318681324 0.674757281553398 0.052590266875981166 0.03337378640776699
0 0.19063971742543173 0.6953883495145631 0.04689952904238619 0.026092233009708737
0 0.2334183673469388 0.7063106796116504 0.03787284144427002 0.026092233009708737
0 0.29699764521193095 0.7082827669902912 0.05121664050235479 0.029429611650485434
0 0.3455651491365777 0.703883495145631 0.039638932496075356 0.02973300970873786
0 0.38589089481946626 0.7028216019417475 0.034340659340659344 0.01486650485436893
0 0.4312205651491366 0.7041868932038834 0.03355572998430142 0.025485436893203883
0 0.46742543171114603 0.6985740291262136 0.034929356357927786 0.022754854368932036
0 0.1970172684458399 0.7270934466019416 0.044348508634222926 0.020934466019417473
0 0.2869897959183674 0.7331614077669902 0.05828100470957614 0.027609223300970872
0 0.3313383045525903 0.7392293689320387 0.030416012558869703 0.02578883495145631
0 0.38412480376766095 0.733009708737864 0.07672684458398744 0.037014563106796114
0 0.44014913657770804 0.7295206310679611 0.03296703296703297 0.03307038834951456
0 0.4770408163265306 0.7266383495145631 0.02904238618524333 0.015169902912621358
0 0.17798273155416014 0.750758495145631 0.020408163265306124 0.027609223300970872
0 0.20869309262166405 0.7562196601941746 0.035910518053375196 0.018507281553398057
0 0.2648155416012559 0.7569781553398057 0.06887755102040817 0.02427184466019417
0 0.3301609105180534 0.7562196601941746 0.05788854003139718 0.022754854368932036
0 0.3903061224489796 0.7657766990291262 0.06122448979591837 0.028519417475728153
0 0.4553571428571429 0.752882281553398 0.07005494505494506 0.02336165048543689
0 0.18141679748822606 0.782008495145631 0.023351648351648352 0.019720873786407765
0 0.21202904238618525 0.7792779126213591 0.03512558869701727 0.02336165048543689
0 0.25657378335949765 0.7823118932038834 0.048469387755102046 0.022754854368932036
0 0.3010204081632653 0.786256067961165 0.034929356357927786 0.018507281553398057
0 0.35822213500784933 0.7814016990291262 0.07633437990580848 0.027002427184466018
0 0.42935635792778654 0.7912621359223301 0.057692307692307696 0.03519417475728155
0 0.47350863422291994 0.779884708737864 0.03767660910518054 0.025182038834951456
0 0.18857927786499215 0.8071905339805825 0.03453689167974883 0.02336165048543689
0 0.25245290423861855 0.8114381067961164 0.08771585557299844 0.02882281553398058
0 0.32967032967032966 0.8071905339805825 0.024725274725274728 0.01911407766990291
0 0.3897174254317112 0.8164441747572815 0.05612244897959184 0.025485436893203883
0 0.4521193092621664 0.8096177184466019 0.062401883830455265 0.026395631067961164
0 0.2202708006279435 0.835254854368932 0.10066718995290425 0.025485436893203883
0 0.28404631083202514 0.8366201456310679 0.025313971742543174 0.016686893203883495
0 0.3328100470957614 0.8385922330097086 0.07182103610675039 0.03094660194174757
0 0.39275902668759816 0.8411711165048543 0.037480376766091054 0.031249999999999997
0 0.4586930926216641 0.8410194174757281 0.0500392464678179 0.03337378640776699
0 0.22517660910518056 0.8663531553398057 0.10812401883830455 0.029429611650485434
0 0.3193681318681319 0.868021844660194 0.0402276295133438 0.027305825242718445
0 0.36253924646781793 0.8633191747572815 0.04415227629513344 0.020934466019417473
0 0.44044348508634223 0.8595266990291262 0.10419937205651492 0.026092233009708737
0 0.18543956043956045 0.8868325242718446 0.026687598116169546 0.016383495145631068
0 0.21438383045525905 0.8834951456310679 0.02806122448979592 0.02487864077669903
0 0.25804552590266877 0.8875910194174756 0.05808477237048666 0.020934466019417473
0 0.3228021978021978 0.8921419902912621 0.06671899529042387 0.01729368932038835
0 0.3911891679748823 0.8897148058252426 0.06809262166405024 0.026395631067961164
0 0.45594583987441134 0.8886529126213591 0.043759811616954476 0.01699029126213592
0 0.20211930926216642 0.9177791262135921 0.07496075353218211 0.03337378640776699
0 0.26893642072213503 0.9132281553398057 0.060243328100470964 0.020631067961165046
0 0.33437990580847726 0.9221783980582523 0.047880690737833596 0.027002427184466018
0 0.37264521193092626 0.9124696601941746 0.027472527472527476 0.01608009708737864
0 0.40119701726844587 0.9118628640776698 0.029631083202511777 0.02214805825242718
0 0.45094191522762955 0.9153519417475727 0.08006279434850865 0.03155339805825243
0 0.20800627943485087 0.9458434466019416 0.043171114599686033 0.031249999999999997
0 0.25137362637362637 0.9422026699029126 0.03924646781789639 0.03549757281553398
0 0.28718602825745687 0.9484223300970873 0.02806122448979592 0.0279126213592233
0 0.3319270015698587 0.9417475728155339 0.05788854003139718 0.0345873786407767
0 0.3850078492935636 0.9344660194174756 0.04395604395604396 0.02427184466019417
0 0.4506475667189953 0.9411407766990291 0.08143642072213501 0.027305825242718445
0 0.596251962323391 0.08404126213592232 0.0543563579277865 0.030339805825242715
0 0.639030612244898 0.07873179611650485 0.031200941915227633 0.012439320388349514
0 0.7081043956043956 0.07751820388349513 0.0402276295133438 0.020934466019417473
0 0.7520604395604396 0.076001213592233 0.045722135007849295 0.025182038834951456
0 0.8711734693877552 0.08434466019417475 0.08536106750392465 0.040048543689320384
0 0.5916405023547882 0.09784587378640776 0.02708006279434851 0.01608009708737864
0 0.6338304552590267 0.10209344660194174 0.06828885400313972 0.034890776699029125
0 0.6927982731554161 0.09996966019417475 0.0445447409733124 0.015473300970873785
0 0.7491169544740974 0.10103155339805825 0.06534536891679749 0.017597087378640776
0 0.812892464678179 0.10527912621359223 0.03394819466248038 0.03519417475728155
0 0.8710753532182104 0.10634101941747572 0.07653061224489796 0.03549757281553398
0 0.5965463108320251 0.11969053398058252 0.036891679748822605 0.021541262135922327
0 0.6961342229199372 0.1206007281553398 0.024529042386185244 0.02214805825242718
0 0.7887558869701727 0.12424150485436893 0.08143642072213501 0.027609223300970872
0 0.8553767660910518 0.12469660194174756 0.044348508634222926 0.02973300970873786
0 0.600765306122449 0.1472997572815534 0.059850863422292 0.03307038834951456
0 0.8582221350078494 0.14896844660194172 0.09948979591836735 0.030339805825242715
0 0.7315541601255887 0.16899271844660194 0.051412872841444274 0.01395631067961165
0 0.7822802197802198 0.16595873786407767 0.021781789638932497 0.01699029126213592
0 0.8729395604395604 0.16914441747572814 0.06966248037676609 0.034890776699029125
0 0.6224489795918368 0.18962378640776698 0.028649921507064365 0.012742718446601941
0 0.7224293563579278 0.19129247572815533 0.037480376766091054 0.014259708737864077
0 0.7610871271585558 0.18492111650485435 0.03826530612244898 0.022754854368932036
0 0.8110282574568289 0.19417475728155337 0.04591836734693878 0.023665048543689317
0 0.8722527472527473 0.19038228155339804 0.07810047095761381 0.02578883495145631
0 0.5881083202511774 0.21055825242718446 0.023547880690737835 0.016383495145631068
0 0.6245094191522763 0.21207524271844658 0.030416012558869703 0.013349514563106795
0 0.7483320251177394 0.21268203883495143 0.04768445839874411 0.015169902912621358
0 0.7938579277864992 0.21268203883495143 0.045722135007849295 0.03337378640776699
0 0.8788265306122449 0.20570388349514562 0.0260989010989011 0.017597087378640776
0 0.6065541601255887 0.23270631067961162 0.05337519623233909 0.01699029126213592
0 0.6634615384615385 0.23376820388349512 0.023155416012558872 0.017900485436893203
0 0.688677394034537 0.23558859223300968 0.027276295133437992 0.022754854368932036
0 0.7626569858712716 0.23558859223300968 0.12068288854003141 0.0245752427184466
0 0.8440934065934066 0.22876213592233008 0.039050235478806906 0.019417475728155338
0 0.8880494505494506 0.2325546116504854 0.045329670329670335 0.0245752427184466
0 0.5888932496075353 0.25879854368932037 0.027472527472527476 0.0279126213592233
0 0.6268642072213502 0.2615291262135922 0.045329670329670335 0.023058252427184463
0 0.8315345368916798 0.24878640776699026 0.02806122448979592 0.0212378640776699
0 0.8616562009419153 0.24863470873786406 0.029434850863422294 0.018507281553398057
0 0.881083202511774 0.27442354368932037 0.05533751962323391 0.03671116504854369
0 0.730671114599686 0.31917475728155337 0.052001569858712716 0.029126213592233007
0 0.8041601255886971 0.3149271844660194 0.03100470957613815 0.018810679611650484
0 0.8449764521193093 0.30112257281553395 0.0663265306122449 0.026395631067961164
0 0.850765306122449 0.31856796116504854 0.06456043956043957 0.03094660194174757
0 0.5993916797488227 0.3390473300970874 0.04140502354788069 0.01729368932038835
0 0.8854003139717426 0.33009708737864074 0.05102040816326531 0.020024271844660192
0 0.855671114599686 0.3560376213592233 0.039050235478806906 0.013652912621359222
0 0.8911891679748823 0.35922330097087374 0.042189952904238624 0.023058252427184463
0 0.83712715855573 0.4006371359223301 0.049450549450549455 0.015473300970873785
0 0.891679748822606 0.3979065533980582 0.04395604395604396 0.0245752427184466
0 0.6146978021978022 0.40609830097087374 0.07397959183673469 0.02578883495145631
0 0.717425431711146 0.40822208737864074 0.041601255886970175 0.011832524271844658
0 0.828787284144427 0.4200546116504854 0.052001569858712716 0.013652912621359222
0 0.8671507064364208 0.42399878640776695 0.033359497645211934 0.025182038834951456
0 0.8986459968602827 0.4159587378640776 0.02923861852433281 0.0212378640776699
0 0.8707810047095762 0.4314320388349514 0.0260989010989011 0.0212378640776699
0 0.9002158555729984 0.4341626213592233 0.030808477237048666 0.0279126213592233
0 0.8365384615384616 0.4546419902912621 0.02001569858712716 0.016686893203883495
0 0.8809850863422293 0.4513046116504854 0.06573783359497645 0.01729368932038835
0 0.8359497645211932 0.4760315533980582 0.033751962323390894 0.0212378640776699
0 0.8731357927786499 0.46966019417475724 0.03826530612244898 0.013349514563106795
0 0.6159733124018839 0.4881674757281553 0.020408163265306124 0.01395631067961165
0 0.6486459968602826 0.48831917475728154 0.039050235478806906 0.017900485436893203
0 0.7164442700156987 0.48604368932038833 0.027472527472527476 0.015169902912621358
0 0.8585164835164836 0.48695388349514557 0.06122448979591837 0.015776699029126214
0 0.8985478806907379 0.48725728155339804 0.016875981161695447 0.012742718446601941
0 0.6366758241758242 0.5125910194174756 0.026491365777080063 0.017900485436893203
0 0.8407574568288855 0.5074332524271844 0.017464678178963893 0.02214805825242718
0 0.8803963893249608 0.5057645631067961 0.061813186813186816 0.02245145631067961
0 0.6382456828885401 0.5295813106796116 0.04964678178963894 0.02336165048543689
0 0.8223116169544742 0.5201759708737863 0.06259811616954475 0.018507281553398057
0 0.8835361067503925 0.5241201456310679 0.05828100470957614 0.025182038834951456
0 0.5941915227629514 0.5462682038834951 0.026295133437990583 0.03307038834951456
0 0.6747448979591837 0.5427791262135921 0.024921507064364207 0.0212378640776699
0 0.8413461538461539 0.5415655339805825 0.04650706436420722 0.020631067961165046
0 0.8944270015698588 0.5415655339805825 0.018445839874411302 0.018810679611650484
0 0.5960557299843015 0.5702366504854368 0.03865777080062795 0.031856796116504854
0 0.645506279434851 0.5668992718446602 0.06652276295133439 0.02336165048543689
0 0.6919152276295134 0.5647754854368932 0.021585557299843017 0.012439320388349514
0 0.7187990580847724 0.5685679611650485 0.031789638932496075 0.019417475728155338
0 0.7473508634222921 0.5626516990291262 0.018642072213500786 0.017900485436893203
0 0.8210361067503925 0.5635618932038835 0.016875981161695447 0.02214805825242718
0 0.8645015698587127 0.5650788834951456 0.06613029827315542 0.02578883495145631
0 0.8313383045525903 0.5840412621359223 0.022566718995290426 0.012135922330097085
0 0.8559654631083203 0.5817657766990291 0.025510204081632654 0.01911407766990291
0 0.8868720565149137 0.5875303398058251 0.045329670329670335 0.023968446601941744
0 0.6046899529042387 0.6070995145631067 0.048861852433281006 0.027305825242718445
0 0.652276295133438 0.6025485436893203 0.043171114599686033 0.017597087378640776
0 0.7721742543171115 0.6040655339805825 0.03728414442700157 0.021844660194174755
0 0.8210361067503925 0.6054308252427184 0.05572998430141288 0.027609223300970872
0 0.5966444270015699 0.6274271844660194 0.03787284144427002 0.017597087378640776
