0 0.6005690737833596 0.07660800970873785 0.12303767660910518 0.053094660194174755
0 0.6848508634222921 0.076001213592233 0.04199372056514914 0.022754854368932036
0 0.7296899529042387 0.07569781553398057 0.04179748822605966 0.02214805825242718
0 0.7690345368916798 0.07433252427184465 0.03571428571428572 0.02245145631067961
0 0.8052394034536892 0.07524271844660194 0.01903453689167975 0.017597087378640776
0 0.8328100470957615 0.07478762135922329 0.03296703296703297 0.02032766990291262
0 0.8768642072213502 0.07387742718446601 0.05121664050235479 0.02336165048543689
0 0.5847723704866562 0.10436893203883495 0.06043956043956044 0.0212378640776699
0 0.6355965463108321 0.10694781553398057 0.03414442700156986 0.01911407766990291
0 0.6974097331240189 0.09921116504854369 0.04827315541601256 0.0212378640776699
0 0.771978021978022 0.10891990291262135 0.04513343799058085 0.03337378640776699
0 0.8231946624803768 0.09693567961165048 0.054552590266875985 0.021541262135922327
0 0.8734301412872842 0.1016383495145631 0.04277864992150707 0.0279126213592233
0 0.5937990580847724 0.13925970873786406 0.09065934065934067 0.03216019417475728
0 0.731456043956044 0.12985436893203883 0.05160910518053376 0.0345873786407767
0 0.7901295133437991 0.12833737864077668 0.042189952904238624 0.03216019417475728
0 0.8297684458398744 0.13137135922330095 0.03826530612244898 0.037014563106796114
0 0.5837912087912088 0.15928398058252427 0.06122448979591837 0.021844660194174755
0 0.632947409733124 0.16838592233009708 0.0445447409733124 0.03640776699029126
0 0.6791601255886971 0.15761529126213591 0.027472527472527476 0.0245752427184466
0 0.7097723704866562 0.15822208737864077 0.03021978021978022 0.019720873786407765
0 0.7403846153846154 0.15913228155339804 0.030612244897959186 0.015473300970873785
0 0.814756671899529 0.152002427184466 0.10675039246467818 0.02427184466019417
0 0.581828885400314 0.185376213592233 0.05533751962323391 0.017597087378640776
0 0.6421703296703297 0.18734830097087377 0.032378335949764525 0.013046116504854368
0 0.6802394034536892 0.18825849514563106 0.04611459968602826 0.01729368932038835
0 0.7279238618524333 0.18825849514563106 0.04807692307692308 0.04156553398058252
0 0.7769819466248038 0.18871359223300968 0.059850863422292 0.030339805825242715
0 0.826138147566719 0.18886529126213591 0.04120879120879121 0.031856796116504854
0 0.5691718995290425 0.22057038834951453 0.05239403453689168 0.03762135922330097
0 0.6212715855572999 0.21814320388349512 0.05102040816326531 0.028519417475728153
0 0.6671899529042387 0.2101031553398058 0.03100470957613815 0.01911407766990291
0 0.7022174254317112 0.20858616504854366 0.03826530612244898 0.02032766990291262
0 0.7460753532182104 0.21480582524271843 0.044348508634222926 0.029126213592233007
0 0.8038657770800628 0.20509708737864077 0.07083987441130299 0.02973300970873786
0 0.8691130298273156 0.19387135922330095 0.05102040816326531 0.026092233009708737
0 0.5856554160125589 0.23528519417475727 0.030416012558869703 0.01911407766990291
0 0.6643445839874411 0.24256674757281552 0.04336734693877551 0.027609223300970872
0 0.6986852433281006 0.2392293689320388 0.027276295133437992 0.029429611650485434
0 0.7959183673469388 0.23179611650485435 0.02590266875981162 0.016383495145631068
0 0.8367346938775511 0.22891383495145629 0.05102040816326531 0.02882281553398058
0 0.8758830455259027 0.22163228155339804 0.022566718995290426 0.02336165048543689
0 0.5711342229199372 0.2660800970873786 0.040620094191522765 0.026092233009708737
0 0.625 0.2645631067961165 0.04513343799058085 0.015169902912621358
0 0.6660125588697018 0.265625 0.020408163265306124 0.01608009708737864
0 0.7027080062794349 0.263501213592233 0.051412872841444274 0.022754854368932036
0 0.7513736263736264 0.2644114077669903 0.04003139717425432 0.030643203883495142
0 0.8234890109890111 0.2557645631067961 0.047291993720565154 0.028519417475728153
0 0.8730376766091053 0.2557645631067961 0.05023547880690738 0.02973300970873786
0 0.570447409733124 0.28686286407766987 0.03532182103610675 0.02214805825242718
0 0.6354003139717426 0.28974514563106796 0.09183673469387756 0.020631067961165046
0 0.6979003139717426 0.2980885922330097 0.02923861852433281 0.029429611650485434
0 0.7326334379905809 0.2961165048543689 0.05788854003139718 0.035800970873786406
0 0.7862048665620095 0.2848907766990291 0.048861852433281006 0.026092233009708737
0 0.8726452119309263 0.27396844660194175 0.04591836734693878 0.021844660194174755
0 0.5863422291993721 0.31356189320388345 0.03610675039246468 0.02214805825242718
0 0.6349097331240189 0.31341019417475724 0.03865777080062795 0.021844660194174755
0 0.6826923076923077 0.31432038834951453 0.04591836734693878 0.030339805825242715
0 0.8011185243328101 0.30430825242718446 0.0912480376766091 0.02245145631067961
0 0.8718602825745684 0.2971783980582524 0.04552590266875981 0.019720873786407765
0 0.582613814756672 0.3390473300970874 0.06397174254317112 0.022754854368932036
0 0.6317700156985872 0.3411711165048543 0.019819466248037678 0.027609223300970872
0 0.6552197802197802 0.335254854368932 0.023547880690737835 0.020631067961165046
0 0.6773940345368917 0.33449635922330095 0.020800627943485087 0.019720873786407765
0 0.7602040816326531 0.33237257281553395 0.04395604395604396 0.01608009708737864
0 0.8039638932496076 0.3338895631067961 0.04120879120879121 0.027609223300970872
0 0.5740777080062794 0.36498786407766987 0.045329670329670335 0.028519417475728153
0 0.6374607535321821 0.36104368932038833 0.032770800627943485 0.020631067961165046
0 0.6780808477237049 0.3598300970873786 0.04925431711145997 0.01820388349514563
0 0.7252747252747254 0.36468446601941745 0.04866562009419152 0.03216019417475728
0 0.7785518053375197 0.3528519417475728 0.055533751962323394 0.023058252427184463
0 0.8232927786499216 0.3549757281553398 0.032770800627943485 0.03094660194174757
0 0.5636773940345369 0.402760922330097 0.030416012558869703 0.028216019417475726
0 0.5989010989010989 0.3921419902912621 0.03257456828885401 0.02578883495145631
0 0.6271585557299844 0.3888046116504854 0.021585557299843017 0.019720873786407765
0 0.6518838304552591 0.3866808252427184 0.0282574568288854 0.023968446601941744
0 0.7017268445839875 0.39305218446601936 0.06907378335949765 0.03731796116504854
0 0.7672684458398744 0.3839502427184466 0.06043956043956044 0.03003640776699029
0 0.8103414442700158 0.37833737864077666 0.026491365777080063 0.01820388349514563
0 0.8356554160125589 0.37469660194174753 0.02295918367346939 0.01820388349514563
0 0.5680926216640503 0.4173240291262136 0.027472527472527476 0.013046116504854368
0 0.6109693877551021 0.41944781553398053 0.0543563579277865 0.02578883495145631
0 0.6613029827315542 0.41171116504854366 0.039638932496075356 0.019417475728155338
0 0.7190934065934066 0.4156553398058252 0.05710361067503925 0.018810679611650484
0 0.8043563579277866 0.41186286407766987 0.09536891679748823 0.031249999999999997
0 0.5636773940345369 0.43765169902912615 0.018249607535321823 0.01911407766990291
0 0.6192111459968603 0.44189927184466016 0.028846153846153848 0.012439320388349514
0 0.6653257456828886 0.44068567961165045 0.058673469387755105 0.026395631067961164
0 0.7087912087912088 0.43734830097087374 0.022762951334379906 0.01486650485436893
0 0.7724686028257457 0.4323422330097087 0.029631083202511777 0.0212378640776699
0 0.8054356357927787 0.43507281553398053 0.03944270015698587 0.03155339805825243
0 0.5714285714285715 0.46192354368932037 0.03728414442700157 0.02336165048543689
0 0.6133241758241759 0.4643507281553398 0.03708791208791209 0.02336165048543689
0 0.6669937205651492 0.46192354368932037 0.047880690737833596 0.019720873786407765
0 0.729199372056515 0.4591929611650485 0.06868131868131869 0.02336165048543689
0 0.8084772370486657 0.4503944174757281 0.04709576138147567 0.020934466019417473
0 0.565541601255887 0.5003033980582524 0.033359497645211934 0.03155339805825243
0 0.6330455259026688 0.4924150485436893 0.06868131868131869 0.02487864077669903
0 0.7213500784929356 0.4913531553398058 0.0706436420722135 0.03610436893203883
0 0.7884615384615385 0.4777002427184466 0.05808477237048666 0.022754854368932036
0 0.8365384615384616 0.47648665048543687 0.01609105180533752 0.01608009708737864
0 0.5677001569858713 0.5183555825242718 0.026687598116169546 0.02578883495145631
0 0.6079277864992151 0.5212378640776698 0.0521978021978022 0.037014563106796114
0 0.6806318681318682 0.5121359223300971 0.04415227629513344 0.013349514563106795
0 0.7184065934065934 0.5056128640776698 0.021585557299843017 0.02032766990291262
0 0.7711930926216641 0.5053094660194174 0.05337519623233909 0.030643203883495142
0 0.8245682888540032 0.4963592233009708 0.044348508634222926 0.020024271844660192
0 0.6098901098901099 0.5365594660194174 0.07417582417582418 0.01911407766990291
0 0.688284929356358 0.5358009708737863 0.05945839874411303 0.0212378640776699
0 0.7744309262166406 0.5315533980582524 0.024529042386185244 0.01699029126213592
0 0.8355572998430142 0.5201759708737863 0.02433281004709576 0.020934466019417473
0 0.5657378335949765 0.5719053398058251 0.027472527472527476 0.021844660194174755
0 0.5949764521193093 0.5628033980582524 0.025510204081632654 0.015776699029126214
0 0.6459968602825746 0.5670509708737863 0.07182103610675039 0.02427184466019417
0 0.7000588697017269 0.5625 0.03394819466248038 0.015169902912621358
0 0.7332221350078494 0.5568871359223301 0.0260989010989011 0.02032766990291262
0 0.7740384615384616 0.5547633495145631 0.047291993720565154 0.020934466019417473
0 0.8237833594976453 0.5480885922330097 0.04591836734693878 0.02214805825242718
0 0.5795722135007849 0.6010315533980582 0.06534536891679749 0.03519417475728155
0 0.6353021978021979 0.5887439320388349 0.042189952904238624 0.015473300970873785
0 0.6827904238618525 0.5870752427184466 0.05121664050235479 0.029126213592233007
0 0.725765306122449 0.5919296116504854 0.034340659340659344 0.0279126213592233
0 0.7643249607535322 0.578883495145631 0.03453689167974883 0.018810679611650484
0 0.8123037676609106 0.5847997572815533 0.06887755102040817 0.03307038834951456
0 0.5723116169544741 0.6154429611650485 0.03355572998430142 0.01911407766990291
0 0.6433477237048666 0.610133495145631 0.03865777080062795 0.020631067961165046
0 0.6965266875981162 0.6089199029126213 0.06495290423861853 0.02245145631067961
0 0.763638147566719 0.6031553398058251 0.04611459968602826 0.0212378640776699
0 0.8165227629513344 0.5954186893203883 0.04709576138147567 0.02578883495145631
0 0.5717229199372057 0.6397148058252426 0.03669544740973313 0.01729368932038835
0 0.6146978021978022 0.6432038834951456 0.043759811616954476 0.023665048543689317
0 0.6656200941915228 0.641383495145631 0.05180533751962324 0.04065533980582524
0 0.7177197802197802 0.6389563106796116 0.04925431711145997 0.02669902912621359
0 0.5786891679748823 0.6641383495145631 0.04709576138147567 0.02427184466019417
0 0.6364795918367347 0.6641383495145631 0.04179748822605966 0.020024271844660192
0 0.6771978021978022 0.6603458737864077 0.029434850863422294 0.01608009708737864
0 0.7247841444270016 0.6629247572815533 0.06299058084772372 0.03398058252427184
0 0.7839481946624804 0.6507888349514562 0.05337519623233909 0.0212378640776699
0 0.827315541601256 0.6483616504854368 0.015306122448979593 0.015776699029126214
0 0.5688775510204082 0.6935679611650485 0.02904238618524333 0.028519417475728153
0 0.5995879120879122 0.6962985436893203 0.03002354788069074 0.02669902912621359
0 0.627256671899529 0.6899271844660193 0.024529042386185244 0.012742718446601941
0 0.6779827315541601 0.6824939320388349 0.076138147566719 0.02214805825242718
0 0.744309262166405 0.690382281553398 0.06907378335949765 0.04035194174757281
0 0.7951334379905809 0.6831007281553397 0.031397174254317116 0.02882281553398058
0 0.5673076923076923 0.7229975728155339 0.0282574568288854 0.025485436893203883
0 0.6081240188383046 0.7134405339805825 0.04395604395604396 0.020934466019417473
0 0.6692503924646782 0.7199635922330097 0.08575353218210362 0.043082524271844655
0 0.7483320251177394 0.708131067961165 0.06220565149136578 0.028519417475728153
0 0.8200549450549451 0.6978155339805825 0.036499215070643645 0.0212378640776699
0 0.584085557299843 0.7442354368932038 0.058673469387755105 0.02487864077669903
0 0.6343210361067504 0.7501516990291262 0.04336734693877551 0.028216019417475726
0 0.6956436420722135 0.7377123786407767 0.05729984301412873 0.019720873786407765
0 0.8116169544740974 0.7302791262135921 0.04709576138147567 0.03398058252427184
0 0.5730965463108321 0.7668385922330097 0.037480376766091054 0.019720873786407765
0 0.622743328100471 0.7735133495145631 0.06809262166405024 0.03671116504854369
0 0.6842621664050236 0.766383495145631 0.03728414442700157 0.018810679611650484
0 0.7421507064364208 0.7600121359223301 0.07339089481946626 0.023058252427184463
0 0.8063186813186813 0.7521237864077669 0.04905808477237049 0.023058252427184463
0 0.5677982731554161 0.7909587378640776 0.026491365777080063 0.0212378640776699
0 0.5941915227629514 0.8046116504854368 0.03296703296703297 0.03155339805825243
0 0.6472723704866562 0.7882281553398057 0.0684850863422292 0.0212378640776699
0 0.701923076923077 0.7977851941747572 0.04905808477237049 0.03307038834951456
0 0.7481357927786499 0.7864077669902912 0.042189952904238624 0.017597087378640776
0 0.7994505494505495 0.7827669902912621 0.05690737833594977 0.020631067961165046
0 0.5733908948194663 0.8187196601941746 0.038461538461538464 0.020934466019417473
0 0.6244113029827316 0.817506067961165 0.03610675039246468 0.02032766990291262
0 0.6564952904238619 0.8168992718446602 0.02688383045525903 0.016686893203883495
0 0.703394819466248 0.815382281553398 0.06652276295133439 0.01608009708737864
0 0.7630494505494506 0.8146237864077669 0.04415227629513344 0.027305825242718445
0 0.8111263736263736 0.8058252427184466 0.03512558869701727 0.020024271844660192
0 0.5794740973312402 0.8443567961165048 0.04866562009419152 0.015776699029126214
0 0.6373626373626374 0.8454186893203883 0.057692307692307696 0.014259708737864077
0 0.6822998430141287 0.848756067961165 0.029827315541601257 0.026395631067961164
0 0.7168367346938775 0.8479975728155339 0.05180533751962324 0.03640776699029126
0 0.7794348508634223 0.8417779126213591 0.04905808477237049 0.030643203883495142
0 0.5684850863422293 0.8683252427184466 0.025510204081632654 0.01820388349514563
0 0.6033163265306123 0.8746966019417475 0.043759811616954476 0.0345873786407767
0 0.644721350078493 0.8734830097087378 0.032770800627943485 0.02669902912621359
0 0.6797488226059655 0.8652912621359222 0.034929356357927786 0.02427184466019417
0 0.7319466248037677 0.866504854368932 0.07025117739403454 0.015776699029126214
0 0.8017072213500785 0.8599817961165048 0.05828100470957614 0.022754854368932036
0 0.5886970172684459 0.8954793689320387 0.07456828885400314 0.034890776699029125
0 0.6466836734693878 0.899878640776699 0.03865777080062795 0.02487864077669903
0 0.6847527472527473 0.8907766990291262 0.03708791208791209 0.018810679611650484
0 0.7354788069073783 0.8982099514563106 0.04552590266875981 0.03003640776699029
0 0.7742346938775511 0.8848604368932038 0.031200941915227633 0.0245752427184466
0 0.8137755102040817 0.8831917475728155 0.043171114599686033 0.023665048543689317
0 0.5738814756671899 0.9147451456310679 0.03708791208791209 0.023665048543689317
0 0.632947409733124 0.9161104368932038 0.06299058084772372 0.020934466019417473
0 0.6916208791208791 0.9232402912621358 0.04493720565149137 0.028519417475728153
0 0.739010989010989 0.9147451456310679 0.049450549450549455 0.0212378640776699
0 0.793956043956044 0.9227851941747572 0.06161695447409733 0.033677184466019416
