0 0.21212715855573 0.07888349514563106 0.08006279434850865 0.037014563106796114
0 0.2861067503924647 0.08449635922330097 0.06946624803767662 0.02882281553398058
0 0.3440934065934066 0.07342233009708737 0.03983516483516484 0.0212378640776699
0 0.39452511773940346 0.08388956310679611 0.05317896389324961 0.030643203883495142
0 0.4386773940345369 0.08100728155339805 0.027668759811616955 0.03519417475728155
0 0.4739992150706437 0.08191747572815533 0.03944270015698587 0.03398058252427184
0 0.2207613814756672 0.10436893203883495 0.07456828885400314 0.03337378640776699
0 0.2869897959183674 0.10709951456310679 0.02688383045525903 0.02487864077669903
0 0.31563971742543173 0.09981796116504854 0.02688383045525903 0.01395631067961165
0 0.3469387755102041 0.1004247572815534 0.02904238618524333 0.015776699029126214
0 0.39256279434850866 0.10179004854368931 0.03159340659340659 0.01608009708737864
0 0.42435243328100475 0.10800970873786407 0.030808477237048666 0.02427184466019417
0 0.4653649921507065 0.10755461165048542 0.05474882260596547 0.027609223300970872
0 0.19976452119309263 0.12317961165048542 0.036499215070643645 0.017597087378640776
0 0.23783359497645212 0.12120752427184465 0.03610675039246468 0.022754854368932036
0 0.29120879120879123 0.12302791262135922 0.029434850863422294 0.0245752427184466
0 0.34674254317111464 0.12833737864077668 0.07770800627943486 0.03822815533980582
0 0.42180141287284145 0.12924757281553398 0.06259811616954475 0.04550970873786407
0 0.47017268445839877 0.12939927184466019 0.04513343799058085 0.033677184466019416
0 0.1908359497645212 0.15943567961165048 0.040620094191522765 0.03428398058252427
0 0.2248822605965463 0.15564320388349515 0.03100470957613815 0.026092233009708737
0 0.26040031397174257 0.14912014563106796 0.03924646781789639 0.03307038834951456
0 0.30151098901098905 0.14669296116504854 0.037480376766091054 0.01911407766990291
0 0.3396781789638933 0.15761529126213591 0.04905808477237049 0.03307038834951456
0 0.4201334379905809 0.14912014563106796 0.07260596546310832 0.017900485436893203
0 0.4718406593406594 0.15807038834951456 0.04140502354788069 0.03094660194174757
0 0.19132653061224492 0.18719660194174756 0.03885400313971743 0.03155339805825243
0 0.23959968602825746 0.17187499999999997 0.052982731554160126 0.021541262135922327
0 0.29336734693877553 0.18355582524271843 0.05062794348508635 0.03398058252427184
0 0.33487048665620095 0.17581917475728154 0.02923861852433281 0.018507281553398057
0 0.3762755102040817 0.17839805825242716 0.042189952904238624 0.03822815533980582
0 0.4087519623233909 0.17354368932038833 0.020800627943485087 0.02245145631067961
0 0.4534929356357928 0.1776395631067961 0.06475667189952905 0.03307038834951456
0 0.2047684458398744 0.20585558252427183 0.04964678178963894 0.01911407766990291
0 0.2934654631083203 0.20979975728155337 0.09831240188383046 0.0391383495145631
0 0.3639128728414443 0.20145631067961164 0.034340659340659344 0.025485436893203883
0 0.394328885400314 0.2055521844660194 0.024529042386185244 0.02578883495145631
0 0.42415620094191525 0.2011529126213592 0.028453689167974885 0.01699029126213592
0 0.46369701726844587 0.198877427184466 0.05062794348508635 0.027609223300970872
0 0.2111459968602826 0.2402912621359223 0.07692307692307693 0.0345873786407767
0 0.3115188383045526 0.23437499999999997 0.11322605965463109 0.02336165048543689
0 0.4275902668759812 0.23300970873786406 0.12872841444270017 0.04368932038834951
0 0.22184065934065936 0.26941747572815533 0.07594191522762951 0.03398058252427184
0 0.32662872841444274 0.26547330097087374 0.10027472527472528 0.035800970873786406
0 0.4069858712715856 0.2636529126213592 0.04709576138147567 0.030339805825242715
0 0.46075353218210363 0.259253640776699 0.06161695447409733 0.037924757281553395
0 0.19839089481946626 0.2953580097087378 0.031789638932496075 0.01729368932038835
0 0.2449960753532182 0.29990898058252424 0.05788854003139718 0.03246359223300971
0 0.31230376766091056 0.2942961165048543 0.06691522762951335 0.021844660194174755
0 0.37029042386185246 0.2923240291262136 0.0380690737833595 0.016686893203883495
0 0.4376962323390895 0.2941444174757281 0.11008634222919939 0.043992718446601936
0 0.20722135007849296 0.3229672330097087 0.04748822605965464 0.016686893203883495
0 0.27217425431711145 0.3285800970873786 0.07535321821036108 0.03519417475728155
0 0.33143642072213503 0.3205400485436893 0.04003139717425432 0.017900485436893203
0 0.361361852433281 0.31659587378640774 0.019819466248037678 0.025182038834951456
0 0.4122841444270016 0.3232706310679611 0.09419152276295134 0.045206310679611644
0 0.20290423861852436 0.34905946601941745 0.0380690737833595 0.026395631067961164
0 0.24342621664050237 0.3531553398058252 0.03708791208791209 0.015169902912621358
0 0.30082417582417587 0.34921116504854366 0.06789638932496075 0.02427184466019417
0 0.351157770800628 0.350879854368932 0.034340659340659344 0.040958737864077666
0 0.38324175824175827 0.34238470873786403 0.022370486656200943 0.02032766990291262
0 0.43131868131868134 0.3391990291262136 0.07221350078492936 0.023058252427184463
0 0.4800824175824176 0.33692354368932037 0.023351648351648352 0.01608009708737864
0 0.20820251177394036 0.38046116504854366 0.05886970172684459 0.026092233009708737
0 0.2827708006279435 0.3822815533980582 0.0804552590266876 0.037014563106796114
0 0.3540031397174255 0.37591019417475724 0.05612244897959184 0.023058252427184463
0 0.41787676609105184 0.3710558252427184 0.04336734693877551 0.020631067961165046
0 0.46693485086342235 0.36301577669902907 0.05121664050235479 0.030643203883495142
0 0.20359105180533754 0.4141383495145631 0.043759811616954476 0.032766990291262135
0 0.28424254317111464 0.41019417475728154 0.02806122448979592 0.019417475728155338
0 0.32290031397174257 0.413379854368932 0.0445447409733124 0.04338592233009708
0 0.38392857142857145 0.4045813106796116 0.07083987441130299 0.022754854368932036
0 0.4344583987441131 0.4013956310679611 0.020408163265306124 0.021844660194174755
0 0.47605965463108324 0.39411407766990286 0.025510204081632654 0.02245145631067961
0 0.20005886970172684 0.4513046116504854 0.052001569858712716 0.040958737864077666
0 0.26255886970172687 0.43765169902912615 0.06397174254317112 0.02214805825242718
0 0.3297684458398744 0.43643810679611644 0.05121664050235479 0.01911407766990291
0 0.3849097331240189 0.4299150485436893 0.05396389324960754 0.025485436893203883
0 0.4519230769230769 0.4315837378640776 0.07967032967032968 0.03428398058252427
0 0.20741758241758243 0.47223907766990286 0.0521978021978022 0.027609223300970872
0 0.27276295133437994 0.46647451456310673 0.05886970172684459 0.02214805825242718
0 0.3565541601255887 0.4769417475728155 0.07770800627943486 0.04429611650485436
0 0.46202904238618525 0.4628337378640776 0.04611459968602826 0.03610436893203883
0 0.22655023547880693 0.5124393203883495 0.08065149136577708 0.03944174757281553
0 0.30003924646781793 0.5003033980582524 0.04003139717425432 0.025485436893203883
0 0.36430533751962324 0.49878640776699024 0.0794740973312402 0.023058252427184463
0 0.4558477237048666 0.48695388349514557 0.07496075353218211 0.02669902912621359
0 0.32054552590266877 0.5402002427184466 0.08732339089481947 0.042172330097087374
0 0.3976648351648352 0.5282160194174756 0.05396389324960754 0.018810679611650484
0 0.4425039246467818 0.5230582524271844 0.033751962323390894 0.02427184466019417
0 0.22733516483516486 0.5670509708737863 0.0837912087912088 0.03519417475728155
0 0.2995486656200942 0.5755461165048543 0.07083987441130299 0.04126213592233009
0 0.3712715855572999 0.5587075242718446 0.06750392464678179 0.02578883495145631
0 0.4270996860282575 0.5626516990291262 0.03826530612244898 0.030643203883495142
0 0.20270800627943486 0.5928398058252426 0.04003139717425432 0.026092233009708737
0 0.23812794348508637 0.5978458737864077 0.03473312401883831 0.033677184466019416
0 0.28335949764521196 0.5970873786407767 0.03021978021978022 0.020631067961165046
0 0.348116169544741 0.5922330097087378 0.09733124018838304 0.028519417475728153
0 0.43112244897959184 0.5863167475728155 0.05023547880690738 0.031856796116504854
0 0.47517660910518056 0.5799453883495145 0.03512558869701727 0.030643203883495142
0 0.20839874411302983 0.6231796116504854 0.0380690737833595 0.019417475728155338
0 0.25529827315541603 0.6221177184466019 0.023547880690737835 0.021541262135922327
0 0.29768445839874413 0.6322815533980582 0.06397174254317112 0.03640776699029126
0 0.3557692307692308 0.6169599514563107 0.03218210361067504 0.02336165048543689
0 0.43583202511773944 0.6160497572815533 0.043171114599686033 0.03003640776699029
0 0.47537284144427006 0.6083131067961165 0.032770800627943485 0.01820388349514563
0 0.28532182103610676 0.6501820388349514 0.03218210361067504 0.019417475728155338
0 0.3308477237048666 0.6469963592233009 0.049450549450549455 0.02578883495145631
0 0.3840266875981162 0.6381978155339805 0.0521978021978022 0.031856796116504854
0 0.42935635792778654 0.6348604368932038 0.03885400313971743 0.01911407766990291
0 0.46821036106750397 0.6410800970873786 0.04866562009419152 0.03398058252427184
0 0.24009026687598117 0.6785497572815533 0.055533751962323394 0.027002427184466018
0 0.3076923076923077 0.6744538834951456 0.07574568288854004 0.028519417475728153
0 0.38373233908948196 0.6732402912621359 0.07044740973312402 0.026092233009708737
0 0.4664442700156986 0.6761225728155339 0.05416012558869702 0.03246359223300971
0 0.2458791208791209 0.7189016990291262 0.041601255886970175 0.03307038834951456
0 0.29248430141287285 0.7119235436893203 0.04768445839874411 0.03610436893203883
0 0.37078100470957615 0.7041868932038834 0.06063579277864992 0.023665048543689317
0 0.4635989010989011 0.6997876213592232 0.05828100470957614 0.045206310679611644
0 0.2097723704866562 0.7412014563106796 0.022370486656200943 0.02245145631067961
0 0.23302590266875983 0.7396844660194174 0.020604395604395604 0.020631067961165046
0 0.27109497645211933 0.7430218446601942 0.05121664050235479 0.028519417475728153
0 0.33222135007849296 0.7448422330097086 0.07378335949764521 0.03640776699029126
0 0.4080651491365777 0.743628640776699 0.08536106750392465 0.035800970873786406
0 0.470467032967033 0.725879854368932 0.03002354788069074 0.02578883495145631
0 0.21006671899529045 0.7683555825242718 0.039050235478806906 0.016686893203883495
0 0.2490188383045526 0.7680521844660193 0.028649921507064365 0.015473300970873785
0 0.291306907378336 0.7650182038834951 0.04925431711145997 0.017900485436893203
0 0.4342621664050236 0.7586468446601942 0.047880690737833596 0.01729368932038835
0 0.21605180533751964 0.7915655339805825 0.044740973312401885 0.019417475728155338
0 0.2701138147566719 0.7952063106796116 0.05514128728414443 0.02487864077669903
0 0.345074568288854 0.7895934466019416 0.060243328100470964 0.022754854368932036
0 0.3922684458398744 0.7882281553398057 0.021585557299843017 0.01395631067961165
0 0.4201334379905809 0.7815533980582524 0.031397174254317116 0.021844660194174755
0 0.4599686028257457 0.7838288834951456 0.04120879120879121 0.022754854368932036
0 0.20653453689167975 0.819629854368932 0.042189952904238624 0.023968446601941744
0 0.2480376766091052 0.8191747572815533 0.038461538461538464 0.023665048543689317
0 0.30631868131868134 0.8185679611650485 0.07417582417582418 0.026092233009708737
0 0.382947409733124 0.8103762135922329 0.07280219780219781 0.021844660194174755
0 0.2061420722135008 0.828883495145631 0.022174254317111463 0.019417475728155338
