0 0.18524332810047098 0.10603762135922329 0.05180533751962324 0.0245752427184466
0 0.26393249607535324 0.10891990291262135 0.10086342229199373 0.03337378640776699
0 0.32211538461538464 0.10679611650485436 0.00804552590266876 0.020024271844660192
0 0.359105180533752 0.10785800970873785 0.06593406593406594 0.0245752427184466
0 0.4143445839874412 0.10588592233009708 0.045329670329670335 0.03640776699029126
0 0.462519623233909 0.1039138349514563 0.05023547880690738 0.029429611650485434
0 0.18279042386185243 0.1316747572815534 0.04768445839874411 0.02427184466019417
0 0.22655023547880693 0.13789441747572814 0.048469387755102046 0.031856796116504854
0 0.26569858712715855 0.12803398058252427 0.023940345368916798 0.020631067961165046
0 0.2827708006279435 0.13804611650485435 0.010204081632653062 0.026092233009708737
0 0.3114207221350079 0.12939927184466019 0.04591836734693878 0.023968446601941744
0 0.347723704866562 0.13819781553398058 0.026687598116169546 0.03003640776699029
0 0.3853021978021978 0.13440533980582522 0.05239403453689168 0.030339805825242715
0 0.4333791208791209 0.13228155339805825 0.04140502354788069 0.0345873786407767
0 0.47282182103610676 0.12985436893203883 0.03316326530612245 0.03155339805825243
0 0.18691130298273156 0.16444174757281552 0.07123233908948196 0.030339805825242715
0 0.22566718995290425 0.1630764563106796 0.012558869701726845 0.027002427184466018
0 0.25078492935635793 0.1564016990291262 0.03767660910518054 0.03003640776699029
0 0.29464285714285715 0.15761529126213591 0.04650706436420722 0.02336165048543689
0 0.35253139717425436 0.15989077669902912 0.06887755102040817 0.038834951456310676
0 0.3918759811616955 0.16110436893203883 0.013343799058084773 0.029126213592233007
0 0.4359301412872842 0.1553398058252427 0.07476452119309263 0.02487864077669903
0 0.1747448979591837 0.18219053398058252 0.028453689167974885 0.027002427184466018
0 0.20790816326530615 0.18719660194174756 0.04650706436420722 0.03216019417475728
0 0.23685243328100472 0.18841019417475727 0.010204081632653062 0.023665048543689317
0 0.2540227629513344 0.1841626213592233 0.025313971742543174 0.032766990291262135
0 0.28169152276295134 0.1788531553398058 0.0260989010989011 0.02032766990291262
0 0.31112637362637363 0.1831007281553398 0.031200941915227633 0.03246359223300971
0 0.35233516483516486 0.18037014563106796 0.05239403453689168 0.018507281553398057
0 0.3993328100470958 0.17809466019417475 0.03885400313971743 0.02487864077669903
0 0.44014913657770804 0.18704490291262135 0.04513343799058085 0.031856796116504854
0 0.47517660910518056 0.17809466019417475 0.024921507064364207 0.02245145631067961
0 0.1728806907378336 0.21086165048543687 0.029434850863422294 0.018810679611650484
0 0.21153846153846156 0.2154126213592233 0.05690737833594977 0.03944174757281553
0 0.26560047095761385 0.20934466019417475 0.03944270015698587 0.021844660194174755
0 0.3031789638932496 0.2154126213592233 0.0423861852433281 0.037014563106796114
0 0.3583202511773941 0.20722087378640774 0.06985871271585557 0.030339805825242715
0 0.42425431711146 0.20964805825242716 0.059654631083202514 0.03822815533980582
0 0.4711538461538462 0.20266990291262135 0.036499215070643645 0.02245145631067961
0 0.18681318681318682 0.24529733009708735 0.06868131868131869 0.033677184466019416
0 0.2528453689167975 0.24499393203883493 0.06887755102040817 0.031249999999999997
0 0.31927001569858715 0.23604368932038833 0.05847723704866562 0.032766990291262135
0 0.378041601255887 0.2389259708737864 0.06613029827315542 0.033677184466019416
0 0.4520211930926217 0.23088592233009705 0.07594191522762951 0.02427184466019417
0 0.1623822605965463 0.2724514563106796 0.01393249607535322 0.029126213592233007
0 0.17827708006279436 0.26638349514563103 0.01785714285714286 0.019417475728155338
0 0.22154631083202514 0.27047936893203883 0.06514913657770802 0.034890776699029125
0 0.25824175824175827 0.27275485436893204 0.010596546310832025 0.026092233009708737
0 0.2709968602825746 0.26638349514563103 0.014521193092621665 0.0212378640776699
0 0.29268053375196235 0.26729368932038833 0.030808477237048666 0.03337378640776699
0 0.31877943485086346 0.2692657766990291 0.019427001569858715 0.022754854368932036
0 0.3444858712715856 0.26638349514563103 0.02923861852433281 0.026092233009708737
0 0.37656985871271587 0.2615291262135922 0.033751962323390894 0.023665048543689317
0 0.4051216640502355 0.2568264563106796 0.023351648351648352 0.02882281553398058
0 0.43602825745682894 0.25409587378640774 0.036891679748822605 0.025182038834951456
0 0.47135007849293564 0.25864684466019416 0.03218210361067504 0.03610436893203883
0 0.18602825745682888 0.2949029126213592 0.04827315541601256 0.023058252427184463
0 0.23910910518053377 0.3079490291262136 0.06063579277864992 0.03337378640776699
0 0.30759419152276296 0.2938410194174757 0.07005494505494506 0.026395631067961164
0 0.3612637362637363 0.30157766990291257 0.03610675039246468 0.029126213592233007
0 0.39756671899529045 0.2923240291262136 0.024725274725274728 0.018507281553398057
0 0.4199372056514914 0.28595266990291257 0.02119309262166405 0.018507281553398057
0 0.4340659340659341 0.2924757281553398 0.010596546310832025 0.021844660194174755
0 0.4530023547880691 0.2827669902912621 0.026491365777080063 0.02245145631067961
0 0.4772370486656201 0.28322208737864074 0.023155416012558872 0.017900485436893203
0 0.17278257456828885 0.3226638349514563 0.02295918367346939 0.02578883495145631
0 0.19652668759811617 0.32569781553398053 0.023351648351648352 0.01729368932038835
0 0.21703296703296704 0.3235740291262136 0.01295133437990581 0.016686893203883495
0 0.2398940345368917 0.32691140776699024 0.03355572998430142 0.0245752427184466
0 0.2668759811616955 0.31993325242718446 0.01609105180533752 0.02032766990291262
0 0.2877747252747253 0.31902305825242716 0.02374411302982732 0.02032766990291262
0 0.30523940345368916 0.32782160194174753 0.011185243328100471 0.026395631067961164
0 0.3213304552590267 0.3225121359223301 0.018642072213500786 0.0212378640776699
0 0.35105965463108324 0.3206917475728155 0.03885400313971743 0.020024271844660192
0 0.3764717425431711 0.3264563106796116 0.013540031397174255 0.027305825242718445
0 0.4137558869701727 0.31993325242718446 0.0641679748822606 0.030643203883495142
0 0.4448587127158556 0.3149271844660194 0.010204081632653062 0.023058252427184463
0 0.46418759811616955 0.3052184466019417 0.027668759811616955 0.02427184466019417
0 0.1773940345368917 0.35133495145631066 0.03610675039246468 0.02973300970873786
0 0.21389324960753534 0.36058859223300965 0.038461538461538464 0.033677184466019416
0 0.25058869701726844 0.35042475728155337 0.031789638932496075 0.020631067961165046
0 0.27580455259026687 0.3540655339805825 0.019427001569858715 0.02973300970873786
0 0.3114207221350079 0.3505764563106796 0.04827315541601256 0.03731796116504854
0 0.3483124018838305 0.3426881067961165 0.026295133437990583 0.021541262135922327
0 0.38157378335949765 0.3417779126213592 0.030808477237048666 0.017900485436893203
0 0.40786891679748827 0.3388956310679611 0.019427001569858715 0.023665048543689317
0 0.45378728414442704 0.3317657766990291 0.07123233908948196 0.027002427184466018
0 0.16365777080062796 0.38819781553398053 0.01295133437990581 0.02882281553398058
0 0.17857142857142858 0.37939927184466016 0.019623233908948195 0.020934466019417473
0 0.2056514913657771 0.37727548543689315 0.033751962323390894 0.02336165048543689
0 0.25058869701726844 0.3721177184466019 0.0565149136577708 0.022754854368932036
0 0.3182888540031397 0.3701456310679611 0.07378335949764521 0.025485436893203883
0 0.38824568288854006 0.36453276699029125 0.05828100470957614 0.023968446601941744
0 0.43328100470957615 0.35816140776699024 0.024725274725274728 0.023968446601941744
0 0.4657574568288854 0.36438106796116504 0.04493720565149137 0.029126213592233007
0 0.17248822605965464 0.4047330097087378 0.01295133437990581 0.016383495145631068
0 0.19377943485086344 0.4032160194174757 0.028846153846153848 0.03337378640776699
0 0.2418563579277865 0.40503640776699024 0.0684850863422292 0.038834951456310676
0 0.2830651491365777 0.39563106796116504 0.014324960753532182 0.01820388349514563
0 0.320447409733124 0.39229368932038833 0.05847723704866562 0.02245145631067961
0 0.3635204081632653 0.3979065533980582 0.032378335949764525 0.040958737864077666
0 0.38559654631083207 0.39836165048543687 0.017660910518053376 0.029126213592233007
0 0.4036499215070644 0.3891080097087378 0.020800627943485087 0.027609223300970872
0 0.4172880690737834 0.39517597087378636 0.012362637362637364 0.022754854368932036
0 0.4331828885400314 0.39290048543689315 0.019427001569858715 0.032766990291262135
0 0.46673861852433285 0.3830400485436893 0.04650706436420722 0.022754854368932036
0 0.1697409733124019 0.4277912621359223 0.013736263736263738 0.018810679611650484
0 0.18730376766091053 0.42369538834951453 0.019427001569858715 0.019720873786407765
0 0.2272370486656201 0.43052184466019416 0.05886970172684459 0.0279126213592233
0 0.2645211930926217 0.4300667475728155 0.009811616954474097 0.025182038834951456
0 0.27472527472527475 0.4233919902912621 0.00706436420722135 0.015473300970873785
0 0.2848312401883831 0.4173240291262136 0.011970172684458399 0.023968446601941744
0 0.3024921507064364 0.417627427184466 0.021389324960753534 0.0245752427184466
0 0.3429160125588697 0.4203580097087378 0.05592621664050236 0.03003640776699029
0 0.4034536891679749 0.42202669902912615 0.07182103610675039 0.0345873786407767
0 0.4633045525902669 0.4171723300970873 0.052982731554160126 0.0345873786407767
0 0.18740188383045528 0.458131067961165 0.04905808477237049 0.03640776699029126
0 0.22301805337519626 0.4491808252427184 0.018642072213500786 0.02214805825242718
0 0.2633437990580848 0.4497876213592233 0.059654631083202514 0.022754854368932036
0 0.31063579277864994 0.4423543689320388 0.033751962323390894 0.0279126213592233
0 0.33810832025117743 0.43992718446601936 0.02001569858712716 0.029126213592233007
0 0.372350863422292 0.43977548543689315 0.048861852433281006 0.01911407766990291
0 0.4175824175824176 0.4368932038834951 0.03767660910518054 0.018810679611650484
0 0.45339481946624804 0.4308252427184466 0.03159340659340659 0.023665048543689317
0 0.4797880690737834 0.42809466019417475 0.02197802197802198 0.029126213592233007
0 0.18259419152276296 0.48968446601941745 0.05121664050235479 0.035800970873786406
0 0.22655023547880693 0.4760315533980582 0.03630298273155416 0.02245145631067961
0 0.2672684458398744 0.47512135922330095 0.04356357927786499 0.02427184466019417
0 0.3109301412872842 0.47284587378640774 0.039050235478806906 0.025182038834951456
0 0.3762755102040817 0.4682949029126213 0.0869309262166405 0.02578883495145631
0 0.4264128728414443 0.47011529126213586 0.0141287284144427 0.02578883495145631
0 0.4380886970172685 0.464502427184466 0.024921507064364207 0.03762135922330097
0 0.4711538461538462 0.4523665048543689 0.03924646781789639 0.023058252427184463
0 0.1853414442700157 0.5100121359223301 0.042582417582417584 0.025485436893203883
0 0.24215070643642073 0.5051577669902912 0.07378335949764521 0.023058252427184463
0 0.2945447409733124 0.5112257281553397 0.031397174254317116 0.032766990291262135
0 0.31622841444270017 0.4974211165048543 0.01393249607535322 0.023968446601941744
0 0.364795918367347 0.5012135922330097 0.08516483516483517 0.03094660194174757
0 0.4222919937205652 0.4913531553398058 0.029434850863422294 0.015473300970873785
0 0.4543759811616955 0.4922633495145631 0.035910518053375196 0.028216019417475726
0 0.17337127158555732 0.5395934466019418 0.03002354788069074 0.03549757281553398
0 0.2272370486656201 0.5461165048543689 0.07299843014128729 0.03337378640776699
0 0.27953296703296704 0.5365594660194174 0.021389324960753534 0.021541262135922327
0 0.3311420722135008 0.5288228155339806 0.08575353218210362 0.02669902912621359
0 0.3809850863422292 0.5256371359223301 0.016679748822605967 0.018507281553398057
