0 0.18396781789638933 0.0737257281553398 0.04768445839874411 0.023665048543689317
0 0.23410518053375198 0.07448422330097086 0.04591836734693878 0.022754854368932036
0 0.2692307692307693 0.07539441747572814 0.02511773940345369 0.022754854368932036
0 0.3444858712715856 0.08737864077669902 0.08222135007849295 0.029126213592233007
0 0.42562794348508637 0.07524271844660194 0.04356357927786499 0.0212378640776699
0 0.4639913657770801 0.07433252427184465 0.029631083202511777 0.02669902912621359
0 0.18288854003139718 0.10816140776699028 0.05062794348508635 0.033677184466019416
0 0.22547095761381478 0.11271237864077668 0.03885400313971743 0.033677184466019416
0 0.2668759811616955 0.10345873786407767 0.04395604395604396 0.03519417475728155
0 0.34536891679748827 0.1039138349514563 0.06397174254317112 0.027609223300970872
0 0.2451923076923077 0.13531553398058252 0.0500392464678179 0.018810679611650484
0 0.3333006279434851 0.138501213592233 0.07044740973312402 0.03307038834951456
0 0.39158163265306123 0.14305218446601942 0.03316326530612245 0.029429611650485434
0 0.45270800627943486 0.13713592233009708 0.04709576138147567 0.03519417475728155
0 0.17916012558869704 0.167627427184466 0.044348508634222926 0.021541262135922327
0 0.23390894819466249 0.16019417475728154 0.04081632653061225 0.027305825242718445
0 0.2819858712715856 0.1630764563106796 0.049843014128728415 0.03610436893203883
0 0.33614599686028257 0.15776699029126212 0.05533751962323391 0.027305825242718445
0 0.3760792778649922 0.15898058252427183 0.020604395604395604 0.02245145631067961
0 0.41169544740973313 0.16823422330097085 0.052982731554160126 0.03549757281553398
0 0.45574960753532184 0.16049757281553398 0.035518053375196236 0.016383495145631068
0 0.16748430141287285 0.19280946601941745 0.020604395604395604 0.022754854368932036
0 0.19662480376766092 0.20449029126213591 0.052982731554160126 0.037014563106796114
0 0.25353218210361067 0.18719660194174756 0.062401883830455265 0.028519417475728153
0 0.3278061224489796 0.1953883495145631 0.04297488226059655 0.03944174757281553
0 0.3671507064364207 0.1855279126213592 0.03100470957613815 0.01911407766990291
0 0.42052590266875983 0.1852245145631068 0.06946624803767662 0.026395631067961164
0 0.20211930926216642 0.22709344660194172 0.08437990580847725 0.03731796116504854
0 0.27060439560439564 0.2257281553398058 0.04709576138147567 0.040048543689320384
0 0.3316326530612245 0.21586771844660194 0.07496075353218211 0.03307038834951456
0 0.4180729984301413 0.216626213592233 0.09046310832025119 0.04186893203883495
0 0.19358320251177394 0.25546116504854366 0.07437205651491366 0.04126213592233009
0 0.26197017268445844 0.2547026699029126 0.05886970172684459 0.028216019417475726
0 0.3373233908948195 0.24378033980582522 0.06475667189952905 0.031856796116504854
0 0.40885007849293564 0.23665048543689318 0.07005494505494506 0.029126213592233007
0 0.46634615384615385 0.2399878640776699 0.028453689167974885 0.01395631067961165
0 0.19024725274725277 0.279126213592233 0.02295918367346939 0.023058252427184463
0 0.25078492935635793 0.28443567961165045 0.09183673469387756 0.04035194174757281
0 0.312892464678179 0.2827669902912621 0.03865777080062795 0.03398058252427184
0 0.4374018838304553 0.26972087378640774 0.09536891679748823 0.03094660194174757
0 0.17768838304552592 0.3112864077669903 0.04101255886970173 0.019417475728155338
0 0.21006671899529045 0.3088592233009708 0.0260989010989011 0.023665048543689317
0 0.257947409733124 0.31113470873786403 0.0641679748822606 0.017900485436893203
0 0.3232927786499215 0.3102245145631068 0.037480376766091054 0.03428398058252427
0 0.35949764521193095 0.29657160194174753 0.031397174254317116 0.027002427184466018
0 0.3892268445839875 0.3070388349514563 0.03512558869701727 0.03155339805825243
0 0.4192503924646782 0.2933859223300971 0.02688383045525903 0.02427184466019417
0 0.18161302982731556 0.3417779126213592 0.0500392464678179 0.031249999999999997
0 0.23449764521193095 0.3393507281553398 0.0521978021978022 0.03003640776699029
0 0.29032574568288855 0.34374999999999994 0.0543563579277865 0.03640776699029126
0 0.3490973312401884 0.3360133495145631 0.052982731554160126 0.020934466019417473
0 0.41483516483516486 0.3282766990291262 0.0773155416012559 0.029126213592233007
0 0.27403846153846156 0.7246662621359222 0.06809262166405024 0.0391383495145631
0 0.32623626373626374 0.7211771844660193 0.03159340659340659 0.026092233009708737
0 0.3642072213500785 0.7222390776699028 0.047880690737833596 0.031856796116504854
0 0.42415620094191525 0.717384708737864 0.0794740973312402 0.033677184466019416
0 0.1876962323390895 0.7504550970873786 0.0402276295133438 0.03003640776699029
0 0.30043171114599687 0.7489381067961164 0.06671899529042387 0.03307038834951456
0 0.3570447409733124 0.7483313106796116 0.04179748822605966 0.026395631067961164
0 0.39972527472527475 0.7498483009708737 0.0423861852433281 0.02336165048543689
0 0.2748233908948195 0.7785194174757281 0.05906593406593407 0.03155339805825243
0 0.3376177394034537 0.7735133495145631 0.0641679748822606 0.029429611650485434
0 0.3901098901098901 0.7826152912621358 0.03571428571428572 0.02578883495145631
0 0.4149332810047096 0.805521844660194 0.04768445839874411 0.023665048543689317
0 0.4551609105180534 0.8017293689320387 0.030416012558869703 0.018507281553398057
0 0.40208006279434855 0.8354065533980581 0.044740973312401885 0.027609223300970872
0 0.445839874411303 0.8263046116504854 0.04120879120879121 0.025182038834951456
0 0.34105180533751966 0.8520934466019416 0.0423861852433281 0.028216019417475726
0 0.4084576138147567 0.8560376213592232 0.08065149136577708 0.0245752427184466
0 0.31544348508634223 0.8857706310679611 0.027668759811616955 0.022754854368932036
0 0.38069073783359497 0.8894114077669902 0.05494505494505495 0.03549757281553398
0 0.42484301412872844 0.8851638349514562 0.028649921507064365 0.020934466019417473
0 0.35861459968602827 0.9129247572815533 0.0260989010989011 0.023665048543689317
0 0.42307692307692313 0.9145934466019416 0.09850863422291994 0.029429611650485434
0 0.6485478806907379 0.09086771844660194 0.06593406593406594 0.026395631067961164
0 0.7092817896389325 0.09253640776699028 0.048469387755102046 0.03337378640776699
0 0.7674646781789639 0.08707524271844659 0.06475667189952905 0.0212378640776699
0 0.8255494505494506 0.09299150485436893 0.04277864992150707 0.02882281553398058
0 0.8785321821036107 0.09132281553398057 0.06671899529042387 0.03094660194174757
0 0.6342229199372057 0.12484830097087378 0.049450549450549455 0.03428398058252427
0 0.6774921507064364 0.13000606796116504 0.03669544740973313 0.033677184466019416
0 0.7163461538461539 0.11589805825242717 0.04140502354788069 0.016383495145631068
0 0.7501962323390895 0.12454490291262135 0.039638932496075356 0.03549757281553398
0 0.800039246467818 0.11210558252427183 0.04120879120879121 0.02214805825242718
0 0.8492935635792779 0.11028519417475727 0.0565149136577708 0.02214805825242718
0 0.6048861852433282 0.15124393203883493 0.037480376766091054 0.019720873786407765
0 0.6620879120879122 0.1553398058252427 0.07574568288854004 0.03762135922330097
0 0.720859497645212 0.1476031553398058 0.03473312401883831 0.02214805825242718
0 0.7714874411302983 0.14456917475728154 0.061813186813186816 0.022754854368932036
0 0.8314364207221351 0.14456917475728154 0.05612244897959184 0.01729368932038835
0 0.8804945054945056 0.14305218446601942 0.047880690737833596 0.043992718446601936
0 0.6101844583987441 0.18355582524271843 0.059850863422292 0.026092233009708737
0 0.6862244897959184 0.17961165048543687 0.06122448979591837 0.020024271844660192
0 0.7494113029827316 0.18006674757281552 0.06357927786499215 0.033677184466019416
0 0.801510989010989 0.17900485436893201 0.03826530612244898 0.02973300970873786
0 0.8423273155416013 0.1688410194174757 0.042582417582417584 0.028216019417475726
0 0.6287284144427002 0.21389563106796114 0.08084772370486656 0.027305825242718445
0 0.694368131868132 0.20858616504854366 0.03669544740973313 0.017900485436893203
0 0.7510792778649922 0.21131674757281552 0.0684850863422292 0.02882281553398058
0 0.8115188383045526 0.20312499999999997 0.05121664050235479 0.021541262135922327
0 0.8703885400313972 0.19766383495145629 0.06691522762951335 0.025182038834951456
0 0.6136185243328101 0.23831917475728154 0.05533751962323391 0.026395631067961164
0 0.6584576138147568 0.23513349514563106 0.0260989010989011 0.027305825242718445
0 0.6913265306122449 0.23862257281553395 0.03728414442700157 0.04035194174757281
0 0.7321428571428572 0.2334648058252427 0.04120879120879121 0.0245752427184466
0 0.8118131868131868 0.22952063106796114 0.11773940345368918 0.02214805825242718
0 0.8911891679748823 0.22587985436893201 0.034340659340659344 0.016686893203883495
0 0.6016483516483517 0.263501213592233 0.027472527472527476 0.03003640776699029
0 0.6550235478806907 0.26638349514563103 0.07456828885400314 0.02427184466019417
0 0.7286106750392465 0.2628944174757281 0.07182103610675039 0.0245752427184466
0 0.8084772370486657 0.2589502427184466 0.08791208791208792 0.031856796116504854
0 0.8900117739403455 0.2513652912621359 0.047291993720565154 0.027002427184466018
0 0.6164638932496076 0.2971783980582524 0.06534536891679749 0.03307038834951456
0 0.693190737833595 0.2924757281553398 0.06613029827315542 0.03094660194174757
0 0.7495094191522763 0.29111043689320387 0.03826530612244898 0.033677184466019416
0 0.8086734693877552 0.28792475728155337 0.07770800627943486 0.027305825242718445
0 0.8848116169544742 0.2806432038834951 0.05062794348508635 0.020024271844660192
0 0.606063579277865 0.3258495145631068 0.032770800627943485 0.020631067961165046
0 0.6442307692307693 0.32220873786407767 0.03767660910518054 0.015776699029126214
0 0.6932888540031398 0.3244842233009708 0.05416012558869702 0.027609223300970872
0 0.7667778649921507 0.3205400485436893 0.08653846153846155 0.026395631067961164
0 0.8634222919937207 0.31705097087378636 0.08084772370486656 0.03094660194174757
0 0.6263736263736264 0.3567961165048543 0.08555729984301413 0.038834951456310676
0 0.7043759811616955 0.35042475728155337 0.055533751962323394 0.02427184466019417
0 0.7789442700156987 0.35224514563106796 0.04297488226059655 0.028519417475728153
0 0.8301609105180534 0.3528519417475728 0.04179748822605966 0.029126213592233007
0 0.8801020408163266 0.3429915048543689 0.0565149136577708 0.03003640776699029
0 0.61175431711146 0.3862257281553398 0.0500392464678179 0.027305825242718445
0 0.7366562009419153 0.3851638349514563 0.06318681318681318 0.031856796116504854
0 0.8087715855572999 0.37727548543689315 0.07868916797488226 0.023968446601941744
0 0.8738226059654631 0.3710558252427184 0.04905808477237049 0.029126213592233007
0 0.6187205651491366 0.4123179611650485 0.06279434850863423 0.02487864077669903
0 0.7118328100470958 0.41368325242718446 0.06691522762951335 0.031249999999999997
0 0.8496860282574569 0.41125606796116504 0.10204081632653061 0.03549757281553398
0 0.631868131868132 0.44068567961165045 0.08241758241758242 0.0245752427184466
0 0.6947605965463108 0.43962378640776695 0.04179748822605966 0.020631067961165046
0 0.731063579277865 0.4379550970873786 0.030416012558869703 0.0245752427184466
0 0.8055337519623235 0.43856189320388345 0.06318681318681318 0.03549757281553398
0 0.8642072213500785 0.4299150485436893 0.05180533751962324 0.021844660194174755
0 0.6211734693877551 0.473756067961165 0.0641679748822606 0.025182038834951456
0 0.6837715855572999 0.47754854368932037 0.0543563579277865 0.040048543689320384
0 0.728414442700157 0.46890169902912615 0.033359497645211934 0.031856796116504854
0 0.7754120879120879 0.47421116504854366 0.05710361067503925 0.037014563106796114
0 0.8358516483516484 0.4631371359223301 0.04101255886970173 0.026395631067961164
0 0.8856946624803769 0.4632888349514563 0.05278649921507065 0.02245145631067961
0 0.6042974882260597 0.5022754854368932 0.030416012558869703 0.028216019417475726
0 0.6315737833594977 0.5033373786407767 0.025313971742543174 0.02487864077669903
0 0.688284929356358 0.5083434466019418 0.08182888540031398 0.03246359223300971
0 0.7405808477237049 0.5098604368932038 0.02708006279434851 0.033677184466019416
0 0.7685439560439561 0.49893810679611644 0.025313971742543174 0.020934466019417473
0 0.8131868131868132 0.4940837378640776 0.05612244897959184 0.020934466019417473
0 0.8811813186813188 0.49104975728155337 0.055533751962323394 0.03671116504854369
0 0.6143053375196232 0.5333737864077669 0.050431711145996864 0.0279126213592233
0 0.6576726844583988 0.5301881067961165 0.03826530612244898 0.02032766990291262
0 0.6932888540031398 0.5292779126213591 0.029827315541601257 0.017900485436893203
0 0.7656004709576139 0.5310983009708737 0.07476452119309263 0.034890776699029125
0 0.8240777080062794 0.5192657766990291 0.029631083202511777 0.02336165048543689
0 0.8750981161695448 0.5230582524271844 0.07123233908948196 0.029126213592233007
0 0.6042974882260597 0.5606796116504854 0.027276295133437992 0.02427184466019417
0 0.6343210361067504 0.5617415048543689 0.024921507064364207 0.01729368932038835
0 0.6676805337519623 0.5584041262135921 0.03944270015698587 0.025182038834951456
0 0.717817896389325 0.5591626213592232 0.034929356357927786 0.01820388349514563
0 0.7691326530612246 0.5579490291262136 0.06299058084772372 0.0424757281553398
0 0.8260400313971743 0.5538531553398057 0.05239403453689168 0.030643203883495142
0 0.889815541601256 0.5444478155339806 0.048861852433281006 0.026395631067961164
0 0.6093014128728415 0.5917779126213591 0.03218210361067504 0.020934466019417473
0 0.64962715855573 0.5975424757281553 0.04807692307692308 0.029429611650485434
0 0.7201726844583988 0.5834344660194174 0.047880690737833596 0.02487864077669903
0 0.770506279434851 0.5825242718446602 0.021389324960753534 0.020631067961165046
0 0.8173076923076924 0.5763046116504854 0.06671899529042387 0.026395631067961164
0 0.8865777080062794 0.5802487864077669 0.05886970172684459 0.03610436893203883
0 0.6076334379905809 0.6172633495145631 0.032378335949764525 0.025182038834951456
0 0.6368720565149137 0.6201456310679611 0.02295918367346939 0.01699029126213592
0 0.6631671899529042 0.6183252427184466 0.028453689167974885 0.0212378640776699
0 0.7035910518053375 0.6163531553398057 0.050431711145996864 0.0245752427184466
0 0.7504905808477238 0.610133495145631 0.042582417582417584 0.028519417475728153
0 0.7873822605965464 0.6045206310679612 0.02295918367346939 0.028216019417475726
0 0.8464481946624804 0.6069478155339806 0.07044740973312402 0.034890776699029125
0 0.6109693877551021 0.6524575242718446 0.04768445839874411 0.04338592233009708
0 0.6540423861852434 0.6524575242718446 0.04748822605965464 0.03853155339805825
0 0.7160518053375197 0.6488167475728155 0.076138147566719 0.023968446601941744
0 0.771978021978022 0.6510922330097086 0.03610675039246468 0.030339805825242715
0 0.8170133437990581 0.6439623786407767 0.0543563579277865 0.03731796116504854
0 0.6090070643642073 0.6780946601941747 0.027276295133437992 0.021844660194174755
0 0.6531593406593407 0.6756674757281553 0.059850863422292 0.020631067961165046
0 0.7245879120879122 0.6729368932038834 0.05631868131868132 0.02487864077669903
0 0.7708006279434851 0.6834041262135921 0.04513343799058085 0.029429611650485434
0 0.8248626373626374 0.6674757281553397 0.06299058084772372 0.023058252427184463
0 0.8845172684458399 0.6601941747572815 0.05514128728414443 0.028519417475728153
0 0.6075353218210361 0.7185983009708737 0.03453689167974883 0.03003640776699029
0 0.6736656200941915 0.7111650485436892 0.09262166405023549 0.0279126213592233
0 0.7602040816326531 0.7057038834951456 0.07339089481946626 0.02487864077669903
0 0.831828885400314 0.7049453883495145 0.06593406593406594 0.0391383495145631
0 0.8901098901098902 0.6874999999999999 0.03924646781789639 0.02669902912621359
0 0.6375588697017269 0.7452973300970873 0.0890894819466248 0.03246359223300971
0 0.7279238618524333 0.7386225728155339 0.06299058084772372 0.028216019417475726
0 0.8051412872841445 0.7320995145631067 0.08712715855572999 0.035800970873786406
0 0.8820643642072215 0.7283070388349514 0.059654631083202514 0.033677184466019416
0 0.620094191522763 0.7800364077669902 0.062401883830455265 0.03094660194174757
0 0.6922095761381476 0.777002427184466 0.0837912087912088 0.03640776699029126
0 0.7749215070643642 0.7647148058252426 0.07967032967032968 0.03003640776699029
0 0.867052590266876 0.752882281553398 0.10262951334379906 0.028216019417475726
0 0.6177394034536892 0.7971783980582524 0.0423861852433281 0.030643203883495142
0 0.6816130298273155 0.7983919902912621 0.0826138147566719 0.020934466019417473
0 0.7610871271585558 0.7967233009708737 0.08339874411302983 0.04065533980582524
0 0.827315541601256 0.7929308252427184 0.04905808477237049 0.03549757281553398
0 0.6131279434850864 0.8272148058252426 0.03198587127158556 0.02336165048543689
0 0.6529631083202512 0.8272148058252426 0.05121664050235479 0.027609223300970872
0 0.7066326530612246 0.8269114077669902 0.023940345368916798 0.01729368932038835
0 0.7434262166405023 0.8235740291262135 0.048469387755102046 0.019720873786407765
0 0.7869897959183674 0.8281249999999999 0.03787284144427002 0.029429611650485434
0 0.6304945054945056 0.8616504854368932 0.0620094191522763 0.0345873786407767
0 0.689756671899529 0.8540655339805825 0.04591836734693878 0.026092233009708737
0 0.7474489795918368 0.853003640776699 0.05886970172684459 0.020934466019417473
0 0.8162284144427002 0.8437499999999999 0.06887755102040817 0.025485436893203883
0 0.6143053375196232 0.8880461165048543 0.030808477237048666 0.020024271844660192
0 0.6907378335949765 0.8857706310679611 0.08791208791208792 0.028216019417475726
0 0.7519623233908949 0.8894114077669902 0.03257456828885401 0.028216019417475726
0 0.7888540031397174 0.873634708737864 0.04003139717425432 0.02578883495145631
0 0.6307888540031398 0.9153519417475727 0.06259811616954475 0.029126213592233007
0 0.6812205651491366 0.9170206310679611 0.035910518053375196 0.022754854368932036
0 0.7217425431711146 0.9104975728155339 0.03767660910518054 0.02487864077669903
0 0.7554945054945056 0.9060983009708737 0.028649921507064365 0.026395631067961164
0 0.8003335949764522 0.9050364077669902 0.05828100470957614 0.023058252427184463
