0 0.20192307692307693 0.08768203883495145 0.04709576138147567 0.032766990291262135
0 0.26354003139717425 0.09435679611650484 0.07221350078492936 0.03398058252427184
0 0.3561616954474098 0.09557038834951455 0.059654631083202514 0.03155339805825243
0 0.4438775510204082 0.08737864077669902 0.0663265306122449 0.02487864077669903
0 0.2140894819466248 0.11802184466019416 0.06907378335949765 0.020631067961165046
0 0.2819858712715856 0.12226941747572814 0.0565149136577708 0.03640776699029126
0 0.31043956043956045 0.0882888349514563 0.019230769230769232 0.021844660194174755
0 0.3404631083202512 0.12651699029126212 0.03610675039246468 0.03398058252427184
0 0.37578492935635793 0.11529126213592232 0.027472527472527476 0.0212378640776699
0 0.4087519623233909 0.12105582524271843 0.033751962323390894 0.03398058252427184
0 0.4391679748822606 0.10800970873786407 0.022370486656200943 0.02245145631067961
0 0.472723704866562 0.11984223300970873 0.04552590266875981 0.03155339805825243
0 0.1979984301412873 0.14896844660194172 0.0423861852433281 0.02669902912621359
0 0.24450549450549453 0.1465412621359223 0.04042386185243328 0.03640776699029126
0 0.28139717425431715 0.15382281553398056 0.036499215070643645 0.03155339805825243
0 0.34438775510204084 0.14472087378640774 0.08869701726844585 0.029126213592233007
0 0.42425431711146 0.1398665048543689 0.05847723704866562 0.025485436893203883
0 0.47390109890109894 0.13804611650485435 0.038461538461538464 0.02427184466019417
0 0.2668759811616955 0.17688106796116504 0.04120879120879121 0.02427184466019417
0 0.3035714285714286 0.17415048543689318 0.03296703296703297 0.026092233009708737
0 0.35282574568288855 0.17324029126213591 0.06554160125588697 0.03155339805825243
0 0.4495682888540032 0.17324029126213591 0.05808477237048666 0.03398058252427184
0 0.4012951334379906 0.17688106796116504 0.03767660910518054 0.04368932038834951
0 0.20643642072213503 0.20388349514563106 0.07103610675039247 0.0345873786407767
0 0.25824175824175827 0.2011529126213592 0.02708006279434851 0.021844660194174755
0 0.30180533751962324 0.20813106796116504 0.07025117739403454 0.035800970873786406
0 0.36145996860282575 0.2032766990291262 0.03885400313971743 0.02245145631067961
0 0.4307299843014129 0.1999393203883495 0.07142857142857144 0.02427184466019417
0 0.4807692307692308 0.1953883495145631 0.02708006279434851 0.0212378640776699
0 0.2207613814756672 0.23209951456310676 0.04395604395604396 0.03640776699029126
0 0.2131083202511774 0.2290655339805825 0.06004709576138148 0.046116504854368925
0 0.28748037676609106 0.2390776699029126 0.05494505494505495 0.035800970873786406
0 0.3583202511773941 0.23483009708737862 0.06397174254317112 0.03822815533980582
0 0.42955259026687603 0.2248179611650485 0.06907378335949765 0.032766990291262135
0 0.2184065934065934 0.25758495145631066 0.026687598116169546 0.020631067961165046
0 0.2914050235478807 0.2621359223300971 0.06279434850863423 0.02973300970873786
0 0.3434065934065934 0.25849514563106796 0.031789638932496075 0.026092233009708737
0 0.37421507064364207 0.26668689320388345 0.03532182103610675 0.029126213592233007
0 0.40168759811616955 0.2557645631067961 0.022762951334379906 0.02427184466019417
0 0.451530612244898 0.25849514563106796 0.04395604395604396 0.035800970873786406
0 0.2078100470957614 0.2924757281553398 0.06043956043956044 0.037014563106796114
0 0.27021193092621665 0.28762135922330095 0.03767660910518054 0.03216019417475728
0 0.3131868131868132 0.28792475728155337 0.04513343799058085 0.0279126213592233
0 0.3569466248037677 0.2915655339805825 0.02511773940345369 0.030339805825242715
0 0.35282574568288855 0.2930825242718446 0.034929356357927786 0.027305825242718445
0 0.38677394034536894 0.2848907766990291 0.033751962323390894 0.02669902912621359
0 0.45270800627943486 0.28307038834951453 0.07770800627943486 0.029126213592233007
0 0.19427001569858715 0.31219660194174753 0.03571428571428572 0.0279126213592233
0 0.23567503924646782 0.3194781553398058 0.05337519623233909 0.03155339805825243
0 0.3184850863422292 0.31735436893203883 0.03296703296703297 0.027305825242718445
0 0.3541993720565149 0.3203883495145631 0.03296703296703297 0.03822815533980582
0 0.4012951334379906 0.31705097087378636 0.05729984301412873 0.02427184466019417
0 0.46271585557299844 0.31644417475728154 0.06397174254317112 0.032766990291262135
0 0.19996075353218212 0.3537621359223301 0.04552590266875981 0.04186893203883495
0 0.2384222919937206 0.34739077669902907 0.02511773940345369 0.02427184466019417
0 0.27708006279434855 0.3440533980582524 0.026295133437990583 0.0212378640776699
0 0.27217425431711145 0.34617718446601936 0.03924646781789639 0.021844660194174755
0 0.3282967032967033 0.35103155339805825 0.07142857142857144 0.03640776699029126
0 0.38755886970172687 0.34648058252427183 0.04395604395604396 0.0212378640776699
0 0.42700156985871274 0.35103155339805825 0.04042386185243328 0.04126213592233009
0 0.4711538461538462 0.34344660194174753 0.047880690737833596 0.02973300970873786
0 0.22664835164835165 0.38167475728155337 0.08634222919937207 0.0345873786407767
0 0.30278649921507067 0.3831917475728155 0.06593406593406594 0.0424757281553398
0 0.3540031397174255 0.37591019417475724 0.03571428571428572 0.02669902912621359
0 0.40816326530612246 0.3819781553398058 0.07574568288854004 0.03640776699029126
0 0.2003532182103611 0.41049757281553395 0.0423861852433281 0.02669902912621359
0 0.266679748822606 0.4120145631067961 0.03296703296703297 0.0212378640776699
0 0.2543171114599686 0.4111043689320388 0.05690737833594977 0.0279126213592233
0 0.32162480376766095 0.4177791262135922 0.0816326530612245 0.03398058252427184
0 0.4222919937205652 0.40867718446601936 0.059262166405023554 0.0279126213592233
0 0.4087519623233909 0.41049757281553395 0.08948194662480377 0.02427184466019417
0 0.46605180533751966 0.4141383495145631 0.03767660910518054 0.03155339805825243
0 0.21565934065934067 0.4444781553398058 0.07378335949764521 0.038834951456310676
0 0.2823783359497645 0.4423543689320388 0.05337519623233909 0.02487864077669903
0 0.3294740973312402 0.44144417475728154 0.03532182103610675 0.030339805825242715
0 0.36793563579277866 0.4456917475728155 0.04866562009419152 0.040048543689320384
0 0.4389717425431711 0.4390169902912621 0.09183673469387756 0.03519417475728155
0 0.23704866562009422 0.4760315533980582 0.07339089481946626 0.04126213592233009
0 0.22684458398744115 0.4781553398058252 0.09301412872841444 0.035800970873786406
0 0.30514128728414447 0.4736043689320388 0.05023547880690738 0.03155339805825243
0 0.37146781789638933 0.4736043689320388 0.076138147566719 0.03398058252427184
0 0.4566326530612245 0.4702669902912621 0.06907378335949765 0.03216019417475728
0 0.19996075353218212 0.4984830097087378 0.03767660910518054 0.025485436893203883
0 0.23018053375196235 0.49908980582524265 0.02119309262166405 0.03640776699029126
0 0.2564756671899529 0.5069781553398058 0.03453689167974883 0.029126213592233007
0 0.29297488226059654 0.4981796116504854 0.03610675039246468 0.02487864077669903
0 0.3228021978021978 0.5087985436893203 0.03218210361067504 0.02669902912621359
0 0.37892464678178966 0.5009101941747572 0.03610675039246468 0.023058252427184463
0 0.4179748822605966 0.49757281553398053 0.03414442700156986 0.023665048543689317
0 0.46526687598116173 0.5021237864077669 0.05494505494505495 0.03519417475728155
0 0.22527472527472528 0.5273058252427184 0.04513343799058085 0.03337378640776699
0 0.26628728414442704 0.5215412621359223 0.027472527472527476 0.023058252427184463
0 0.29572213500784933 0.522754854368932 0.029827315541601257 0.025485436893203883
0 0.33673469387755106 0.5276092233009708 0.03100470957613815 0.03398058252427184
0 0.3628335949764521 0.5263956310679612 0.02433281004709576 0.0279126213592233
0 0.4187598116169545 0.5276092233009708 0.07417582417582418 0.02669902912621359
0 0.20192307692307693 0.5503640776699029 0.038461538461538464 0.03094660194174757
0 0.23685243328100472 0.5591626213592232 0.03453689167974883 0.032766990291262135
0 0.2708006279434851 0.5500606796116504 0.03021978021978022 0.021844660194174755
0 0.3186813186813187 0.5597694174757281 0.07496075353218211 0.03640776699029126
0 0.37578492935635793 0.556128640776699 0.03610675039246468 0.02427184466019417
0 0.5390502354788069 0.7151092233009708 0.05180533751962324 0.038834951456310676
0 0.41071428571428575 0.5543082524271844 0.030612244897959186 0.025485436893203883
0 0.46075353218210363 0.5558252427184466 0.06397174254317112 0.02487864077669903
0 0.24941130298273156 0.5779733009708737 0.06279434850863423 0.02669902912621359
0 0.30278649921507067 0.5888956310679612 0.03453689167974883 0.029126213592233007
0 0.33359497645211933 0.5882888349514562 0.036499215070643645 0.030339805825242715
0 0.3687205651491366 0.5785800970873786 0.031397174254317116 0.023058252427184463
0 0.41503139717425436 0.5797936893203883 0.05494505494505495 0.025485436893203883
0 0.19525117739403455 0.6025485436893203 0.029827315541601257 0.027305825242718445
0 0.2448979591836735 0.6034587378640777 0.06475667189952905 0.029126213592233007
0 0.31927001569858715 0.6037621359223301 0.08634222919937207 0.02973300970873786
0 0.4544740973312402 0.6125606796116504 0.023940345368916798 0.03155339805825243
0 0.48018053375196235 0.6095266990291262 0.0282574568288854 0.03155339805825243
0 0.19544740973312402 0.6386529126213591 0.03257456828885401 0.03640776699029126
0 0.23959968602825746 0.6265169902912621 0.022762951334379906 0.029126213592233007
0 0.2731554160125589 0.6289441747572815 0.0380690737833595 0.029126213592233007
0 0.3286891679748823 0.6295509708737863 0.06750392464678179 0.0279126213592233
0 0.38991365777080067 0.6313713592233009 0.05337519623233909 0.02669902912621359
0 0.42916012558869704 0.6292475728155339 0.020408163265306124 0.02245145631067961
0 0.4534929356357928 0.6325849514563107 0.0282574568288854 0.02427184466019417
0 0.48018053375196235 0.6404733009708737 0.031397174254317116 0.030339805825242715
0 0.21350078492935637 0.6550364077669902 0.052982731554160126 0.025485436893203883
0 0.2588304552590267 0.6632281553398057 0.04552590266875981 0.03094660194174757
0 0.4417189952904239 0.6556432038834951 0.0706436420722135 0.02669902912621359
0 0.222723704866562 0.6865898058252426 0.07849293563579278 0.030339805825242715
0 0.27864992150706436 0.681128640776699 0.03021978021978022 0.023058252427184463
0 0.35086342229199374 0.6862864077669902 0.04905808477237049 0.023665048543689317
0 0.3412480376766091 0.6835558252427184 0.0706436420722135 0.029126213592233007
0 0.3926609105180534 0.6805218446601942 0.02904238618524333 0.0279126213592233
0 0.4177786499215071 0.6829490291262136 0.02590266875981162 0.023058252427184463
0 0.45918367346938777 0.6838592233009708 0.05533751962323391 0.02487864077669903
0 0.20859497645211933 0.706007281553398 0.04395604395604396 0.023058252427184463
0 0.2470565149136578 0.7047936893203883 0.023547880690737835 0.021844660194174755
0 0.2696232339089482 0.7066140776699028 0.023940345368916798 0.021844660194174755
0 0.3114207221350079 0.716626213592233 0.06357927786499215 0.03337378640776699
0 0.4034536891679749 0.7114684466019416 0.044348508634222926 0.03155339805825243
0 0.3628335949764521 0.714502427184466 0.03610675039246468 0.029126213592233007
0 0.4478021978021978 0.7072208737864077 0.04120879120879121 0.025485436893203883
0 0.2054552590266876 0.7302791262135921 0.038461538461538464 0.0279126213592233
0 0.24843014128728416 0.7311893203883495 0.04042386185243328 0.02245145631067961
0 0.3178963893249608 0.7381674757281553 0.06554160125588697 0.02669902912621359
0 0.4209183673469388 0.7336165048543689 0.059654631083202514 0.02245145631067961
0 0.4750784929356358 0.7311893203883495 0.04081632653061225 0.02245145631067961
0 0.31024332810047095 0.7369538834951456 0.08006279434850865 0.029126213592233007
0 0.20388540031397176 0.7539441747572815 0.041601255886970175 0.02427184466019417
0 0.24509419152276296 0.7600121359223301 0.04395604395604396 0.03762135922330097
0 0.30435635792778654 0.7591019417475727 0.07299843014128729 0.02973300970873786
0 0.37009419152276296 0.7639563106796116 0.05612244897959184 0.02973300970873786
0 0.4262166405023548 0.7557645631067961 0.019230769230769232 0.02427184466019417
0 0.41915227629513346 0.7569781553398057 0.033359497645211934 0.02669902912621359
0 0.46722919937205654 0.7515169902912621 0.05729984301412873 0.025485436893203883
0 0.3228021978021978 0.7867111650485437 0.07142857142857144 0.03640776699029126
0 0.3133830455259027 0.7873179611650485 0.0902668759811617 0.03398058252427184
0 0.39207221350078497 0.7900485436893203 0.049843014128728415 0.0345873786407767
0 0.3883437990580848 0.7891383495145631 0.05808477237048666 0.03519417475728155
0 0.42700156985871274 0.7861043689320387 0.020800627943485087 0.03155339805825243
0 0.4495682888540032 0.7812499999999999 0.026687598116169546 0.03155339805825243
0 0.47782574568288855 0.7861043689320387 0.03767660910518054 0.03155339805825243
0 0.21016483516483517 0.8106796116504854 0.05180533751962324 0.02245145631067961
0 0.28551805337519626 0.8121966019417475 0.04866562009419152 0.030339805825242715
0 0.3288854003139718 0.8103762135922329 0.03414442700156986 0.021844660194174755
0 0.38088697017268447 0.8085558252427184 0.06907378335949765 0.025485436893203883
0 0.46526687598116173 0.8046116504854368 0.05337519623233909 0.02487864077669903
0 0.1968210361067504 0.8325242718446602 0.02197802197802198 0.0212378640776699
0 0.22448979591836735 0.8325242718446602 0.03021978021978022 0.0212378640776699
0 0.2739403453689168 0.8316140776699028 0.021585557299843017 0.020631067961165046
0 0.309850863422292 0.8294902912621358 0.046310832025117744 0.02973300970873786
0 0.34281789638932497 0.8355582524271844 0.029827315541601257 0.027305825242718445
0 0.3734301412872842 0.831007281553398 0.03610675039246468 0.023058252427184463
0 0.43112244897959184 0.831007281553398 0.05416012558869702 0.02427184466019417
0 0.42543171114599687 0.8322208737864077 0.06711145996860284 0.021844660194174755
0 0.2815934065934066 0.8613470873786407 0.07221350078492936 0.04126213592233009
0 0.2713893249607536 0.8619538834951456 0.08948194662480377 0.040048543689320384
0 0.35969387755102045 0.8577063106796116 0.029827315541601257 0.023058252427184463
0 0.34890109890109894 0.8595266990291262 0.051412872841444274 0.02427184466019417
0 0.40208006279434855 0.8649878640776698 0.06750392464678179 0.040048543689320384
0 0.46526687598116173 0.8619538834951456 0.05886970172684459 0.029126213592233007
0 0.20192307692307693 0.8959344660194174 0.04866562009419152 0.04126213592233009
0 0.2819858712715856 0.8862257281553397 0.0565149136577708 0.03398058252427184
0 0.27452904238618525 0.8868325242718446 0.04003139717425432 0.030339805825242715
0 0.34517268445839877 0.8901699029126213 0.06043956043956044 0.03094660194174757
0 0.4030612244897959 0.889259708737864 0.02786499215070644 0.0279126213592233
0 0.4580062794348509 0.8965412621359222 0.07810047095761381 0.038834951456310676
0 0.5264913657770801 0.34374999999999994 0.02433281004709576 0.01699029126213592
0 0.5368916797488227 0.3252427184466019 0.04042386185243328 0.01395631067961165
0 0.6134222919937206 0.08282766990291261 0.07574568288854004 0.04368932038834951
0 0.6717032967032968 0.08707524271844659 0.03218210361067504 0.02669902912621359
0 0.7217425431711146 0.0949635922330097 0.06789638932496075 0.03519417475728155
0 0.778061224489796 0.09071601941747572 0.03610675039246468 0.03155339805825243
0 0.8086734693877552 0.09374999999999999 0.02511773940345369 0.025485436893203883
0 0.8457613814756673 0.09132281553398057 0.04905808477237049 0.030339805825242715
0 0.8942307692307693 0.09587378640776698 0.026687598116169546 0.020024271844660192
0 0.8867739403453689 0.10072815533980582 0.041601255886970175 0.0345873786407767
0 0.6018445839874411 0.11377427184466019 0.04395604395604396 0.023058252427184463
0 0.6524725274725275 0.11256067961165048 0.023547880690737835 0.02427184466019417
0 0.6430533751962324 0.11134708737864077 0.03924646781789639 0.02669902912621359
0 0.7031004709576139 0.11984223300970873 0.06828885400313972 0.03398058252427184
0 0.7517660910518054 0.12712378640776698 0.03218210361067504 0.029126213592233007
0 0.7890502354788069 0.11984223300970873 0.0423861852433281 0.02427184466019417
0 0.8404631083202512 0.122876213592233 0.0620094191522763 0.032766990291262135
0 0.6081240188383046 0.13652912621359223 0.022762951334379906 0.0212378640776699
0 0.5987048665620095 0.13379854368932037 0.04081632653061225 0.025485436893203883
0 0.6503139717425432 0.13713592233009708 0.023155416012558872 0.02245145631067961
0 0.6974097331240189 0.14290048543689318 0.062401883830455265 0.02669902912621359
0 0.6406985871271585 0.1383495145631068 0.04081632653061225 0.02245145631067961
0 0.7552982731554161 0.1453276699029126 0.05023547880690738 0.021844660194174755
0 0.8127943485086343 0.1453276699029126 0.023155416012558872 0.021844660194174755
0 0.8396781789638933 0.14472087378640774 0.02904238618524333 0.0279126213592233
0 0.875392464678179 0.14896844660194172 0.03610675039246468 0.02427184466019417
0 0.6004709576138147 0.16049757281553398 0.04277864992150707 0.03155339805825243
0 0.6316718995290425 0.1720266990291262 0.030612244897959186 0.03155339805825243
0 0.6703296703296704 0.17172330097087377 0.051412872841444274 0.035800970873786406
0 0.7144819466248038 0.17506067961165048 0.04081632653061225 0.032766990291262135
0 0.7539246467817897 0.17172330097087377 0.03728414442700157 0.02973300970873786
0 0.869309262166405 0.17506067961165048 0.04905808477237049 0.032766990291262135
0 0.592032967032967 0.18901699029126212 0.031397174254317116 0.02427184466019417
0 0.6548273155416013 0.19265776699029125 0.04081632653061225 0.02427184466019417
0 0.6628728414442701 0.19387135922330095 0.025510204081632654 0.021844660194174755
0 0.7187990580847724 0.1920509708737864 0.022762951334379906 0.01820388349514563
0 0.7036891679748823 0.1923543689320388 0.05376766091051806 0.026092233009708737
0 0.7604003139717426 0.19508495145631066 0.05416012558869702 0.02427184466019417
0 0.8188775510204082 0.19781553398058252 0.020408163265306124 0.023665048543689317
0 0.8092621664050236 0.1944781553398058 0.04120879120879121 0.025485436893203883
0 0.8685243328100472 0.2034283980582524 0.06907378335949765 0.03003640776699029
0 0.5916405023547882 0.2222390776699029 0.03453689167974883 0.030643203883495142
0 0.6367739403453689 0.21723300970873785 0.02119309262166405 0.02487864077669903
0 0.6295133437990581 0.21632281553398056 0.0380690737833595 0.025485436893203883
0 0.6819073783359498 0.21753640776699026 0.06122448979591837 0.021844660194174755
0 0.7403846153846154 0.21814320388349512 0.02590266875981162 0.02427184466019417
0 0.7331240188383046 0.2169296116504854 0.04042386185243328 0.02427184466019417
0 0.766679748822606 0.22421116504854366 0.03296703296703297 0.029126213592233007
0 0.8163265306122449 0.2211771844660194 0.06318681318681318 0.030339805825242715
0 0.8689167974882261 0.22299757281553395 0.036499215070643645 0.02669902912621359
0 0.6002747252747254 0.24180825242718446 0.04081632653061225 0.0279126213592233
0 0.6332417582417583 0.2490898058252427 0.0282574568288854 0.0279126213592233
0 0.679945054945055 0.24848300970873785 0.06671899529042387 0.03640776699029126
0 0.729591836734694 0.2524271844660194 0.031789638932496075 0.035800970873786406
0 0.7660910518053375 0.24757281553398056 0.0380690737833595 0.027305825242718445
0 0.8178963893249608 0.247876213592233 0.05376766091051806 0.023058252427184463
0 0.8612637362637363 0.24635922330097085 0.03218210361067504 0.023665048543689317
0 0.5888932496075353 0.26850728155339804 0.02590266875981162 0.0279126213592233
0 0.6263736263736264 0.27396844660194175 0.023155416012558872 0.030339805825242715
0 0.6616954474097332 0.27275485436893204 0.023155416012558872 0.019417475728155338
0 0.6562009419152277 0.26729368932038833 0.034929356357927786 0.030339805825242715
0 0.7297880690737834 0.28125 0.0706436420722135 0.03155339805825243
0 0.7872841444270016 0.27396844660194175 0.03885400313971743 0.02669902912621359
0 0.8196624803767661 0.2803398058252427 0.030612244897959186 0.02973300970873786
0 0.8671507064364208 0.2776092233009709 0.06436420722135008 0.03398058252427184
0 0.5898744113029828 0.2933859223300971 0.029434850863422294 0.021844660194174755
0 0.6128335949764522 0.2939927184466019 0.017268445839874413 0.023058252427184463
0 0.6459968602825746 0.29884708737864074 0.04591836734693878 0.025485436893203883
0 0.6811224489795918 0.30066747572815533 0.02197802197802198 0.021844660194174755
0 0.7276295133437991 0.29975728155339804 0.06789638932496075 0.02973300970873786
0 0.8304552590266876 0.3073422330097087 0.039638932496075356 0.029126213592233007
0 0.875784929356358 0.306128640776699 0.04709576138147567 0.030339805825242715
0 0.5908555729984302 0.31765776699029125 0.023547880690737835 0.02669902912621359
0 0.6151883830455259 0.31796116504854366 0.0282574568288854 0.026092233009708737
0 0.7062401883830456 0.3273665048543689 0.05494505494505495 0.02669902912621359
0 0.6320643642072213 0.35224514563106796 0.08634222919937207 0.03519417475728155
0 0.7543171114599686 0.3558859223300971 0.029434850863422294 0.020631067961165046
0 0.7782574568288855 0.3516383495145631 0.017660910518053376 0.021844660194174755
0 0.8153453689167975 0.35224514563106796 0.026687598116169546 0.025485436893203883
0 0.8416405023547882 0.33009708737864074 0.03532182103610675 0.02245145631067961
0 0.6085164835164836 0.681128640776699 0.0816326530612245 0.0703883495145631
0 0.668956043956044 0.6993325242718446 0.05180533751962324 0.032766990291262135
0 0.7101648351648352 0.6871966019417475 0.02590266875981162 0.02427184466019417
0 0.7290031397174255 0.6920509708737863 0.06671899529042387 0.029126213592233007
0 0.7866954474097332 0.6780946601941747 0.05494505494505495 0.030339805825242715
0 0.8385007849293564 0.685376213592233 0.04552590266875981 0.030339805825242715
0 0.6010596546310832 0.7233009708737863 0.041601255886970175 0.020024271844660192
0 0.6371664050235479 0.7214805825242718 0.0282574568288854 0.020024271844660192
0 0.7596153846153847 0.7175364077669902 0.06750392464678179 0.040048543689320384
0 0.8065149136577708 0.7054004854368932 0.028649921507064365 0.02427184466019417
0 0.8487048665620095 0.7047936893203883 0.05337519623233909 0.020631067961165046
0 0.6405023547880692 0.7560679611650485 0.026295133437990583 0.028519417475728153
0 0.6758241758241759 0.7445388349514562 0.04513343799058085 0.03216019417475728
0 0.7164442700156987 0.7381674757281553 0.03532182103610675 0.02669902912621359
0 0.7984693877551021 0.735133495145631 0.06985871271585557 0.02669902912621359
0 0.853806907378336 0.7266383495145631 0.03453689167974883 0.025485436893203883
0 0.881868131868132 0.7226941747572815 0.024725274725274728 0.023665048543689317
0 0.6124411302982732 0.7773058252427184 0.07221350078492936 0.03337378640776699
0 0.6758241758241759 0.7697208737864077 0.04905808477237049 0.02427184466019417
0 0.7187990580847724 0.772754854368932 0.030612244897959186 0.030339805825242715
0 0.7831632653061225 0.7672936893203883 0.06828885400313972 0.038834951456310676
0 0.7757064364207222 0.7654733009708737 0.08320251177394035 0.0424757281553398
0 0.6124411302982732 0.7991504854368932 0.023547880690737835 0.023665048543689317
0 0.6014521193092622 0.7988470873786407 0.04866562009419152 0.019417475728155338
0 0.6385400313971743 0.7945995145631067 0.023155416012558872 0.02427184466019417
0 0.6695447409733124 0.7958131067961164 0.033359497645211934 0.02669902912621359
0 0.71212715855573 0.7945995145631067 0.05023547880690738 0.025485436893203883
0 0.7678571428571429 0.7964199029126213 0.0565149136577708 0.03398058252427184
0 0.826923076923077 0.7800364077669902 0.06161695447409733 0.02427184466019417
0 0.6020408163265306 0.8255461165048543 0.0521978021978022 0.03155339805825243
0 0.646585557299843 0.826759708737864 0.029827315541601257 0.02669902912621359
0 0.6720957613814758 0.8243325242718446 0.020408163265306124 0.03155339805825243
