0 0.5403257456828886 0.10300364077669902 0.07358712715855574 0.02882281553398058
0 0.5393445839874411 0.1253033980582524 0.0782967032967033 0.02487864077669903
0 0.5451334379905809 0.154126213592233 0.07810047095761381 0.027305825242718445
0 0.5195251177394035 0.17460558252427183 0.03512558869701727 0.015473300970873785
0 0.5156985871271585 0.1935679611650485 0.026687598116169546 0.015776699029126214
0 0.543956043956044 0.19053398058252424 0.026295133437990583 0.016383495145631068
0 0.570447409733124 0.18856189320388347 0.025510204081632654 0.018507281553398057
0 0.5159929356357928 0.21146844660194172 0.029631083202511777 0.020024271844660192
0 0.5505298273155417 0.2167779126213592 0.04179748822605966 0.019720873786407765
0 0.5348312401883831 0.2325546116504854 0.06573783359497645 0.01729368932038835
0 0.5224686028257457 0.2506067961165048 0.03983516483516484 0.01820388349514563
0 0.5666208791208791 0.2534890776699029 0.04611459968602826 0.01729368932038835
0 0.5116758241758242 0.2682038834951456 0.015894819466248038 0.011529126213592231
0 0.6215659340659341 0.08707524271844659 0.0782967032967033 0.05339805825242718
0 0.7191915227629514 0.09314320388349513 0.08869701726844585 0.025485436893203883
0 0.7820839874411304 0.10103155339805825 0.05828100470957614 0.0345873786407767
0 0.8433084772370487 0.08555825242718446 0.06534536891679749 0.025485436893203883
0 0.8962912087912088 0.09253640776699028 0.035910518053375196 0.03337378640776699
0 0.6114599686028258 0.13212985436893201 0.04709576138147567 0.02578883495145631
0 0.6658163265306123 0.13137135922330095 0.05023547880690738 0.023665048543689317
0 0.7077119309262166 0.12257281553398057 0.028846153846153848 0.02427184466019417
0 0.7343995290423863 0.12894417475728154 0.025313971742543174 0.019417475728155338
0 0.77462715855573 0.1195388349514563 0.0543563579277865 0.023665048543689317
0 0.826923076923077 0.11741504854368931 0.049450549450549455 0.023665048543689317
0 0.8887362637362638 0.11665655339805825 0.052590266875981166 0.027609223300970872
0 0.5956632653061225 0.16231796116504854 0.020604395604395604 0.023665048543689317
0 0.6547291993720565 0.17020631067961164 0.07594191522762951 0.032766990291262135
0 0.715953689167975 0.15579490291262135 0.027668759811616955 0.02336165048543689
0 0.7480376766091053 0.15791868932038833 0.031789638932496075 0.013652912621359222
0 0.7967032967032968 0.15488470873786406 0.054552590266875985 0.02032766990291262
0 0.8960949764521193 0.14214199029126212 0.03316326530612245 0.02032766990291262
0 0.6125392464678179 0.19007888349514562 0.04807692307692308 0.026395631067961164
0 0.6612048665620095 0.18810679611650483 0.048861852433281006 0.02427184466019417
0 0.7035910518053375 0.18628640776699026 0.03630298273155416 0.02245145631067961
0 0.7661891679748823 0.18158373786407767 0.061813186813186816 0.028216019417475726
0 0.8284929356357928 0.18082524271844658 0.05847723704866562 0.028519417475728153
0 0.8819662480376766 0.1708131067961165 0.042582417582417584 0.030339805825242715
0 0.614010989010989 0.22254247572815533 0.05847723704866562 0.022754854368932036
0 0.6773940345368917 0.22770024271844658 0.07339089481946626 0.03853155339805825
0 0.7400902668759812 0.21950849514563106 0.045329670329670335 0.021541262135922327
0 0.7979788069073784 0.21950849514563106 0.08536106750392465 0.048847087378640776
0 0.8954081632653061 0.1997876213592233 0.04277864992150707 0.0245752427184466
0 0.6281397174254317 0.2492415048543689 0.08281004709576138 0.033677184466019416
0 0.689756671899529 0.25273058252427183 0.03767660910518054 0.02487864077669903
0 0.7240973312401884 0.25318567961165045 0.030612244897959186 0.02882281553398058
0 0.8314364207221351 0.24893810679611647 0.10164835164835165 0.03731796116504854
0 0.8956043956043956 0.24635922330097085 0.047880690737833596 0.03762135922330097
0 0.612146781789639 0.2912621359223301 0.0500392464678179 0.03762135922330097
0 0.6845565149136578 0.29915048543689315 0.09438775510204082 0.035800970873786406
0 0.804945054945055 0.27988470873786403 0.059262166405023554 0.028216019417475726
0 0.8557692307692308 0.26865898058252424 0.04003139717425432 0.027609223300970872
0 0.8926609105180534 0.2668385922330097 0.03610675039246468 0.027002427184466018
0 0.6446232339089483 0.32903519417475724 0.06907378335949765 0.02882281553398058
0 0.7029042386185244 0.3240291262135922 0.044348508634222926 0.03337378640776699
0 0.764423076923077 0.3229672330097087 0.08300627943485087 0.04702669902912621
0 0.8459576138147568 0.2982402912621359 0.03767660910518054 0.02973300970873786
0 0.883339874411303 0.30157766990291257 0.037480376766091054 0.03640776699029126
0 0.6166601255886971 0.34769417475728154 0.059850863422292 0.02487864077669903
0 0.665914442700157 0.34769417475728154 0.03944270015698587 0.023058252427184463
0 0.7087912087912088 0.3558859223300971 0.046703296703296704 0.03519417475728155
0 0.7599097331240189 0.34739077669902907 0.04493720565149137 0.03094660194174757
0 0.8027864992150707 0.3399575242718446 0.04003139717425432 0.02578883495145631
0 0.8803963893249608 0.3263046116504854 0.04925431711145997 0.021541262135922327
0 0.6135204081632654 0.37848907766990286 0.05945839874411303 0.03003640776699029
0 0.6655219780219781 0.3798543689320388 0.043759811616954476 0.029126213592233007
0 0.7086930926216641 0.38273665048543687 0.03983516483516484 0.02336165048543689
0 0.7678571428571429 0.38046116504854366 0.06789638932496075 0.028519417475728153
0 0.8676412872841445 0.36680825242718446 0.07437205651491366 0.02669902912621359
0 0.6036106750392465 0.4171723300970873 0.030612244897959186 0.021844660194174755
0 0.6616954474097332 0.415503640776699 0.07378335949764521 0.02578883495145631
0 0.7615777080062794 0.41246966019417475 0.09065934065934067 0.028216019417475726
0 0.840561224489796 0.3995752427184466 0.0543563579277865 0.03337378640776699
0 0.897370486656201 0.4003337378640776 0.05376766091051806 0.01911407766990291
0 0.6366758241758242 0.45585558252427183 0.03630298273155416 0.026395631067961164
0 0.6892660910518054 0.44508495145631066 0.02374411302982732 0.02427184466019417
0 0.7434262166405023 0.4493325242718446 0.03630298273155416 0.032766990291262135
0 0.8141679748822607 0.43522451456310673 0.10243328100470958 0.03731796116504854
0 0.8922684458398744 0.4291565533980582 0.051412872841444274 0.034890776699029125
0 0.6321624803767661 0.4814927184466019 0.08536106750392465 0.02973300970873786
0 0.6989795918367347 0.4792172330097087 0.03257456828885401 0.027002427184466018
0 0.7336145996860283 0.48907766990291257 0.04179748822605966 0.032766990291262135
0 0.7914050235478808 0.46874999999999994 0.06514913657770802 0.0279126213592233
0 0.8962912087912088 0.46768810679611644 0.05710361067503925 0.04641990291262135
0 0.6364795918367347 0.5204793689320388 0.06887755102040817 0.0245752427184466
0 0.708006279434851 0.5142597087378641 0.06828885400313972 0.030339805825242715
0 0.7538265306122449 0.5103155339805825 0.020604395604395604 0.040048543689320384
0 0.7899332810047096 0.5168385922330097 0.04964678178963894 0.03549757281553398
0 0.8284929356357928 0.5006067961165048 0.021585557299843017 0.03216019417475728
0 0.867837519623234 0.5015169902912621 0.050824175824175824 0.03337378640776699
0 0.9090463108320251 0.49969660194174753 0.034340659340659344 0.03216019417475728
0 0.617837519623234 0.5562803398058251 0.048469387755102046 0.0245752427184466
0 0.6971153846153847 0.5600728155339806 0.09870486656200943 0.04186893203883495
0 0.782967032967033 0.5461165048543689 0.06711145996860284 0.02245145631067961
0 0.8346742543171115 0.5351941747572815 0.03198587127158556 0.028519417475728153
0 0.8654827315541602 0.5339805825242718 0.026491365777080063 0.025485436893203883
0 0.6151883830455259 0.5949635922330097 0.04199372056514914 0.029126213592233007
0 0.6630690737833596 0.5866201456310679 0.04591836734693878 0.03428398058252427
0 0.7063383045525903 0.5861650485436892 0.0402276295133438 0.03519417475728155
0 0.750784929356358 0.5799453883495145 0.04081632653061225 0.028216019417475726
0 0.8035714285714286 0.5881371359223301 0.062401883830455265 0.03549757281553398
0 0.8895211930926217 0.569629854368932 0.06985871271585557 0.04459951456310679
0 0.6106750392464678 0.630006067961165 0.02708006279434851 0.03003640776699029
0 0.6676805337519623 0.6306128640776698 0.03944270015698587 0.03853155339805825
0 0.742052590266876 0.6184769417475727 0.05828100470957614 0.034890776699029125
0 0.7845368916797488 0.6155946601941747 0.0282574568288854 0.02487864077669903
0 0.8436028257456829 0.6108919902912621 0.044740973312401885 0.021541262135922327
0 0.8819662480376766 0.6125606796116504 0.04493720565149137 0.030339805825242715
0 0.6186224489795918 0.6617111650485437 0.03944270015698587 0.029126213592233007
0 0.7000588697017269 0.6604975728155339 0.09478021978021979 0.023665048543689317
0 0.8054356357927787 0.654884708737864 0.0912480376766091 0.040958737864077666
0 0.89776295133438 0.6322815533980582 0.06004709576138148 0.029126213592233007
0 0.6219583987441131 0.6944781553398057 0.04807692307692308 0.03094660194174757
0 0.6810243328100472 0.7002427184466019 0.07437205651491366 0.04672330097087378
0 0.7699175824175825 0.6911407766990291 0.09988226059654631 0.04429611650485436
0 0.8668563579277866 0.6724817961165048 0.059850863422292 0.031249999999999997
0 0.911401098901099 0.6776395631067961 0.034340659340659344 0.03549757281553398
0 0.6406004709576139 0.7284587378640776 0.031200941915227633 0.03216019417475728
0 0.7086930926216641 0.7366504854368932 0.09321036106750392 0.03337378640776699
0 0.7825745682888541 0.7363470873786407 0.05494505494505495 0.03822815533980582
0 0.840168759811617 0.7219356796116504 0.053571428571428575 0.050060679611650484
0 0.8847135007849294 0.7076759708737863 0.03316326530612245 0.01729368932038835
0 0.6235282574568289 0.7639563106796116 0.04297488226059655 0.02669902912621359
0 0.66100863422292 0.7594053398058251 0.026491365777080063 0.03337378640776699
0 0.718210361067504 0.7625910194174756 0.08791208791208792 0.03671116504854369
0 0.7790423861852434 0.7630461165048543 0.036891679748822605 0.035800970873786406
0 0.8267268445839875 0.7539441747572815 0.06397174254317112 0.04672330097087378
0 0.882947409733124 0.7484830097087378 0.055533751962323394 0.03944174757281553
0 0.6159733124018839 0.7971783980582524 0.02708006279434851 0.025182038834951456
0 0.6459968602825746 0.7980885922330097 0.02708006279434851 0.023968446601941744
0 0.6838697017268446 0.7920206310679611 0.04120879120879121 0.031856796116504854
0 0.7613814756671899 0.7900485436893203 0.06671899529042387 0.032766990291262135
0 0.617445054945055 0.8440533980582523 0.040620094191522765 0.03519417475728155
0 0.6762166405023549 0.8273665048543689 0.06750392464678179 0.029126213592233007
0 0.7248822605965464 0.8249393203883495 0.02511773940345369 0.01699029126213592
0 0.7620682888540032 0.8220570388349514 0.045329670329670335 0.026395631067961164
0 0.8168171114599686 0.8263046116504854 0.06887755102040817 0.043992718446601936
0 0.627649136577708 0.864381067961165 0.045329670329670335 0.027305825242718445
0 0.6700353218210362 0.8718143203883494 0.03865777080062795 0.029429611650485434
0 0.7055533751962324 0.8583131067961164 0.03002354788069074 0.025485436893203883
0 0.7598116169544742 0.8584648058252426 0.07182103610675039 0.04459951456310679
0 0.8140698587127159 0.8621055825242717 0.03669544740973313 0.033677184466019416
0 0.6322605965463108 0.9074635922330097 0.0521978021978022 0.0491504854368932
0 0.701138147566719 0.8968446601941746 0.02904238618524333 0.026092233009708737
0 0.6190149136577708 0.9399271844660193 0.023351648351648352 0.018810679611650484
0 0.6531593406593407 0.9387135922330097 0.039050235478806906 0.020024271844660192
0 0.7059458398744114 0.9379550970873786 0.061813186813186816 0.0245752427184466
