0 0.1979984301412873 0.1695995145631068 0.06907378335949765 0.029126213592233007
0 0.26285321821036106 0.1686893203883495 0.05710361067503925 0.03094660194174757
0 0.20005886970172684 0.2023665048543689 0.0684850863422292 0.01820388349514563
0 0.2543171114599686 0.5048543689320388 0.09419152276295134 0.025485436893203883
0 0.4089481946624804 0.48346480582524265 0.05494505494505495 0.026395631067961164
0 0.19593799058084774 0.4044296116504854 0.06730769230769232 0.029126213592233007
0 0.2543171114599686 0.39942354368932037 0.04709576138147567 0.031856796116504854
0 0.4611459968602826 0.48300970873786403 0.04120879120879121 0.032766990291262135
0 0.19358320251177394 0.43992718446601936 0.052001569858712716 0.027305825242718445
0 0.28139717425431715 0.5389866504854368 0.10596546310832025 0.03003640776699029
0 0.29317111459968603 0.3689320388349514 0.049450549450549455 0.025485436893203883
0 0.36744505494505497 0.6277305825242718 0.056711145996860286 0.021844660194174755
0 0.38157378335949765 0.42354368932038833 0.061420722135007856 0.040048543689320384
0 0.4499607535321821 0.3844053398058252 0.06122448979591837 0.03094660194174757
0 0.3028846153846154 0.3966929611650485 0.0500392464678179 0.028216019417475726
0 0.4127747252747253 0.45646237864077666 0.1403061224489796 0.02578883495145631
0 0.2705062794348509 0.29793689320388345 0.04297488226059655 0.03640776699029126
0 0.3120094191522763 0.294751213592233 0.03296703296703297 0.022754854368932036
0 0.38804945054945056 0.2506067961165048 0.052001569858712716 0.03640776699029126
0 0.4428963893249608 0.10922330097087378 0.07299843014128729 0.04368932038834951
0 0.1941718995290424 0.3388956310679611 0.042582417582417584 0.021844660194174755
0 0.3414442700156986 0.5015169902912621 0.07770800627943486 0.04186893203883495
0 0.22066326530612246 0.3721177184466019 0.09556514913657771 0.03731796116504854
0 0.2672684458398744 0.33343446601941745 0.09419152276295134 0.047330097087378634
0 0.3488029827315542 0.3266080097087378 0.05828100470957614 0.040958737864077666
0 0.4065934065934066 0.3206917475728155 0.05612244897959184 0.04368932038834951
0 0.4546703296703297 0.31705097087378636 0.049450549450549455 0.050970873786407765
0 0.25078492935635793 0.230127427184466 0.0706436420722135 0.04459951456310679
0 0.45290423861852436 0.19599514563106796 0.04003139717425432 0.03094660194174757
0 0.19063971742543173 0.23376820388349512 0.0402276295133438 0.03731796116504854
0 0.4062990580847724 0.13895631067961164 0.056711145996860286 0.035800970873786406
0 0.45378728414442704 0.12924757281553398 0.03826530612244898 0.032766990291262135
0 0.45643642072213503 0.15807038834951456 0.02708006279434851 0.035800970873786406
0 0.372743328100471 0.2233009708737864 0.048469387755102046 0.0491504854368932
0 0.3143642072213501 0.5649271844660194 0.08006279434850865 0.03640776699029126
0 0.4476059654631083 0.4162621359223301 0.06828885400313972 0.05279126213592233
0 0.18857927786499215 0.5089502427184466 0.026687598116169546 0.026395631067961164
0 0.21536499215070645 0.4793689320388349 0.08496860282574568 0.032766990291262135
0 0.3031789638932496 0.4678398058252427 0.0859497645211931 0.04490291262135922
0 0.2875784929356358 0.43734830097087374 0.12539246467817897 0.05855582524271844
0 0.3543956043956044 0.3598300970873786 0.06357927786499215 0.05461165048543689
0 0.4324960753532182 0.3557342233009708 0.09850863422291994 0.048240291262135915
0 0.3721546310832025 0.28519417475728154 0.0826138147566719 0.03822815533980582
0 0.3178963893249608 0.22648665048543687 0.05886970172684459 0.03549757281553398
0 0.451138147566719 0.5503640776699029 0.0565149136577708 0.03640776699029126
0 0.19652668759811617 0.30339805825242716 0.052001569858712716 0.03094660194174757
0 0.4428963893249608 0.2815533980582524 0.05180533751962324 0.03822815533980582
0 0.3178963893249608 0.25970873786407767 0.08712715855572999 0.04186893203883495
0 0.21565934065934067 0.2738167475728155 0.10321821036106751 0.050060679611650484
0 0.4051216640502355 0.167627427184466 0.06377551020408163 0.03671116504854369
0 0.31995682888540034 0.19736043689320387 0.09831240188383046 0.04277912621359223
0 0.4015894819466248 0.19781553398058252 0.061420722135007856 0.03822815533980582
0 0.4364207221350079 0.22284587378640774 0.07299843014128729 0.028216019417475726
0 0.445839874411303 0.247876213592233 0.062401883830455265 0.03640776699029126
0 0.24666405023547883 0.10967839805825241 0.06946624803767662 0.050060679611650484
0 0.30200156985871274 0.10922330097087378 0.036499215070643645 0.04368932038834951
0 0.37244897959183676 0.39259708737864074 0.09262166405023549 0.05279126213592233
0 0.21183281004709578 0.14396237864077668 0.08732339089481947 0.04035194174757281
0 0.3653846153846154 0.10012135922330097 0.08202511773940346 0.047330097087378634
0 0.25490580847723704 0.19781553398058252 0.02708006279434851 0.027305825242718445
0 0.1982927786499215 0.7374089805825242 0.0402276295133438 0.026395631067961164
0 0.2277276295133438 0.6709648058252426 0.12264521193092623 0.03003640776699029
0 0.4428963893249608 0.6227245145631067 0.0859497645211931 0.050060679611650484
0 0.3703885400313972 0.594508495145631 0.0684850863422292 0.04459951456310679
0 0.448489010989011 0.5890473300970873 0.08653846153846155 0.04641990291262135
0 0.21948587127158556 0.6049757281553397 0.09674254317111461 0.0491504854368932
0 0.19623233908948196 0.6418385922330097 0.04905808477237049 0.03731796116504854
0 0.19005102040816327 0.11195388349514562 0.042582417582417584 0.03094660194174757
0 0.1994701726844584 0.5358009708737863 0.05906593406593407 0.050970873786407765
0 0.3031789638932496 0.6013349514563107 0.07299843014128729 0.050970873786407765
0 0.2787480376766091 0.6377427184466019 0.11361852433281006 0.050970873786407765
0 0.4411302982731554 0.6600424757281553 0.08241758241758242 0.050060679611650484
0 0.2003532182103611 0.7078276699029126 0.05376766091051806 0.021844660194174755
0 0.25137362637362637 0.7000910194174756 0.04003139717425432 0.03549757281553398
0 0.25637755102040816 0.7416565533980581 0.05945839874411303 0.04763349514563106
0 0.3494897959183674 0.6586771844660193 0.10792778649921508 0.06007281553398058
0 0.3436028257456829 0.6932645631067961 0.13971742543171115 0.06553398058252427
0 0.4470172684458399 0.6959951456310679 0.06593406593406594 0.047330097087378634
0 0.3152472527472528 0.7402912621359222 0.05710361067503925 0.04854368932038834
0 0.3803963893249608 0.7196601941747572 0.06259811616954475 0.047330097087378634
0 0.4481946624803768 0.7287621359223301 0.06828885400313972 0.040048543689320384
0 0.21153846153846156 0.7716929611650485 0.0620094191522763 0.03853155339805825
0 0.2784536891679749 0.7730582524271844 0.06357927786499215 0.04672330097087378
0 0.3337912087912088 0.7698725728155339 0.0423861852433281 0.042172330097087374
0 0.45643642072213503 0.7553094660194174 0.06122448979591837 0.04035194174757281
0 0.32290031397174257 0.7932342233009708 0.04179748822605966 0.03003640776699029
0 0.3715659340659341 0.7964199029126213 0.052001569858712716 0.032766990291262135
0 0.4143445839874412 0.7973300970873786 0.03708791208791209 0.04550970873786407
0 0.4587912087912088 0.7877730582524272 0.05416012558869702 0.0391383495145631
0 0.30200156985871274 0.8351031553398057 0.05416012558869702 0.031856796116504854
0 0.28669544740973313 0.8696905339805825 0.03296703296703297 0.04277912621359223
0 0.3376177394034537 0.8619538834951456 0.05828100470957614 0.040048543689320384
0 0.39040423861852436 0.8528519417475727 0.042582417582417584 0.040048543689320384
0 0.372743328100471 0.8282766990291262 0.0826138147566719 0.04550970873786407
0 0.3883437990580848 0.7580400485436892 0.07025117739403454 0.04035194174757281
0 0.6191130298273155 0.4344660194174757 0.06004709576138148 0.03822815533980582
0 0.7731554160125589 0.37712378640776695 0.06436420722135008 0.047330097087378634
0 0.8565541601255887 0.3734830097087378 0.09890109890109891 0.040048543689320384
0 0.6173469387755103 0.3684769417475728 0.049450549450549455 0.03731796116504854
0 0.6160714285714286 0.39714805825242716 0.056711145996860286 0.04368932038834951
0 0.6715070643642073 0.42718446601941745 0.049450549450549455 0.03094660194174757
0 0.7728610675039247 0.4628337378640776 0.0990973312401884 0.03671116504854369
0 0.8915816326530612 0.31523058252427183 0.048861852433281006 0.040048543689320384
0 0.6397174254317112 0.2815533980582524 0.09890109890109891 0.050970873786407765
0 0.6429552590266876 0.2547026699029126 0.09831240188383046 0.040958737864077666
0 0.7690345368916798 0.22967233009708735 0.11499215070643642 0.04368932038834951
0 0.6788657770800628 0.22512135922330095 0.06770015698587127 0.0345873786407767
0 0.842425431711146 0.2032766990291262 0.07535321821036108 0.03822815533980582
0 0.8709772370486657 0.22876213592233008 0.08065149136577708 0.04186893203883495
0 0.8777472527472528 0.2524271844660194 0.07535321821036108 0.03094660194174757
0 0.6395211930926217 0.31553398058252424 0.10361067503924648 0.04065533980582524
0 0.7247841444270016 0.3125 0.08065149136577708 0.04550970873786407
0 0.619701726844584 0.33570995145631066 0.044740973312401885 0.028216019417475726
0 0.8253532182103611 0.16899271844660194 0.049450549450549455 0.03762135922330097
0 0.8824568288854003 0.17126820388349512 0.0565149136577708 0.043992718446601936
0 0.8892268445839875 0.40624999999999994 0.04415227629513344 0.040048543689320384
0 0.706828885400314 0.25424757281553395 0.02590266875981162 0.03094660194174757
0 0.750392464678179 0.2615291262135922 0.06593406593406594 0.04186893203883495
0 0.7168367346938775 0.489381067961165 0.057692307692307696 0.03822815533980582
0 0.7866954474097332 0.49211165048543687 0.05612244897959184 0.04368932038834951
0 0.8677394034536893 0.46192354368932037 0.08359497645211932 0.042172330097087374
0 0.6226452119309263 0.13516383495145629 0.052982731554160126 0.03003640776699029
0 0.8176020408163266 0.31477548543689315 0.09674254317111461 0.04277912621359223
0 0.8756868131868132 0.28337378640776695 0.0794740973312402 0.0345873786407767
0 0.7253728414442701 0.28473907766990286 0.07476452119309263 0.04459951456310679
0 0.6129317111459969 0.16262135922330095 0.03473312401883831 0.03216019417475728
0 0.688284929356358 0.16671723300970873 0.11126373626373627 0.04035194174757281
0 0.7790423861852434 0.1721783980582524 0.04199372056514914 0.04945388349514563
0 0.7171310832025118 0.10421723300970873 0.03944270015698587 0.05370145631067961
0 0.7542189952904239 0.10785800970873785 0.03002354788069074 0.031856796116504854
0 0.7811028257456829 0.10467233009708737 0.0260989010989011 0.040048543689320384
0 0.8179945054945056 0.10194174757281553 0.05828100470957614 0.06553398058252427
0 0.875392464678179 0.09648058252427183 0.0565149136577708 0.05461165048543689
0 0.6768053375196232 0.10285194174757281 0.03414442700156986 0.0491504854368932
0 0.7775706436420723 0.20054611650485435 0.0543563579277865 0.025485436893203883
0 0.6212715855572999 0.2223907766990291 0.04591836734693878 0.029126213592233007
0 0.6290227629513344 0.19690533980582522 0.0826138147566719 0.04368932038834951
0 0.7103610675039247 0.1987257281553398 0.07535321821036108 0.040048543689320384
0 0.6891679748822607 0.14214199029126212 0.0706436420722135 0.043992718446601936
0 0.7439167974882261 0.14259708737864077 0.04120879120879121 0.04490291262135922
0 0.794348508634223 0.13668082524271843 0.04905808477237049 0.04035194174757281
0 0.4470172684458399 0.5116808252427184 0.06004709576138148 0.05370145631067961
0 0.37480376766091056 0.5226031553398057 0.0773155416012559 0.031856796116504854
0 0.39040423861852436 0.5558252427184466 0.06259811616954475 0.03094660194174757
0 0.19063971742543173 0.5699332524271844 0.030808477237048666 0.0391383495145631
0 0.24077708006279436 0.5740291262135921 0.06004709576138148 0.04550970873786407
0 0.8109301412872842 0.25970873786407767 0.05121664050235479 0.03640776699029126
0 0.7928767660910518 0.28428398058252424 0.0543563579277865 0.0345873786407767
0 0.8883437990580848 0.341626213592233 0.0423861852433281 0.040048543689320384
0 0.8465463108320251 0.3402609223300971 0.04120879120879121 0.03731796116504854
0 0.7525510204081634 0.3398058252427184 0.14207221350078494 0.03640776699029126
0 0.6927001569858713 0.3712075242718446 0.09654631083202513 0.040958737864077666
0 0.6191130298273155 0.45555218446601936 0.052982731554160126 0.042172330097087374
0 0.6644427001569859 0.4632888349514563 0.0423861852433281 0.03944174757281553
0 0.7024136577708007 0.4601031553398058 0.03355572998430142 0.04035194174757281
0 0.7846350078492936 0.40807038834951453 0.0402276295133438 0.04550970873786407
0 0.8353610675039247 0.4026092233009708 0.06122448979591837 0.03094660194174757
0 0.827315541601256 0.4326456310679611 0.15737833594976453 0.03822815533980582
0 0.640894819466248 0.4902912621359223 0.09183673469387756 0.047330097087378634
0 0.7244897959183674 0.42809466019417475 0.05416012558869702 0.04368932038834951
0 0.7056514913657771 0.4007888349514563 0.1271585557299843 0.05461165048543689
0 0.6353021978021979 0.5203276699029126 0.08889324960753532 0.03822815533980582
0 0.7133045525902669 0.5203276699029126 0.06357927786499215 0.03822815533980582
0 0.7899332810047096 0.5216929611650485 0.08496860282574568 0.04459951456310679
0 0.6450156985871272 0.5512742718446602 0.10596546310832025 0.04550970873786407
0 0.6656200941915228 0.694629854368932 0.062401883830455265 0.04641990291262135
0 0.6120486656200942 0.6341019417475727 0.044740973312401885 0.029126213592233007
0 0.6626766091051806 0.6345570388349514 0.04709576138147567 0.03003640776699029
0 0.7410714285714286 0.6386529126213591 0.11675824175824176 0.050970873786407765
0 0.8277080062794349 0.6432038834951456 0.06122448979591837 0.047330097087378634
0 0.8842229199372057 0.641383495145631 0.04709576138147567 0.03640776699029126
0 0.6319662480376766 0.6636832524271844 0.09438775510204082 0.050060679611650484
0 0.7230180533751963 0.7037317961165048 0.05828100470957614 0.050060679611650484
0 0.7899332810047096 0.7078276699029126 0.08025902668759811 0.0491504854368932
0 0.7133045525902669 0.6659587378640777 0.06828885400313972 0.0345873786407767
0 0.7699175824175825 0.6709648058252426 0.04493720565149137 0.03731796116504854
0 0.8347723704866562 0.6714199029126213 0.0706436420722135 0.05279126213592233
0 0.6176412872841445 0.5799453883495145 0.0500392464678179 0.03549757281553398
0 0.6732731554160126 0.583131067961165 0.05886970172684459 0.03640776699029126
0 0.8338893249607536 0.5485436893203883 0.06299058084772372 0.03640776699029126
0 0.8177001569858713 0.5840412621359223 0.062401883830455265 0.04368932038834951
0 0.8759811616954475 0.5794902912621359 0.049450549450549455 0.04368932038834951
0 0.6155808477237049 0.6067961165048543 0.0423861852433281 0.032766990291262135
0 0.6573783359497646 0.6127123786407767 0.03532182103610675 0.04277912621359223
0 0.7268445839874411 0.6108919902912621 0.09772370486656201 0.040958737864077666
0 0.8123037676609106 0.6145327669902912 0.05906593406593407 0.0391383495145631
0 0.617052590266876 0.7314927184466019 0.053571428571428575 0.0345873786407767
0 0.6131279434850864 0.7909587378640776 0.08025902668759811 0.050970873786407765
0 0.6888736263736264 0.7964199029126213 0.07476452119309263 0.032766990291262135
0 0.6308869701726845 0.757129854368932 0.07299843014128729 0.031249999999999997
0 0.7652080062794349 0.7973300970873786 0.08732339089481947 0.05279126213592233
0 0.7533359497645212 0.7680521844660193 0.05416012558869702 0.04945388349514563
0 0.6909340659340659 0.7366504854368932 0.09419152276295134 0.043082524271844655
0 0.8005298273155417 0.7342233009708737 0.11558084772370487 0.040048543689320384
0 0.8724489795918368 0.6081614077669902 0.0565149136577708 0.048240291262135915
0 0.6108712715855573 0.8219053398058251 0.04003139717425432 0.025485436893203883
0 0.6703296703296704 0.8255461165048543 0.07417582417582418 0.047330097087378634
0 0.7350863422291994 0.8255461165048543 0.052982731554160126 0.040048543689320384
0 0.6791601255886971 0.85376213592233 0.11067503924646782 0.03822815533980582
0 0.770506279434851 0.8628640776699028 0.06966248037676609 0.04186893203883495
0 0.8574372056514914 0.489381067961165 0.10184458398744113 0.0491504854368932
0 0.870094191522763 0.5157766990291262 0.0847723704866562 0.047330097087378634
0 0.7434262166405023 0.5772148058252426 0.08614599686028258 0.04459951456310679
0 0.647370486656201 0.8856189320388349 0.05886970172684459 0.029126213592233007
0 0.6938775510204082 0.884253640776699 0.029434850863422294 0.026395631067961164
0 0.7215463108320251 0.8837985436893203 0.02590266875981162 0.032766990291262135
0 0.6029238618524333 0.8847087378640776 0.026491365777080063 0.023665048543689317
0 0.6108712715855573 0.6987257281553397 0.044740973312401885 0.047330097087378634
0 0.6231357927786499 0.09875606796116504 0.07083987441130299 0.06826456310679611
0 0.753434065934066 0.5512742718446602 0.10145211930926218 0.058252427184466014
0 0.8125981161695448 0.7589502427184466 0.06436420722135008 0.03671116504854369
0 0.3328100470957614 0.1653519417475728 0.07888540031397175 0.04368932038834951
0 0.31475667189952905 0.1374393203883495 0.11734693877551021 0.046116504854368925
0 0.2643249607535322 0.805521844660194 0.08084772370486656 0.04368932038834951
0 0.3074960753532182 0.9038228155339805 0.047880690737833596 0.04126213592233009
0 0.6970172684458399 0.762135922330097 0.05690737833594977 0.04550970873786407
