0 0.527276295133438 0.09101941747572814 0.03610675039246468 0.03822815533980582
0 0.5612244897959184 0.09010922330097086 0.03100470957613815 0.03640776699029126
0 0.679945054945055 0.08434466019417475 0.05494505494505495 0.05643203883495145
0 0.7388147566718996 0.07402912621359223 0.05886970172684459 0.05036407766990291
0 0.8634222919937207 0.12742718446601942 0.06397174254317112 0.026092233009708737
0 0.6006671899529042 0.35042475728155337 0.05023547880690738 0.03762135922330097
0 0.6475667189952905 0.3401092233009708 0.034929356357927786 0.029126213592233007
0 0.6968210361067504 0.27639563106796117 0.06750392464678179 0.0279126213592233
0 0.7598116169544742 0.2660800970873786 0.057692307692307696 0.03398058252427184
0 0.7445054945054945 0.2248179611650485 0.07574568288854004 0.03762135922330097
0 0.8180926216640503 0.21996359223300968 0.07142857142857144 0.029126213592233007
0 0.8165227629513344 0.1923543689320388 0.02590266875981162 0.023665048543689317
0 0.8516483516483517 0.19144417475728154 0.046703296703296704 0.030339805825242715
0 0.7698194662480378 0.10679611650485436 0.05023547880690738 0.02973300970873786
0 0.8587127158555731 0.10406553398058252 0.026295133437990583 0.023058252427184463
0 0.7082025117739403 0.2982402912621359 0.038461538461538464 0.040048543689320384
0 0.614403453689168 0.16383495145631066 0.06279434850863423 0.03216019417475728
0 0.6709183673469388 0.1629247572815534 0.052590266875981166 0.03155339805825243
0 0.6184262166405023 0.06280339805825243 0.07672684458398744 0.0837378640776699
0 0.7902276295133438 0.07236043689320387 0.04552590266875981 0.03731796116504854
0 0.6120486656200942 0.11195388349514562 0.044740973312401885 0.029126213592233007
0 0.8855965463108321 0.10406553398058252 0.02197802197802198 0.02669902912621359
0 0.6040031397174255 0.13561893203883493 0.03885400313971743 0.021844660194174755
0 0.6438383045525903 0.13925970873786406 0.04709576138147567 0.038834951456310676
0 0.6921114599686029 0.13137135922330095 0.05023547880690738 0.0279126213592233
0 0.7323390894819467 0.13319174757281552 0.03021978021978022 0.03398058252427184
0 0.8108320251177394 0.10588592233009708 0.033359497645211934 0.025485436893203883
0 0.6866169544740973 0.3219053398058252 0.10518053375196233 0.0279126213592233
0 0.6057692307692308 0.2949029126213592 0.05023547880690738 0.026092233009708737
0 0.8228021978021979 0.31674757281553395 0.052590266875981166 0.04065533980582524
0 0.8777472527472528 0.310376213592233 0.05572998430141288 0.029126213592233007
0 0.7788461538461539 0.3407160194174757 0.0902668759811617 0.02669902912621359
0 0.7706043956043956 0.3206917475728155 0.0565149136577708 0.032766990291262135
0 0.6073390894819467 0.3182645631067961 0.04709576138147567 0.029126213592233007
0 0.6603218210361068 0.29975728155339804 0.06043956043956044 0.04186893203883495
0 0.8035714285714286 0.3595266990291262 0.03453689167974883 0.032766990291262135
0 0.7205651491365778 0.10770631067961164 0.04356357927786499 0.03398058252427184
0 0.7166405023547882 0.24544902912621358 0.04199372056514914 0.0279126213592233
0 0.7713893249607536 0.24271844660194172 0.06750392464678179 0.0212378640776699
0 0.8561616954474098 0.2424150485436893 0.10518053375196233 0.02669902912621359
0 0.8832417582417583 0.21480582524271843 0.05494505494505495 0.0345873786407767
0 0.7380298273155417 0.17961165048543687 0.02590266875981162 0.03216019417475728
0 0.7717817896389325 0.17688106796116504 0.046310832025117744 0.03155339805825243
0 0.8178963893249608 0.17809466019417475 0.044348508634222926 0.03398058252427184
0 0.8720565149136579 0.17020631067961164 0.060832025117739406 0.03155339805825243
0 0.7176216640502355 0.15382281553398056 0.04003139717425432 0.029126213592233007
0 0.6828885400313972 0.24635922330097085 0.025510204081632654 0.03337378640776699
0 0.6381475667189953 0.24999999999999997 0.057692307692307696 0.027305825242718445
0 0.5965463108320251 0.24969660194174756 0.025510204081632654 0.021844660194174755
0 0.8765698587127159 0.07888349514563106 0.049450549450549455 0.027305825242718445
0 0.8328100470957615 0.08191747572815533 0.04277864992150707 0.028519417475728153
0 0.668563579277865 0.11407766990291261 0.06907378335949765 0.03094660194174757
0 0.8859890109890111 0.19083737864077668 0.02433281004709576 0.030339805825242715
0 0.788265306122449 0.13137135922330095 0.08320251177394035 0.032766990291262135
0 0.7741365777080064 0.15837378640776698 0.07378335949764521 0.03216019417475728
0 0.8304552590266876 0.14836165048543687 0.04356357927786499 0.0279126213592233
0 0.8779434850863422 0.14593446601941745 0.04905808477237049 0.030339805825242715
0 0.6259811616954475 0.1799150485436893 0.08124018838304553 0.0279126213592233
0 0.6928963893249608 0.18234223300970873 0.047880690737833596 0.025485436893203883
0 0.6026295133437991 0.20509708737864077 0.03218210361067504 0.02487864077669903
0 0.6375588697017269 0.20540048543689318 0.029827315541601257 0.0279126213592233
0 0.6850470957613816 0.2032766990291262 0.06357927786499215 0.028519417475728153
0 0.7602040816326531 0.20145631067961164 0.0890894819466248 0.027305825242718445
0 0.6085164835164836 0.22694174757281552 0.05337519623233909 0.023665048543689317
0 0.5996860282574569 0.2715412621359223 0.0380690737833595 0.02669902912621359
0 0.641679748822606 0.27305825242718446 0.049843014128728415 0.023665048543689317
0 0.8098508634222921 0.26547330097087374 0.041601255886970175 0.02427184466019417
0 0.8487048665620095 0.2609223300970874 0.03296703296703297 0.02973300970873786
0 0.6695447409733124 0.22785194174757278 0.07025117739403454 0.03155339805825243
0 0.7859105180533752 0.2945995145631068 0.11616954474097332 0.029126213592233007
0 0.8836342229199372 0.2591019417475728 0.03218210361067504 0.0345873786407767
0 0.6179356357927787 0.3698422330097087 0.059654631083202514 0.03398058252427184
0 0.6848508634222921 0.3662014563106796 0.06161695447409733 0.03155339805825243
0 0.5559262166405023 0.1295509708737864 0.05180533751962324 0.029126213592233007
0 0.5145211930926217 0.13440533980582522 0.034929356357927786 0.02427184466019417
0 0.5402276295133438 0.1553398058252427 0.08634222919937207 0.026092233009708737
0 0.5239403453689169 0.17354368932038833 0.05612244897959184 0.02487864077669903
0 0.5294348508634223 0.10709951456310679 0.03571428571428572 0.01820388349514563
0 0.864795918367347 0.3404126213592233 0.07456828885400314 0.037014563106796114
0 0.7647174254317112 0.36407766990291257 0.03924646781789639 0.027305825242718445
0 0.6077315541601256 0.3995752427184466 0.04866562009419152 0.030339805825242715
0 0.6671899529042387 0.39836165048543687 0.06318681318681318 0.03762135922330097
0 0.7301805337519623 0.39411407766990286 0.06750392464678179 0.038834951456310676
0 0.7810047095761382 0.39290048543689315 0.03571428571428572 0.03640776699029126
0 0.7580455259026688 0.23725728155339804 0.10596546310832025 0.023665048543689317
0 0.8561616954474098 0.3850121359223301 0.043171114599686033 0.038834951456310676
0 0.8901098901098902 0.38167475728155337 0.024725274725274728 0.02487864077669903
0 0.5987048665620095 0.4535800970873786 0.023547880690737835 0.025485436893203883
0 0.8718602825745684 0.4347694174757281 0.06907378335949765 0.03398058252427184
0 0.6014521193092622 0.480885922330097 0.04003139717425432 0.02427184466019417
0 0.6355965463108321 0.47512135922330095 0.0282574568288854 0.03094660194174757
0 0.6697409733124019 0.4177791262135922 0.02904238618524333 0.029126213592233007
0 0.6312794348508635 0.429004854368932 0.041601255886970175 0.03216019417475728
0 0.8759811616954475 0.41171116504854366 0.05612244897959184 0.03155339805825243
0 0.7627551020408164 0.4456917475728155 0.0565149136577708 0.03640776699029126
0 0.8149529042386185 0.4347694174757281 0.047880690737833596 0.029126213592233007
0 0.5996860282574569 0.5081917475728155 0.04748822605965464 0.03519417475728155
0 0.6375588697017269 0.5075849514563107 0.033751962323390894 0.04368932038834951
0 0.7046703296703297 0.5021237864077669 0.04081632653061225 0.032766990291262135
0 0.7808084772370487 0.4693567961165048 0.026687598116169546 0.01820388349514563
0 0.8129905808477238 0.464502427184466 0.04709576138147567 0.03519417475728155
0 0.6089089481946626 0.5354975728155339 0.06279434850863423 0.03155339805825243
0 0.6577708006279436 0.5236650485436892 0.03414442700156986 0.03094660194174757
0 0.7058477237048666 0.5239684466019418 0.05729984301412873 0.03155339805825243
0 0.7533359497645212 0.5212378640776698 0.03453689167974883 0.03216019417475728
0 0.7490188383045526 0.4942354368932038 0.047880690737833596 0.03155339805825243
0 0.8149529042386185 0.4912014563106796 0.07770800627943486 0.030339805825242715
0 0.8808869701726845 0.48209951456310673 0.052590266875981166 0.02669902912621359
0 0.6071428571428572 0.5537014563106796 0.05690737833594977 0.04368932038834951
0 0.6560047095761382 0.5585558252427184 0.03924646781789639 0.03398058252427184
0 0.7009419152276296 0.5521844660194174 0.049843014128728415 0.043082524271844655
0 0.8736263736263736 0.5427791262135921 0.05062794348508635 0.03155339805825243
0 0.6191130298273155 0.5840412621359223 0.06593406593406594 0.02669902912621359
0 0.6858320251177394 0.5816140776699028 0.06122448979591837 0.02669902912621359
0 0.7596153846153847 0.5807038834951456 0.08320251177394035 0.03337378640776699
0 0.8508634222919937 0.5731189320388349 0.09850863422291994 0.029126213592233007
0 0.8785321821036107 0.59375 0.049450549450549455 0.03640776699029126
0 0.6002747252747254 0.6353155339805825 0.031397174254317116 0.0212378640776699
0 0.6379513343799058 0.6325849514563107 0.04081632653061225 0.02669902912621359
0 0.598116169544741 0.6077063106796116 0.029434850863422294 0.025485436893203883
0 0.6328492935635793 0.6070995145631067 0.022762951334379906 0.02427184466019417
0 0.7025117739403454 0.6058859223300971 0.033359497645211934 0.030339805825242715
0 0.6838697017268446 0.6368325242718446 0.047880690737833596 0.03398058252427184
0 0.7356750392464678 0.6295509708737863 0.0620094191522763 0.04126213592233009
0 0.7933673469387755 0.6344053398058251 0.05494505494505495 0.03640776699029126
0 0.8494897959183674 0.622876213592233 0.0620094191522763 0.025485436893203883
0 0.6493328100470958 0.6574635922330097 0.01805337519623234 0.02427184466019417
0 0.609497645211931 0.6884101941747572 0.06161695447409733 0.038834951456310676
0 0.7046703296703297 0.6838592233009708 0.076138147566719 0.026092233009708737
0 0.8129905808477238 0.6814320388349514 0.06279434850863423 0.035800970873786406
0 0.870094191522763 0.6765776699029126 0.06397174254317112 0.03216019417475728
0 0.6771978021978022 0.6608009708737863 0.044740973312401885 0.04793689320388349
0 0.7395996860282575 0.6568567961165048 0.07378335949764521 0.03155339805825243
0 0.8078885400313972 0.6538228155339805 0.05337519623233909 0.025485436893203883
0 0.7709968602825746 0.9159587378640776 0.04866562009419152 0.047330097087378634
0 0.6981946624803768 0.9238470873786407 0.04748822605965464 0.03155339805825243
0 0.7333202511773941 0.920509708737864 0.031397174254317116 0.03944174757281553
0 0.848901098901099 0.8516383495145631 0.046703296703296704 0.03762135922330097
0 0.8255494505494506 0.7499999999999999 0.06043956043956044 0.023665048543689317
0 0.766287284144427 0.7548543689320387 0.05180533751962324 0.03337378640776699
0 0.6100863422291994 0.7399878640776698 0.05337519623233909 0.038834951456310676
0 0.7242935635792779 0.7099514563106796 0.06357927786499215 0.03216019417475728
0 0.831828885400314 0.7047936893203883 0.06514913657770802 0.03155339805825243
0 0.6008634222919937 0.8674150485436892 0.03728414442700157 0.02669902912621359
0 0.6393249607535322 0.868628640776699 0.04513343799058085 0.038834951456310676
0 0.6824960753532182 0.8589199029126213 0.03728414442700157 0.02427184466019417
0 0.7215463108320251 0.862257281553398 0.04081632653061225 0.0345873786407767
0 0.7845368916797488 0.8595266990291262 0.07888540031397175 0.040048543689320384
0 0.6061616954474097 0.8437499999999999 0.04552590266875981 0.030339805825242715
0 0.6489403453689169 0.8385922330097086 0.030612244897959186 0.026092233009708737
0 0.6838697017268446 0.8431432038834951 0.04395604395604396 0.04126213592233009
0 0.7223312401883831 0.8361650485436892 0.03296703296703297 0.03216019417475728
0 0.7808084772370487 0.8276699029126213 0.07692307692307693 0.023665048543689317
0 0.7060439560439561 0.7357402912621358 0.059262166405023554 0.032766990291262135
0 0.8277080062794349 0.7260315533980581 0.07417582417582418 0.023058252427184463
0 0.6010596546310832 0.8131067961165048 0.030612244897959186 0.03337378640776699
0 0.6509026687598116 0.7867111650485437 0.05337519623233909 0.020631067961165046
0 0.7074175824175825 0.7851941747572815 0.059654631083202514 0.03094660194174757
0 0.7745290423861853 0.7806432038834951 0.076138147566719 0.03155339805825243
0 0.5990973312401884 0.4214199029126213 0.03296703296703297 0.02427184466019417
0 0.6467817896389325 0.4469053398058252 0.06475667189952905 0.03640776699029126
0 0.8667582417582418 0.5179004854368932 0.08006279434850865 0.02669902912621359
0 0.668171114599686 0.49999999999999994 0.03296703296703297 0.020024271844660192
0 0.8714678178963894 0.2836771844660194 0.05416012558869702 0.03398058252427184
0 0.7305729984301413 0.3674150485436893 0.030612244897959186 0.021844660194174755
0 0.8188775510204082 0.41292475728155337 0.05337519623233909 0.023058252427184463
0 0.767072213500785 0.4192961165048543 0.05023547880690738 0.02245145631067961
0 0.7138932496075354 0.4189927184466019 0.052982731554160126 0.02669902912621359
0 0.8706828885400314 0.4590412621359223 0.07221350078492936 0.03398058252427184
0 0.6764128728414444 0.4757281553398058 0.047880690737833596 0.035800970873786406
0 0.7356750392464678 0.47057038834951453 0.06593406593406594 0.03519417475728155
0 0.6008634222919937 0.6598907766990291 0.052982731554160126 0.04126213592233009
0 0.8098508634222921 0.6034587378640777 0.08712715855572999 0.0279126213592233
0 0.8910910518053375 0.6210558252427184 0.02197802197802198 0.03155339805825243
0 0.8675431711145998 0.6501820388349514 0.06593406593406594 0.03155339805825243
0 0.5983124018838305 0.7184466019417475 0.03296703296703297 0.027305825242718445
0 0.6571821036106751 0.7084344660194174 0.08006279434850865 0.02669902912621359
0 0.8873626373626374 0.7181432038834951 0.04120879120879121 0.02669902912621359
0 0.8789246467817897 0.6990291262135921 0.03532182103610675 0.037014563106796114
0 0.881868131868132 0.7448422330097086 0.0521978021978022 0.038834951456310676
0 0.6251962323390895 0.7600121359223301 0.09144427001569859 0.032766990291262135
0 0.7060439560439561 0.7600121359223301 0.06789638932496075 0.03155339805825243
0 0.7790423861852434 0.7041868932038834 0.044348508634222926 0.030339805825242715
0 0.604591836734694 0.7903519417475727 0.04081632653061225 0.03519417475728155
0 0.6087127158555731 0.9211165048543688 0.036499215070643645 0.02973300970873786
0 0.640894819466248 0.922633495145631 0.024725274725274728 0.023058252427184463
0 0.7798273155416013 0.8841019417475727 0.04827315541601256 0.035800970873786406
0 0.8553767660910518 0.7730582524271844 0.05886970172684459 0.03337378640776699
0 0.6383437990580848 0.8115898058252426 0.0423861852433281 0.029126213592233007
0 0.6770015698587127 0.8118932038834951 0.0380690737833595 0.0345873786407767
0 0.7372448979591837 0.8128033980582523 0.08634222919937207 0.04126213592233009
0 0.833006279434851 0.8012742718446602 0.10832025117739404 0.040048543689320384
0 0.6198979591836735 0.8944174757281552 0.07299843014128729 0.03944174757281553
0 0.6864207221350079 0.8904733009708737 0.05690737833594977 0.03398058252427184
0 0.8004317111459969 0.5221480582524272 0.05102040816326531 0.025485436893203883
0 0.7005494505494506 0.3419296116504854 0.07103610675039247 0.029126213592233007
0 0.8557692307692308 0.3607402912621359 0.04395604395604396 0.029126213592233007
0 0.7074175824175825 0.4505461165048543 0.05180533751962324 0.046116504854368925
0 0.8206436420722135 0.5500606796116504 0.054552590266875985 0.050970873786407765
0 0.7590266875981162 0.5521844660194174 0.07182103610675039 0.03944174757281553
0 0.7619701726844584 0.6802184466019416 0.036891679748822605 0.028519417475728153
