0 0.19721350078492936 0.08100728155339805 0.05023547880690738 0.029126213592233007
0 0.26805337519623235 0.08404126213592232 0.07182103610675039 0.0279126213592233
0 0.3137755102040817 0.07979368932038834 0.020408163265306124 0.02669902912621359
0 0.3404631083202512 0.08343446601941747 0.0282574568288854 0.029126213592233007
0 0.3706828885400314 0.07979368932038834 0.029827315541601257 0.03155339805825243
0 0.4240580847723705 0.08343446601941747 0.07770800627943486 0.038834951456310676
0 0.48018053375196235 0.08616504854368931 0.027472527472527476 0.028519417475728153
0 0.1815149136577708 0.10376213592233009 0.020408163265306124 0.02487864077669903
0 0.22036891679748824 0.10922330097087378 0.059654631083202514 0.03216019417475728
0 0.29297488226059654 0.1083131067961165 0.07849293563579278 0.040048543689320384
0 0.35498430141287285 0.11771844660194174 0.03767660910518054 0.03337378640776699
0 0.35086342229199374 0.11923543689320387 0.04591836734693878 0.030339805825242715
0 0.3961930926216641 0.10800970873786407 0.0423861852433281 0.02973300970873786
0 0.4546703296703297 0.12044902912621358 0.0816326530612245 0.03762135922330097
0 0.20054945054945056 0.1316747572815534 0.05690737833594977 0.02245145631067961
0 0.2653061224489796 0.13258495145631066 0.07182103610675039 0.0279126213592233
0 0.35105965463108324 0.14168689320388347 0.07535321821036108 0.038834951456310676
0 0.40168759811616955 0.13925970873786406 0.02590266875981162 0.03398058252427184
0 0.4303375196232339 0.14108009708737862 0.03296703296703297 0.02669902912621359
0 0.4687990580847724 0.1453276699029126 0.04081632653061225 0.03155339805825243
0 0.19014913657770802 0.16019417475728154 0.03924646781789639 0.02245145631067961
0 0.24116954474097332 0.16353155339805825 0.03453689167974883 0.02427184466019417
0 0.27688383045525905 0.1711165048543689 0.044740973312401885 0.03337378640776699
0 0.33850078492935637 0.1695995145631068 0.02511773940345369 0.02427184466019417
0 0.32770800627943486 0.16899271844660194 0.049843014128728415 0.025485436893203883
0 0.4432888540031397 0.1720266990291262 0.07927786499215071 0.030339805825242715
0 0.18877551020408165 0.19690533980582522 0.04277864992150707 0.03519417475728155
0 0.2523547880690738 0.19144417475728154 0.07574568288854004 0.03398058252427184
0 0.3206436420722135 0.19811893203883493 0.054552590266875985 0.04490291262135922
0 0.36401098901098905 0.20479368932038833 0.02904238618524333 0.038834951456310676
0 0.40639717425431715 0.19933252427184464 0.05572998430141288 0.021844660194174755
0 0.46487441130298274 0.20175970873786406 0.05808477237048666 0.04126213592233009
0 0.18975667189952905 0.2211771844660194 0.03610675039246468 0.02669902912621359
0 0.24509419152276296 0.22178398058252424 0.05337519623233909 0.02427184466019417
0 0.3122056514913658 0.2302791262135922 0.076138147566719 0.03640776699029126
0 0.3716640502354788 0.22815533980582522 0.03728414442700157 0.017597087378640776
0 0.4244505494505495 0.23391990291262135 0.05729984301412873 0.03155339805825243
0 0.47390109890109894 0.2345266990291262 0.04709576138147567 0.03398058252427184
0 0.20604395604395606 0.2524271844660194 0.06475667189952905 0.02245145631067961
0 0.24823390894819466 0.2624393203883495 0.03532182103610675 0.032766990291262135
0 0.29179748822605966 0.25637135922330095 0.049450549450549455 0.0424757281553398
0 0.3471350078492936 0.2612257281553398 0.06907378335949765 0.038834951456310676
0 0.41718995290423866 0.2630461165048543 0.07888540031397175 0.038834951456310676
0 0.47782574568288855 0.2557645631067961 0.03924646781789639 0.021844660194174755
0 0.18936420722135008 0.2824635922330097 0.04552590266875981 0.03398058252427184
0 0.23018053375196235 0.28974514563106796 0.03453689167974883 0.029126213592233007
0 0.30160910518053374 0.28307038834951453 0.023547880690737835 0.02427184466019417
0 0.3373233908948195 0.28640776699029125 0.038461538461538464 0.026092233009708737
0 0.4218995290423862 0.2882281553398058 0.09458398744113031 0.03944174757281553
0 0.4134615384615385 0.28671116504854366 0.11381475667189954 0.03762135922330097
0 0.21879905808477237 0.31219660194174753 0.06122448979591837 0.03762135922330097
0 0.30003924646781793 0.31978155339805825 0.0706436420722135 0.043082524271844655
0 0.3541993720565149 0.3131067961165048 0.03453689167974883 0.02245145631067961
0 0.4005102040816327 0.3234223300970874 0.07142857142857144 0.037014563106796114
0 0.4689952904238619 0.3194781553398058 0.06004709576138148 0.023058252427184463
0 0.2089874411302983 0.339502427184466 0.05494505494505495 0.02669902912621359
0 0.288265306122449 0.34617718446601936 0.1043956043956044 0.03519417475728155
0 0.3918759811616955 0.3443567961165048 0.07221350078492936 0.03640776699029126
0 0.38677394034536894 0.34496359223300965 0.08241758241758242 0.03519417475728155
0 0.4599686028257457 0.34617718446601936 0.0663265306122449 0.038834951456310676
0 0.18543956043956045 0.3704490291262136 0.023547880690737835 0.023058252427184463
0 0.22468602825745684 0.37833737864077666 0.06436420722135008 0.03398058252427184
0 0.2760989010989011 0.3704490291262136 0.03610675039246468 0.025485436893203883
0 0.3224097331240189 0.3734830097087378 0.05416012558869702 0.029126213592233007
0 0.3628335949764521 0.3710558252427184 0.02197802197802198 0.029126213592233007
0 0.3918759811616955 0.3722694174757281 0.03296703296703297 0.02669902912621359
0 0.4283751962323391 0.3819781553398058 0.047880690737833596 0.03155339805825243
0 0.4764521193092622 0.3722694174757281 0.044348508634222926 0.02669902912621359
0 0.18465463108320251 0.3989684466019417 0.023547880690737835 0.021844660194174755
0 0.23214285714285715 0.40867718446601936 0.05886970172684459 0.03640776699029126
0 0.29611459968602827 0.39836165048543687 0.029827315541601257 0.0279126213592233
0 0.2859105180533752 0.4001820388349514 0.05023547880690738 0.02427184466019417
0 0.3434065934065934 0.4111043689320388 0.05847723704866562 0.04126213592233009
0 0.39344583987441134 0.4068567961165048 0.04395604395604396 0.03398058252427184
0 0.4436813186813187 0.4035194174757281 0.0565149136577708 0.028519417475728153
0 0.4819466248037677 0.3989684466019417 0.026295133437990583 0.021844660194174755
0 0.20957613814756673 0.42384708737864074 0.06868131868131869 0.03155339805825243
0 0.266679748822606 0.4359830097087378 0.049450549450549455 0.03519417475728155
0 0.30867346938775514 0.44174757281553395 0.029827315541601257 0.0345873786407767
0 0.3589089481946625 0.4341626213592233 0.05180533751962324 0.02669902912621359
0 0.4164050235478807 0.44114077669902907 0.046703296703296704 0.037014563106796114
0 0.46762166405023553 0.42930825242718446 0.05102040816326531 0.029126213592233007
0 0.2623626373626374 0.4626820388349514 0.06122448979591837 0.032766990291262135
0 0.3196624803767661 0.4702669902912621 0.04395604395604396 0.03094660194174757
0 0.3710753532182104 0.4614684466019417 0.05416012558869702 0.023058252427184463
0 0.42582417582417587 0.4651092233009708 0.05612244897959184 0.03155339805825243
0 0.47174254317111464 0.46632281553398053 0.04120879120879121 0.032766990291262135
0 0.19211145996860285 0.48634708737864074 0.041601255886970175 0.03155339805825243
0 0.23508634222919939 0.48543689320388345 0.03257456828885401 0.018810679611650484
0 0.26255886970172687 0.48634708737864074 0.024725274725274728 0.02669902912621359
0 0.30612244897959184 0.48786407766990286 0.06789638932496075 0.02487864077669903
0 0.35930141287284145 0.4960558252427184 0.027472527472527476 0.02669902912621359
0 0.3561616954474098 0.4948422330097087 0.038461538461538464 0.029126213592233007
0 0.396585557299843 0.48665048543689315 0.04081632653061225 0.0212378640776699
0 0.43112244897959184 0.4924150485436893 0.03924646781789639 0.03398058252427184
0 0.4744897959183674 0.48300970873786403 0.04120879120879121 0.020024271844660192
0 0.18916797488226061 0.5157766990291262 0.024725274725274728 0.023665048543689317
0 0.24744897959183676 0.5148665048543689 0.05416012558869702 0.029126213592233007
0 0.30200156985871274 0.5179004854368932 0.05023547880690738 0.025485436893203883
0 0.3793171114599686 0.5224514563106796 0.0620094191522763 0.03337378640776699
0 0.3710753532182104 0.5197208737864077 0.0847723704866562 0.03398058252427184
0 0.43347723704866564 0.5209344660194174 0.03218210361067504 0.02427184466019417
0 0.4829277864992151 0.5081917475728155 0.027472527472527476 0.025485436893203883
0 0.18524332810047098 0.554004854368932 0.039638932496075356 0.02973300970873786
0 0.21801412872841447 0.5467233009708737 0.031397174254317116 0.023665048543689317
0 0.2815934065934066 0.547633495145631 0.04866562009419152 0.03155339805825243
0 0.244701726844584 0.5537014563106796 0.027472527472527476 0.02669902912621359
0 0.3373233908948195 0.5543082524271844 0.06122448979591837 0.032766990291262135
0 0.40620094191522765 0.547633495145631 0.06946624803767662 0.04368932038834951
0 0.46722919937205654 0.5379247572815533 0.04395604395604396 0.021844660194174755
0 0.25412087912087916 0.5782766990291262 0.04709576138147567 0.023665048543689317
0 0.3035714285714286 0.5755461165048543 0.03453689167974883 0.019417475728155338
0 0.3502747252747253 0.5743325242718446 0.05572998430141288 0.021844660194174755
0 0.40208006279434855 0.5685679611650485 0.04081632653061225 0.028519417475728153
0 0.4452511773940346 0.576759708737864 0.05808477237048666 0.03640776699029126
0 0.20427786499215073 0.6131674757281553 0.05572998430141288 0.02669902912621359
0 0.28120094191522765 0.6086165048543689 0.05180533751962324 0.026092233009708737
0 0.27060439560439564 0.6089199029126213 0.07221350078492936 0.0279126213592233
0 0.3447802197802198 0.6025485436893203 0.07299843014128729 0.028519417475728153
0 0.4344583987441131 0.5973907766990291 0.07810047095761381 0.02427184466019417
0 0.18602825745682888 0.6350121359223301 0.021585557299843017 0.021844660194174755
0 0.2733516483516484 0.6410800970873786 0.027472527472527476 0.029126213592233007
0 0.320447409733124 0.6398665048543689 0.06985871271585557 0.03640776699029126
0 0.37656985871271587 0.6341019417475727 0.03924646781789639 0.020024271844660192
0 0.4283751962323391 0.6289441747572815 0.0282574568288854 0.019417475728155338
0 0.42072213500784933 0.6295509708737863 0.04513343799058085 0.019417475728155338
0 0.4687990580847724 0.6283373786407767 0.05337519623233909 0.030339805825242715
0 0.1968210361067504 0.6623179611650485 0.04003139717425432 0.02427184466019417
0 0.2425431711145997 0.6695995145631067 0.04356357927786499 0.032766990291262135
0 0.3078885400313972 0.6692961165048543 0.06043956043956044 0.03094660194174757
0 0.30062794348508637 0.6695995145631067 0.07496075353218211 0.03155339805825243
0 0.3663657770800628 0.6589805825242718 0.03767660910518054 0.02973300970873786
0 0.36165620094191525 0.6623179611650485 0.05023547880690738 0.03640776699029126
0 0.41267660910518056 0.6562499999999999 0.04552590266875981 0.025485436893203883
0 0.19544740973312402 0.6871966019417475 0.03728414442700157 0.029126213592233007
0 0.2653061224489796 0.6932645631067961 0.060832025117739406 0.021844660194174755
0 0.25529827315541603 0.6923543689320387 0.07770800627943486 0.018810679611650484
0 0.3288854003139718 0.6874999999999999 0.04748822605965464 0.023665048543689317
0 0.37421507064364207 0.6871966019417475 0.03767660910518054 0.021844660194174755
0 0.451138147566719 0.6859830097087378 0.02511773940345369 0.021844660194174755
0 0.18877551020408165 0.7226941747572815 0.024725274725274728 0.0212378640776699
0 0.24018838304552592 0.7236043689320387 0.07339089481946626 0.029126213592233007
0 0.30200156985871274 0.7236043689320387 0.04709576138147567 0.02427184466019417
0 0.34281789638932497 0.7187499999999999 0.03453689167974883 0.029126213592233007
0 0.3734301412872842 0.7190533980582524 0.029827315541601257 0.023665048543689317
0 0.42582417582417587 0.716626213592233 0.07653061224489796 0.02487864077669903
0 0.4811616954474098 0.7090412621359222 0.03414442700156986 0.029126213592233007
0 0.21075353218210363 0.7578883495145631 0.07025117739403454 0.02973300970873786
0 0.2839481946624804 0.7527305825242718 0.06593406593406594 0.029126213592233007
0 0.3412480376766091 0.7490898058252426 0.04866562009419152 0.02669902912621359
0 0.3500784929356358 0.7490898058252426 0.06554160125588697 0.02669902912621359
0 0.41817111459968603 0.7509101941747572 0.0706436420722135 0.032766990291262135
0 0.4750784929356358 0.7490898058252426 0.038461538461538464 0.032766990291262135
0 0.21605180533751964 0.7915655339805825 0.07299843014128729 0.04368932038834951
0 0.2735478806907379 0.7927791262135921 0.052982731554160126 0.03155339805825243
0 0.32810047095761385 0.7873179611650485 0.049843014128728415 0.03519417475728155
0 0.3775510204081633 0.7864077669902912 0.04591836734693878 0.04186893203883495
0 0.42288069073783363 0.7751820388349514 0.04552590266875981 0.030339805825242715
0 0.4754709576138148 0.777002427184466 0.04395604395604396 0.03398058252427184
0 0.1948587127158556 0.8182645631067961 0.03767660910518054 0.02427184466019417
0 0.22762951334379908 0.8173543689320387 0.02786499215070644 0.027305825242718445
0 0.2543171114599686 0.8137135922330097 0.022370486656200943 0.02487864077669903
0 0.29218995290423866 0.8225121359223301 0.05102040816326531 0.03519417475728155
0 0.34222919937205654 0.808252427184466 0.04748822605965464 0.03216019417475728
0 0.42346938775510207 0.8091626213592232 0.07574568288854004 0.02427184466019417
0 0.41483516483516486 0.8109830097087378 0.09379905808477237 0.02427184466019417
0 0.4786106750392465 0.7982402912621358 0.030612244897959186 0.0279126213592233
0 0.21055729984301413 0.8449635922330097 0.06671899529042387 0.02669902912621359
0 0.2655023547880691 0.8467839805825242 0.04003139717425432 0.025485436893203883
0 0.3023940345368917 0.8534587378640776 0.049450549450549455 0.038834951456310676
0 0.3687205651491366 0.8443567961165048 0.07692307692307693 0.023058252427184463
0 0.4450549450549451 0.836771844660194 0.033359497645211934 0.027305825242718445
0 0.43543956043956045 0.8379854368932038 0.05494505494505495 0.02487864077669903
0 0.48057299843014134 0.8358616504854368 0.038461538461538464 0.030339805825242715
0 0.1925039246467818 0.8753033980582523 0.033751962323390894 0.02669902912621359
0 0.25804552590266877 0.8804611650485437 0.0423861852433281 0.03094660194174757
0 0.250392464678179 0.8789441747572815 0.05533751962323391 0.03398058252427184
0 0.34203296703296704 0.8810679611650485 0.031397174254317116 0.03216019417475728
0 0.3926609105180534 0.8728762135922329 0.07142857142857144 0.03155339805825243
0 0.45074568288854006 0.8631674757281552 0.044740973312401885 0.02669902912621359
0 0.1991758241758242 0.9010922330097086 0.04081632653061225 0.023665048543689317
0 0.2676609105180534 0.9068567961165048 0.09301412872841444 0.02669902912621359
0 0.3396781789638933 0.9044296116504854 0.026687598116169546 0.01699029126213592
0 0.3751962323390895 0.9041262135922329 0.04120879120879121 0.028519417475728153
0 0.40384615384615385 0.8950242718446602 0.019230769230769232 0.02245145631067961
0 0.4275902668759812 0.8959344660194174 0.026687598116169546 0.02427184466019417
0 0.4523155416012559 0.8959344660194174 0.02119309262166405 0.019417475728155338
0 0.24018838304552592 0.9338592233009708 0.046703296703296704 0.026092233009708737
0 0.3035714285714286 0.9347694174757281 0.05180533751962324 0.029126213592233007
0 0.2967032967032967 0.9365898058252426 0.062401883830455265 0.0279126213592233
0 0.3504709576138148 0.9387135922330097 0.022370486656200943 0.03094660194174757
0 0.34674254317111464 0.9390169902912621 0.031397174254317116 0.032766990291262135
0 0.3589089481946625 0.9378033980582523 0.04003139717425432 0.030339805825242715
0 0.41503139717425436 0.9384101941747572 0.06750392464678179 0.03640776699029126
0 0.47586342229199374 0.9347694174757281 0.052590266875981166 0.038834951456310676
0 0.30376766091051804 0.8759101941747572 0.04513343799058085 0.023058252427184463
0 0.19760596546310832 0.933252427184466 0.03924646781789639 0.02487864077669903
0 0.6114599686028258 0.07858009708737863 0.034929356357927786 0.02669902912621359
0 0.6624803767660911 0.08009708737864077 0.06711145996860284 0.03337378640776699
0 0.7384222919937206 0.07675970873786407 0.0816326530612245 0.047330097087378634
0 0.8023940345368917 0.07402912621359223 0.036891679748822605 0.026092233009708737
0 0.8571428571428572 0.07797330097087378 0.07103610675039247 0.032766990291262135
0 0.6155808477237049 0.11468446601941747 0.06436420722135008 0.03216019417475728
0 0.6630690737833596 0.1049757281553398 0.0282574568288854 0.02487864077669903
0 0.6979984301412874 0.10649271844660194 0.04081632653061225 0.02427184466019417
0 0.7480376766091053 0.10345873786407767 0.03100470957613815 0.020631067961165046
0 0.7411695447409734 0.11104368932038834 0.043171114599686033 0.03216019417475728
0 0.7912087912087913 0.10285194174757281 0.023155416012558872 0.02669902912621359
0 0.7831632653061225 0.10103155339805825 0.03610675039246468 0.030339805825242715
0 0.8373233908948196 0.10406553398058252 0.06593406593406594 0.02427184466019417
0 0.8926609105180534 0.1016383495145631 0.043171114599686033 0.029126213592233007
0 0.6248037676609105 0.13713592233009708 0.06397174254317112 0.026092233009708737
0 0.695447409733124 0.13804611650485435 0.07339089481946626 0.02427184466019417
0 0.7800235478806908 0.1386529126213592 0.08634222919937207 0.03519417475728155
0 0.8487048665620095 0.1383495145631068 0.05572998430141288 0.035800970873786406
0 0.6185243328100472 0.1711165048543689 0.06789638932496075 0.03216019417475728
0 0.6646389324960754 0.1699029126213592 0.03296703296703297 0.028519417475728153
0 0.7046703296703297 0.16110436893203883 0.020408163265306124 0.02669902912621359
0 0.6983908948194663 0.16140776699029125 0.03296703296703297 0.02245145631067961
0 0.7917974882260597 0.15989077669902912 0.06279434850863423 0.02427184466019417
0 0.8526295133437991 0.16595873786407767 0.03767660910518054 0.03640776699029126
0 0.8901098901098902 0.16231796116504854 0.04905808477237049 0.038834951456310676
0 0.614010989010989 0.19963592233009708 0.049450549450549455 0.02973300970873786
0 0.6748430141287285 0.19265776699029125 0.04552590266875981 0.021844660194174755
0 0.668563579277865 0.19417475728155337 0.05808477237048666 0.023665048543689317
0 0.7219387755102041 0.19690533980582522 0.04552590266875981 0.03519417475728155
0 0.7629513343799058 0.19417475728155337 0.03021978021978022 0.028519417475728153
0 0.820839874411303 0.18901699029126212 0.08634222919937207 0.02427184466019417
0 0.8906985871271587 0.19265776699029125 0.05023547880690738 0.03155339805825243
0 0.6459968602825746 0.22542475728155337 0.049843014128728415 0.02427184466019417
0 0.6336342229199372 0.2248179611650485 0.07299843014128729 0.023058252427184463
0 0.696232339089482 0.2211771844660194 0.049843014128728415 0.0279126213592233
0 0.7488226059654631 0.21996359223300968 0.02708006279434851 0.01820388349514563
0 0.7439167974882261 0.2190533980582524 0.03924646781789639 0.020024271844660192
0 0.756083202511774 0.21753640776699026 0.06122448979591837 0.019417475728155338
0 0.8186813186813188 0.2169296116504854 0.062401883830455265 0.021844660194174755
0 0.8716640502354789 0.2157160194174757 0.039638932496075356 0.019417475728155338
0 0.6312794348508635 0.2600121359223301 0.06985871271585557 0.032766990291262135
0 0.6783751962323391 0.25758495145631066 0.029827315541601257 0.029126213592233007
0 0.7223312401883831 0.2515169902912621 0.052590266875981166 0.030339805825242715
0 0.7706043956043956 0.24271844660194172 0.047880690737833596 0.02487864077669903
0 0.8369309262166406 0.24423543689320387 0.041601255886970175 0.023058252427184463
0 0.8271193092621665 0.24605582524271843 0.05808477237048666 0.021844660194174755
0 0.8738226059654631 0.24362864077669902 0.03532182103610675 0.02669902912621359
0 0.902276295133438 0.24484223300970873 0.023940345368916798 0.02427184466019417
0 0.6104788069073783 0.2788228155339806 0.026687598116169546 0.02427184466019417
0 0.6540423861852434 0.2836771844660194 0.049450549450549455 0.019417475728155338
0 0.7156593406593407 0.2788228155339806 0.03296703296703297 0.02427184466019417
0 0.7505886970172685 0.27548543689320387 0.03610675039246468 0.028519417475728153
0 0.799646781789639 0.27396844660194175 0.059654631083202514 0.03398058252427184
0 0.8426216640502355 0.27396844660194175 0.03100470957613815 0.03155339805825243
0 0.876177394034537 0.2612257281553398 0.02433281004709576 0.025485436893203883
0 0.9032574568288855 0.2636529126213592 0.02511773940345369 0.013349514563106795
0 0.6061616954474097 0.30430825242718446 0.02197802197802198 0.030339805825242715
0 0.6367739403453689 0.30673543689320387 0.03296703296703297 0.023058252427184463
0 0.7089874411302983 0.3085558252427184 0.03610675039246468 0.019417475728155338
0 0.6928963893249608 0.30673543689320387 0.06985871271585557 0.019417475728155338
0 0.7592229199372057 0.3037014563106796 0.06122448979591837 0.02427184466019417
0 0.8271193092621665 0.30006067961165045 0.033751962323390894 0.02669902912621359
0 0.8277080062794349 0.2973300970873786 0.07260596546310832 0.02245145631067961
0 0.8897174254317112 0.29672330097087374 0.051412872841444274 0.0345873786407767
0 0.6071428571428572 0.34374999999999994 0.039638932496075356 0.03155339805825243
0 0.6536499215070644 0.3364684466019417 0.05102040816326531 0.03155339805825243
0 0.7186028257456829 0.33131067961165045 0.0521978021978022 0.02973300970873786
0 0.7688383045525903 0.3370752427184466 0.04513343799058085 0.03519417475728155
0 0.8196624803767661 0.32918689320388345 0.03767660910518054 0.01699029126213592
0 0.8746075353218211 0.32675970873786403 0.06593406593406594 0.03155339805825243
0 0.6183281004709577 0.3595266990291262 0.041601255886970175 0.021844660194174755
0 0.6638540031397174 0.3689320388349514 0.031397174254317116 0.03094660194174757
0 0.6970172684458399 0.3734830097087378 0.04513343799058085 0.03398058252427184
0 0.7339089481946626 0.36013349514563103 0.024725274725274728 0.021844660194174755
0 0.7753139717425432 0.36134708737864074 0.05180533751962324 0.021844660194174755
0 0.8296703296703297 0.36377427184466016 0.05533751962323391 0.03640776699029126
0 0.8822605965463108 0.3561893203883495 0.051412872841444274 0.03337378640776699
0 0.6434458398744113 0.397754854368932 0.06122448979591837 0.03519417475728155
0 0.7189952904238619 0.3932038834951456 0.0804552590266876 0.027305825242718445
0 0.8883437990580848 0.3874393203883495 0.04552590266875981 0.025485436893203883
0 0.821624803767661 0.3919902912621359 0.0847723704866562 0.032766990291262135
0 0.6869113029827316 0.426881067961165 0.048469387755102046 0.037014563106796114
0 0.7531397174254317 0.42809466019417475 0.0565149136577708 0.03944174757281553
0 0.7984693877551021 0.42930825242718446 0.03414442700156986 0.0345873786407767
0 0.8493916797488227 0.4212682038834951 0.06730769230769232 0.03549757281553398
0 0.8636185243328101 0.4188410194174757 0.09576138147566719 0.031856796116504854
0 0.619701726844584 0.4638956310679611 0.06475667189952905 0.03822815533980582
0 0.6732731554160126 0.4617718446601941 0.05180533751962324 0.03337378640776699
0 0.7409733124018839 0.46086165048543687 0.07967032967032968 0.038834951456310676
0 0.8157378335949765 0.4475121359223301 0.03453689167974883 0.01699029126213592
0 0.8710753532182104 0.44417475728155337 0.029827315541601257 0.018810679611650484
0 0.8604788069073784 0.4453883495145631 0.05102040816326531 0.0212378640776699
0 0.8751962323390895 0.44417475728155337 0.07888540031397175 0.023665048543689317
0 0.6263736263736264 0.48968446601941745 0.054552590266875985 0.026092233009708737
0 0.6771978021978022 0.48634708737864074 0.0423861852433281 0.030339805825242715
0 0.7266483516483517 0.49211165048543687 0.04866562009419152 0.04186893203883495
0 0.7878728414442701 0.48452669902912615 0.03296703296703297 0.020631067961165046
0 0.777668759811617 0.48452669902912615 0.05337519623233909 0.021844660194174755
0 0.8390894819466248 0.48209951456310673 0.06868131868131869 0.020631067961165046
0 0.8952119309262166 0.47239077669902907 0.04199372056514914 0.030339805825242715
0 0.6179356357927787 0.5148665048543689 0.044740973312401885 0.0279126213592233
0 0.6642464678178964 0.5239684466019418 0.07299843014128729 0.038834951456310676
0 0.7305729984301413 0.5209344660194174 0.04709576138147567 0.025485436893203883
0 0.7709968602825746 0.5136529126213591 0.03296703296703297 0.030339805825242715
0 0.826530612244898 0.5154733009708737 0.07810047095761381 0.03640776699029126
0 0.8110282574568289 0.5160800970873786 0.11145996860282575 0.03398058252427184
0 0.9014913657770801 0.5087985436893203 0.02708006279434851 0.020631067961165046
0 0.6552197802197802 0.5458131067961165 0.026687598116169546 0.019417475728155338
0 0.6452119309262166 0.5458131067961165 0.04513343799058085 0.019417475728155338
0 0.701923076923077 0.5470266990291262 0.04003139717425432 0.019417475728155338
0 0.7346938775510204 0.5524878640776698 0.03885400313971743 0.03762135922330097
0 0.804552590266876 0.5445995145631067 0.05612244897959184 0.021844660194174755
0 0.7945447409733124 0.5433859223300971 0.07142857142857144 0.029126213592233007
0 0.8475274725274726 0.5406553398058251 0.029827315541601257 0.0212378640776699
0 0.8891287284144428 0.5403519417475727 0.0565149136577708 0.03519417475728155
0 0.619701726844584 0.5800970873786407 0.06554160125588697 0.037014563106796114
0 0.7036891679748823 0.576759708737864 0.08281004709576138 0.0279126213592233
0 0.7119309262166406 0.5785800970873786 0.06318681318681318 0.02669902912621359
0 0.7580455259026688 0.5740291262135921 0.023547880690737835 0.018810679611650484
0 0.8157378335949765 0.5749393203883495 0.09105180533751962 0.0424757281553398
0 0.8956043956043956 0.560376213592233 0.0380690737833595 0.029126213592233007
0 0.6302982731554161 0.6058859223300971 0.06318681318681318 0.032766990291262135
0 0.6860282574568289 0.608009708737864 0.04513343799058085 0.02487864077669903
0 0.7250784929356359 0.6089199029126213 0.03296703296703297 0.029126213592233007
0 0.7768838304552591 0.6049757281553397 0.06750392464678179 0.026092233009708737
0 0.8624411302982732 0.6055825242718446 0.04709576138147567 0.04186893203883495
0 0.6179356357927787 0.639259708737864 0.030612244897959186 0.02669902912621359
0 0.6552197802197802 0.639259708737864 0.03924646781789639 0.02669902912621359
0 0.7125196232339089 0.6410800970873786 0.07221350078492936 0.025485436893203883
0 0.7635400313971743 0.643507281553398 0.03610675039246468 0.032766990291262135
0 0.7961145996860283 0.6307645631067961 0.027472527472527476 0.029126213592233007
0 0.8522370486656201 0.6265169902912621 0.08006279434850865 0.02427184466019417
0 0.614403453689168 0.6714199029126213 0.0423861852433281 0.03155339805825243
0 0.6585557299843015 0.6668689320388349 0.036499215070643645 0.0212378640776699
0 0.6976059654631084 0.6762742718446602 0.059654631083202514 0.03519417475728155
0 0.7625588697017269 0.6686893203883495 0.06946624803767662 0.0345873786407767
0 0.8365384615384616 0.6580703883495145 0.06593406593406594 0.029126213592233007
0 0.8926609105180534 0.6532160194174756 0.043171114599686033 0.023058252427184463
0 0.6789638932496076 0.7035800970873786 0.04513343799058085 0.029126213592233007
0 0.7376373626373627 0.6993325242718446 0.0282574568288854 0.023058252427184463
0 0.7278257456828886 0.7014563106796116 0.05102040816326531 0.02487864077669903
0 0.7870879120879122 0.7011529126213591 0.05808477237048666 0.04368932038834951
0 0.8526295133437991 0.6929611650485437 0.07456828885400314 0.03216019417475728
0 0.9020800627943486 0.6865898058252426 0.023547880690737835 0.03398058252427184
0 0.6157770800627944 0.7272451456310679 0.06161695447409733 0.04854368932038834
0 0.6927001569858713 0.7360436893203883 0.04199372056514914 0.03216019417475728
0 0.680337519623234 0.7360436893203883 0.06828885400313972 0.035800970873786406
0 0.7552982731554161 0.7324029126213591 0.07378335949764521 0.043082524271844655
0 0.7627551020408164 0.7345266990291262 0.05886970172684459 0.03398058252427184
0 0.821624803767661 0.7296723300970873 0.049450549450549455 0.038834951456310676
0 0.881868131868132 0.7223907766990291 0.06554160125588697 0.02427184466019417
0 0.625784929356358 0.7575849514563107 0.05337519623233909 0.03640776699029126
0 0.67425431711146 0.7566747572815533 0.020800627943485087 0.028519417475728153
0 0.7321428571428572 0.7679004854368932 0.06985871271585557 0.03640776699029126
0 0.7272370486656201 0.7672936893203883 0.08281004709576138 0.03640776699029126
0 0.8071036106750393 0.7551577669902912 0.05023547880690738 0.021844660194174755
0 0.875 0.7545509708737863 0.08555729984301413 0.0424757281553398
0 0.6171507064364208 0.7915655339805825 0.03453689167974883 0.02669902912621359
0 0.6538461538461539 0.7967233009708737 0.036499215070643645 0.03094660194174757
0 0.6981946624803768 0.7885315533980581 0.04591836734693878 0.0279126213592233
0 0.7757064364207222 0.7903519417475727 0.05416012558869702 0.029126213592233007
0 0.7643249607535322 0.7888349514563107 0.08084772370486656 0.02973300970873786
0 0.8341836734693878 0.7851941747572815 0.05572998430141288 0.03216019417475728
0 0.8836342229199372 0.7815533980582524 0.03767660910518054 0.023665048543689317
0 0.6167582417582418 0.8355582524271844 0.04552590266875981 0.04550970873786407
0 0.6618916797488227 0.826759708737864 0.03767660910518054 0.02427184466019417
0 0.7372448979591837 0.8225121359223301 0.02511773940345369 0.0279126213592233
0 0.7282182103610676 0.8234223300970873 0.044740973312401885 0.027305825242718445
0 0.8041601255886971 0.8249393203883495 0.057692307692307696 0.023058252427184463
0 0.7937598116169545 0.8200849514563107 0.07849293563579278 0.0279126213592233
0 0.8502747252747254 0.8167475728155339 0.03296703296703297 0.02245145631067961
0 0.6163657770800628 0.8586165048543689 0.02511773940345369 0.020024271844660192
0 0.6673861852433282 0.8595266990291262 0.06907378335949765 0.03398058252427184
0 0.7415620094191523 0.8552791262135921 0.06436420722135008 0.0279126213592233
0 0.805729984301413 0.860133495145631 0.07339089481946626 0.03762135922330097
0 0.6222527472527473 0.8974514563106796 0.07142857142857144 0.0345873786407767
0 0.6811224489795918 0.889259708737864 0.043171114599686033 0.02669902912621359
0 0.7191915227629514 0.8862257281553397 0.031397174254317116 0.03155339805825243
0 0.7835557299843015 0.8941140776699028 0.10047095761381476 0.0424757281553398
0 0.658751962323391 0.9229368932038834 0.07221350078492936 0.026092233009708737
0 0.6454081632653061 0.9250606796116504 0.09576138147566719 0.03155339805825243
0 0.831828885400314 0.9180825242718446 0.022762951334379906 0.026092233009708737
0 0.8051412872841445 0.9211165048543688 0.026687598116169546 0.026092233009708737
0 0.8177001569858713 0.9202063106796116 0.05494505494505495 0.0279126213592233
