0 0.18092621664050237 0.08919902912621358 0.07967032967032968 0.06553398058252427
0 0.2440149136577708 0.10300364077669902 0.05710361067503925 0.03549757281553398
0 0.09870486656200943 0.08616504854368931 0.04552590266875981 0.03944174757281553
0 0.09321036106750392 0.1116504854368932 0.038461538461538464 0.02245145631067961
0 0.46094976452119313 0.0949635922330097 0.03532182103610675 0.02427184466019417
0 0.38912872841444274 0.31978155339805825 0.029827315541601257 0.02487864077669903
0 0.3816718995290424 0.49878640776699024 0.06750392464678179 0.035800970873786406
0 0.19014913657770802 0.591626213592233 0.02590266875981162 0.02973300970873786
0 0.23312401883830455 0.5901092233009708 0.049843014128728415 0.02669902912621359
0 0.4240580847723705 0.3128033980582524 0.04081632653061225 0.02669902912621359
0 0.413265306122449 0.4614684466019417 0.07574568288854004 0.03155339805825243
0 0.5994897959183674 0.09981796116504854 0.05023547880690738 0.03640776699029126
0 0.5202119309262166 0.1083131067961165 0.05808477237048666 0.019417475728155338
0 0.554945054945055 0.13258495145631066 0.034929356357927786 0.025485436893203883
0 0.5751569858712716 0.14714805825242716 0.023547880690737835 0.013349514563106795
0 0.6355965463108321 0.09921116504854369 0.01883830455259027 0.029126213592233007
0 0.7054552590266876 0.09466019417475727 0.05180533751962324 0.028519417475728153
0 0.6885792778649922 0.0949635922330097 0.08398744113029828 0.030339805825242715
0 0.7549058084772371 0.10436893203883495 0.05023547880690738 0.03094660194174757
0 0.8110282574568289 0.09799757281553398 0.05886970172684459 0.029126213592233007
0 0.8624411302982732 0.09799757281553398 0.04003139717425432 0.03519417475728155
0 0.5973312401883831 0.12651699029126212 0.033359497645211934 0.021844660194174755
0 0.6379513343799058 0.12651699029126212 0.026687598116169546 0.02427184466019417
0 0.6642464678178964 0.12348300970873785 0.027472527472527476 0.021844660194174755
0 0.690149136577708 0.12833737864077668 0.02590266875981162 0.021844660194174755
0 0.7399921507064364 0.1304611650485437 0.03610675039246468 0.02245145631067961
0 0.7933673469387755 0.12348300970873785 0.029827315541601257 0.021844660194174755
0 0.7843406593406594 0.12348300970873785 0.046310832025117744 0.021844660194174755
0 0.8251569858712716 0.12712378640776698 0.022762951334379906 0.02427184466019417
0 0.8490973312401884 0.1253033980582524 0.06828885400313972 0.021844660194174755
0 0.6191130298273155 0.16262135922330095 0.06436420722135008 0.03094660194174757
0 0.6756279434850864 0.15169902912621358 0.026687598116169546 0.023665048543689317
0 0.7074175824175825 0.15169902912621358 0.03218210361067504 0.02487864077669903
0 0.7395996860282575 0.15169902912621358 0.031397174254317116 0.020024271844660192
0 0.7509811616954475 0.1553398058252427 0.05337519623233909 0.027305825242718445
0 0.8324175824175825 0.14896844660194172 0.024725274725274728 0.019417475728155338
0 0.8665620094191523 0.14684466019417475 0.04120879120879121 0.02487864077669903
0 0.6151883830455259 0.17930825242718446 0.076138147566719 0.01699029126213592
0 0.689756671899529 0.17839805825242716 0.05337519623233909 0.023665048543689317
0 0.7429356357927787 0.1720266990291262 0.025510204081632654 0.021844660194174755
0 0.745486656200942 0.17445388349514562 0.05180533751962324 0.023058252427184463
0 0.804552590266876 0.17263349514563106 0.06789638932496075 0.023058252427184463
0 0.8742150706436421 0.16777912621359223 0.031397174254317116 0.020631067961165046
0 0.864403453689168 0.1699029126213592 0.049450549450549455 0.020024271844660192
0 0.5885007849293564 0.21632281553398056 0.04081632653061225 0.032766990291262135
0 0.6828885400313972 0.21055825242718446 0.05376766091051806 0.03094660194174757
0 0.7429356357927787 0.20266990291262135 0.06318681318681318 0.03216019417475728
0 0.8014128728414444 0.2011529126213592 0.051412872841444274 0.021844660194174755
0 0.8618524332810048 0.19387135922330095 0.06554160125588697 0.02669902912621359
0 0.6100863422291994 0.22815533980582522 0.05102040816326531 0.02245145631067961
0 0.6563971742543171 0.23088592233009705 0.04003139717425432 0.023058252427184463
0 0.6944662480376766 0.2324029126213592 0.03296703296703297 0.020024271844660192
0 0.7219387755102041 0.22845873786407764 0.02197802197802198 0.023058252427184463
0 0.7448979591836735 0.22694174757281552 0.02001569858712716 0.023665048543689317
0 0.7847331240188383 0.2324029126213592 0.04081632653061225 0.03094660194174757
0 0.820839874411303 0.22936893203883493 0.03924646781789639 0.03094660194174757
0 0.8632260596546312 0.21935679611650483 0.04395604395604396 0.02427184466019417
0 0.6057692307692308 0.25606796116504854 0.0565149136577708 0.023665048543689317
0 0.6510989010989011 0.25394417475728154 0.03021978021978022 0.02427184466019417
0 0.6858320251177394 0.2606189320388349 0.04081632653061225 0.03398058252427184
0 0.744701726844584 0.25606796116504854 0.03296703296703297 0.02487864077669903
0 0.7339089481946626 0.2578883495145631 0.0521978021978022 0.027305825242718445
0 0.800039246467818 0.25546116504854366 0.05416012558869702 0.02245145631067961
0 0.842817896389325 0.2569781553398058 0.031397174254317116 0.029126213592233007
0 0.8732339089481947 0.24969660194174756 0.03414442700156986 0.021844660194174755
0 0.6114599686028258 0.28125 0.07103610675039247 0.02669902912621359
0 0.8596938775510204 0.2569781553398058 0.0620094191522763 0.03155339805825243
0 0.6748430141287285 0.28640776699029125 0.023547880690737835 0.0212378640776699
0 0.7144819466248038 0.28640776699029125 0.05572998430141288 0.02245145631067961
0 0.7660910518053375 0.2836771844660194 0.044348508634222926 0.023058252427184463
0 0.8198587127158556 0.28125 0.062401883830455265 0.021844660194174755
0 0.8695054945054945 0.2836771844660194 0.04081632653061225 0.03398058252427184
0 0.6006671899529042 0.30673543689320387 0.019623233908948195 0.02427184466019417
0 0.6528649921507065 0.31553398058252424 0.043171114599686033 0.027305825242718445
0 0.7164442700156987 0.31674757281553395 0.04395604395604396 0.0345873786407767
0 0.7070251177394035 0.31583737864077666 0.06122448979591837 0.032766990291262135
0 0.7745290423861853 0.3131067961165048 0.029827315541601257 0.026092233009708737
0 0.592817896389325 0.30552184466019416 0.033751962323390894 0.02669902912621359
0 0.820839874411303 0.3109830097087378 0.04081632653061225 0.023058252427184463
0 0.8789246467817897 0.3079490291262136 0.0282574568288854 0.01699029126213592
0 0.8691130298273156 0.310376213592233 0.04866562009419152 0.01699029126213592
0 0.5971350078492936 0.33586165048543687 0.04866562009419152 0.02669902912621359
0 0.6713108320251178 0.34678398058252424 0.08006279434850865 0.03155339805825243
0 0.6667974882260597 0.34587378640776695 0.0890894819466248 0.0345873786407767
0 0.7582417582417583 0.34253640776699024 0.0380690737833595 0.023058252427184463
0 0.7427394034536892 0.34708737864077666 0.06750392464678179 0.03094660194174757
0 0.7244897959183674 0.34921116504854366 0.029434850863422294 0.02669902912621359
0 0.8061224489795918 0.3391990291262136 0.023155416012558872 0.023665048543689317
0 0.7976844583987441 0.3404126213592233 0.04003139717425432 0.02245145631067961
0 0.854591836734694 0.335254854368932 0.0706436420722135 0.03519417475728155
0 0.5845761381475667 0.36559466019417475 0.029827315541601257 0.023058252427184463
0 0.6187205651491366 0.3698422330097087 0.038461538461538464 0.03398058252427184
0 0.6544348508634223 0.37894417475728154 0.03453689167974883 0.03640776699029126
0 0.6877943485086343 0.3710558252427184 0.027472527472527476 0.021844660194174755
0 0.7656985871271585 0.37894417475728154 0.057692307692307696 0.032766990291262135
0 0.7203689167974883 0.36923543689320387 0.03453689167974883 0.023058252427184463
0 0.8143642072213502 0.3683252427184466 0.03885400313971743 0.027305825242718445
0 0.8528257456828886 0.366504854368932 0.034929356357927786 0.02245145631067961
0 0.5908555729984302 0.39532766990291257 0.05102040816326531 0.0279126213592233
0 0.6312794348508635 0.39927184466019416 0.03296703296703297 0.026092233009708737
0 0.6995682888540031 0.40624999999999994 0.03767660910518054 0.03155339805825243
0 0.6828885400313972 0.4068567961165048 0.07103610675039247 0.030339805825242715
0 0.7392072213500785 0.4023058252427184 0.04003139717425432 0.027305825242718445
0 0.7737441130298274 0.39927184466019416 0.02590266875981162 0.020024271844660192
0 0.7974882260596546 0.40867718446601936 0.03257456828885401 0.03640776699029126
0 0.8339874411302983 0.39441747572815533 0.04277864992150707 0.017597087378640776
0 0.5979199372056515 0.42961165048543687 0.05102040816326531 0.02487864077669903
0 0.6438383045525903 0.4302184466019417 0.03924646781789639 0.02487864077669903
0 0.7270408163265306 0.435376213592233 0.03924646781789639 0.021844660194174755
0 0.6528649921507065 0.4299150485436893 0.05729984301412873 0.021844660194174755
0 0.7713893249607536 0.43841019417475724 0.046310832025117744 0.03762135922330097
0 0.8561616954474098 0.4287014563106796 0.0706436420722135 0.029126213592233007
0 0.8461538461538463 0.4299150485436893 0.09301412872841444 0.0279126213592233
0 0.6226452119309263 0.4590412621359223 0.02511773940345369 0.020631067961165046
0 0.6069466248037677 0.45964805825242716 0.06279434850863423 0.021844660194174755
0 0.5979199372056515 0.4651092233009708 0.07927786499215071 0.032766990291262135
0 0.6618916797488227 0.4620752427184466 0.04709576138147567 0.02669902912621359
0 0.7290031397174255 0.4620752427184466 0.041601255886970175 0.02669902912621359
0 0.7187990580847724 0.462378640776699 0.06828885400313972 0.027305825242718445
0 0.7866954474097332 0.4635922330097087 0.029827315541601257 0.02487864077669903
0 0.778061224489796 0.4657160194174757 0.04866562009419152 0.02669902912621359
0 0.8157378335949765 0.47330097087378636 0.031397174254317116 0.03337378640776699
0 0.8430141287284145 0.45964805825242716 0.028649921507064365 0.029126213592233007
0 0.875392464678179 0.45752427184466016 0.03610675039246468 0.0212378640776699
0 0.6132260596546312 0.49757281553398053 0.06907378335949765 0.0345873786407767
0 0.6756279434850864 0.4972694174757281 0.049450549450549455 0.03640776699029126
0 0.7305729984301413 0.4930218446601941 0.04003139717425432 0.02427184466019417
0 0.7733516483516484 0.4972694174757281 0.05023547880690738 0.029126213592233007
0 0.8133830455259027 0.5036407766990291 0.03610675039246468 0.035800970873786406
0 0.8716640502354789 0.48695388349514557 0.051412872841444274 0.020631067961165046
0 0.8188775510204082 0.5009101941747572 0.05102040816326531 0.03762135922330097
0 0.582613814756672 0.5197208737864077 0.023547880690737835 0.025485436893203883
0 0.6528649921507065 0.5251820388349514 0.04866562009419152 0.021844660194174755
0 0.6426609105180534 0.5254854368932038 0.07142857142857144 0.026092233009708737
0 0.734105180533752 0.5200242718446602 0.05337519623233909 0.028519417475728153
0 0.7201726844583988 0.522754854368932 0.08124018838304553 0.02669902912621359
0 0.7984693877551021 0.5230582524271844 0.0282574568288854 0.0212378640776699
0 0.854199372056515 0.5236650485436892 0.04709576138147567 0.03944174757281553
0 0.8469387755102041 0.5236650485436892 0.060832025117739406 0.04186893203883495
0 0.8875588697017269 0.5133495145631067 0.02119309262166405 0.02245145631067961
0 0.604199372056515 0.5615898058252426 0.08398744113029828 0.03640776699029126
0 0.6720957613814758 0.5530946601941747 0.05102040816326531 0.0279126213592233
0 0.7191915227629514 0.5537014563106796 0.03453689167974883 0.0279126213592233
0 0.7656985871271585 0.5558252427184466 0.033359497645211934 0.023665048543689317
0 0.8139717425431712 0.5576456310679612 0.059262166405023554 0.04186893203883495
0 0.8718602825745684 0.551881067961165 0.05808477237048666 0.04854368932038834
0 0.88638147566719 0.5409587378640777 0.02511773940345369 0.029126213592233007
0 0.5957613814756673 0.581007281553398 0.049843014128728415 0.02669902912621359
0 0.6375588697017269 0.5925364077669902 0.03296703296703297 0.0279126213592233
0 0.6642464678178964 0.5822208737864077 0.01883830455259027 0.02427184466019417
0 0.7093799058084773 0.5876820388349514 0.06357927786499215 0.0279126213592233
0 0.7819858712715856 0.5901092233009708 0.06122448979591837 0.03519417475728155
0 0.8298665620094192 0.589502427184466 0.03924646781789639 0.03398058252427184
0 0.8710753532182104 0.5761529126213591 0.043171114599686033 0.02427184466019417
0 0.5914442700156987 0.614381067961165 0.033359497645211934 0.020631067961165046
0 0.6485478806907379 0.6158980582524272 0.031397174254317116 0.02245145631067961
0 0.6768053375196232 0.6149878640776698 0.0282574568288854 0.02669902912621359
0 0.7032967032967034 0.6119538834951456 0.023155416012558872 0.029126213592233007
0 0.7411695447409734 0.6222694174757281 0.05023547880690738 0.03640776699029126
0 0.7868916797488227 0.6210558252427184 0.04748822605965464 0.04368932038834951
0 0.842425431711146 0.6077063106796116 0.022762951334379906 0.02427184466019417
0 0.8789246467817897 0.6055825242718446 0.046310832025117744 0.03094660194174757
0 0.6022370486656201 0.6471480582524272 0.0565149136577708 0.023058252427184463
0 0.6736656200941915 0.6459344660194174 0.0816326530612245 0.025485436893203883
0 0.7488226059654631 0.6429004854368932 0.05533751962323391 0.023058252427184463
0 0.8021978021978022 0.6386529126213591 0.04513343799058085 0.0279126213592233
0 0.8402668759811618 0.6368325242718446 0.02786499215070644 0.021844660194174755
0 0.5841836734693878 0.6814320388349514 0.03453689167974883 0.027305825242718445
0 0.6206828885400314 0.6783980582524272 0.03218210361067504 0.017597087378640776
0 0.6509026687598116 0.6859830097087378 0.03453689167974883 0.03155339805825243
0 0.7097723704866562 0.6750606796116504 0.0282574568288854 0.020631067961165046
0 0.6956436420722135 0.6759708737864077 0.05494505494505495 0.02245145631067961
0 0.7757064364207222 0.6826456310679611 0.059654631083202514 0.03822815533980582
0 0.8339874411302983 0.674757281553398 0.062401883830455265 0.03822815533980582
0 0.881083202511774 0.6601941747572815 0.024725274725274728 0.02973300970873786
0 0.6102825745682889 0.7193567961165048 0.07496075353218211 0.03762135922330097
0 0.6854395604395604 0.7078276699029126 0.031397174254317116 0.019417475728155338
0 0.674646781789639 0.7087378640776698 0.052982731554160126 0.018810679611650484
0 0.7317503924646782 0.7126820388349514 0.023547880690737835 0.038834951456310676
0 0.723901098901099 0.7126820388349514 0.0423861852433281 0.03762135922330097
0 0.7808084772370487 0.7078276699029126 0.023547880690737835 0.02427184466019417
0 0.8145604395604396 0.706007281553398 0.04081632653061225 0.023058252427184463
0 0.8581240188383046 0.6932645631067961 0.02197802197802198 0.02427184466019417
0 0.6116562009419153 0.7542475728155339 0.07535321821036108 0.03944174757281553
0 0.6887755102040817 0.743628640776699 0.07888540031397175 0.038834951456310676
0 0.7596153846153847 0.7345266990291262 0.019623233908948195 0.02427184466019417
0 0.7531397174254317 0.735133495145631 0.039638932496075356 0.02669902912621359
0 0.7870879120879122 0.7320995145631067 0.02904238618524333 0.02427184466019417
0 0.8231946624803768 0.7399878640776698 0.02433281004709576 0.030339805825242715
0 0.8669544740973313 0.7333131067961164 0.05847723704866562 0.03640776699029126
0 0.6069466248037677 0.7745752427184466 0.02511773940345369 0.021844660194174755
0 0.6550235478806907 0.7760922330097086 0.07025117739403454 0.02973300970873786
0 0.7325353218210362 0.7675970873786407 0.02197802197802198 0.02245145631067961
0 0.7040816326530612 0.7672936893203883 0.029434850863422294 0.02669902912621359
0 0.7908163265306123 0.7657766990291262 0.05612244897959184 0.02245145631067961
0 0.614010989010989 0.8052184466019416 0.029827315541601257 0.023665048543689317
0 0.6640502354788069 0.8064320388349514 0.06946624803767662 0.026092233009708737
0 0.7168367346938775 0.801881067961165 0.03453689167974883 0.020631067961165046
0 0.7452904238618525 0.7991504854368932 0.024725274725274728 0.0212378640776699
0 0.7745290423861853 0.7958131067961164 0.030612244897959186 0.025485436893203883
0 0.8255494505494506 0.7894417475728155 0.022762951334379906 0.016383495145631068
0 0.8536106750392465 0.7906553398058251 0.044348508634222926 0.03944174757281553
0 0.6267660910518054 0.8328276699029126 0.051412872841444274 0.03155339805825243
0 0.6740580847723705 0.8307038834951456 0.036891679748822605 0.0212378640776699
0 0.7107535321821037 0.8328276699029126 0.034929356357927786 0.02427184466019417
0 0.7425431711145998 0.824635922330097 0.03100470957613815 0.023665048543689317
0 0.7806122448979592 0.8237257281553397 0.04513343799058085 0.020631067961165046
0 0.8337912087912088 0.8182645631067961 0.03610675039246468 0.01699029126213592
0 0.604591836734694 0.8598300970873786 0.05180533751962324 0.0212378640776699
0 0.6768053375196232 0.8631674757281552 0.04552590266875981 0.029126213592233007
0 0.7286106750392465 0.866504854368932 0.03924646781789639 0.02973300970873786
0 0.7647174254317112 0.855885922330097 0.03296703296703297 0.02427184466019417
0 0.8008241758241759 0.8510315533980581 0.04395604395604396 0.021844660194174755
0 0.6571821036106751 0.8886529126213591 0.04395604395604396 0.019417475728155338
0 0.6069466248037677 0.8947208737864077 0.0565149136577708 0.03398058252427184
0 0.717817896389325 0.8941140776699028 0.07653061224489796 0.03640776699029126
0 0.771585557299843 0.8825849514563106 0.028649921507064365 0.02669902912621359
0 0.798861852433281 0.8801577669902911 0.02433281004709576 0.02427184466019417
0 0.603414442700157 0.9202063106796116 0.04003139717425432 0.021844660194174755
0 0.6909340659340659 0.9141383495145631 0.05808477237048666 0.029126213592233007
0 0.778061224489796 0.9168689320388349 0.04081632653061225 0.03337378640776699
0 0.7399921507064364 0.9153519417475727 0.038461538461538464 0.02669902912621359
0 0.6434458398744113 0.9177791262135921 0.036891679748822605 0.02669902912621359
