0 0.19132653061224492 0.08100728155339805 0.06122448979591837 0.0279126213592233
0 0.28748037676609106 0.07858009708737863 0.041601255886970175 0.030339805825242715
0 0.3602825745682889 0.08646844660194174 0.046703296703296704 0.021844660194174755
0 0.3502747252747253 0.08677184466019416 0.06671899529042387 0.0212378640776699
0 0.42052590266875983 0.08555825242718446 0.05180533751962324 0.0345873786407767
0 0.14894034536891682 0.1083131067961165 0.026687598116169546 0.02669902912621359
0 0.21350078492935637 0.10861650485436893 0.03021978021978022 0.02245145631067961
0 0.25529827315541603 0.1149878640776699 0.06828885400313972 0.03398058252427184
0 0.309850863422292 0.11316747572815533 0.04395604395604396 0.021844660194174755
0 0.37676609105180536 0.11256067961165048 0.029434850863422294 0.020631067961165046
0 0.36342229199372056 0.11225728155339805 0.05376766091051806 0.02487864077669903
0 0.42778649921507067 0.11316747572815533 0.07496075353218211 0.02669902912621359
0 0.2925824175824176 0.13925970873786406 0.03767660910518054 0.01820388349514563
0 0.38069073783359497 0.1386529126213592 0.031789638932496075 0.02427184466019417
0 0.24568288854003142 0.14381067961165048 0.031789638932496075 0.02487864077669903
0 0.1664050235478807 0.15685679611650485 0.05533751962323391 0.02669902912621359
0 0.22213500784929358 0.1641383495145631 0.03414442700156986 0.02669902912621359
0 0.2739403453689168 0.15503640776699026 0.02786499215070644 0.021844660194174755
0 0.06456043956043957 0.1465412621359223 0.02590266875981162 0.013349514563106795
0 0.09360282574568289 0.14381067961165048 0.029827315541601257 0.017597087378640776
0 0.07888540031397175 0.5239684466019418 0.046703296703296704 0.029126213592233007
0 0.13206436420722137 0.5245752427184466 0.02511773940345369 0.019417475728155338
0 0.07908163265306123 0.5458131067961165 0.04866562009419152 0.03519417475728155
0 0.12539246467817897 0.5464199029126213 0.043171114599686033 0.019417475728155338
0 0.0890894819466248 0.5670509708737863 0.06711145996860284 0.019417475728155338
0 0.08673469387755102 0.6013349514563107 0.03728414442700157 0.03094660194174757
0 0.20506279434850866 0.5054611650485437 0.023547880690737835 0.028519417475728153
0 0.1642464678178964 0.49908980582524265 0.05808477237048666 0.046116504854368925
0 0.2796310832025118 0.5087985436893203 0.06279434850863423 0.03640776699029126
0 0.2651098901098901 0.5091019417475727 0.09576138147566719 0.037014563106796114
0 0.33712715855573 0.518507281553398 0.05847723704866562 0.03640776699029126
0 0.4099293563579278 0.5039441747572815 0.04709576138147567 0.03155339805825243
0 0.4030612244897959 0.5045509708737863 0.07025117739403454 0.032766990291262135
0 0.45624018838304553 0.5087985436893203 0.03924646781789639 0.038834951456310676
0 0.17857142857142858 0.5315533980582524 0.03257456828885401 0.026092233009708737
0 0.20741758241758243 0.5345873786407767 0.02511773940345369 0.02487864077669903
0 0.23665620094191525 0.5333737864077669 0.029434850863422294 0.027305825242718445
0 0.2674646781789639 0.5373179611650485 0.03218210361067504 0.020631067961165046
0 0.326138147566719 0.5455097087378641 0.04905808477237049 0.03094660194174757
0 0.39109105180533754 0.5336771844660194 0.03453689167974883 0.02427184466019417
0 0.4491758241758242 0.5391383495145631 0.0565149136577708 0.029126213592233007
0 0.15090266875981162 0.5597694174757281 0.01883830455259027 0.021844660194174755
0 0.2186028257456829 0.5664441747572815 0.09458398744113031 0.040048543689320384
0 0.28748037676609106 0.5615898058252426 0.0282574568288854 0.02427184466019417
0 0.32162480376766095 0.5612864077669902 0.036891679748822605 0.02487864077669903
0 0.3608712715855573 0.5649271844660194 0.041601255886970175 0.0212378640776699
0 0.46958398744113033 0.5640169902912621 0.02511773940345369 0.01820388349514563
0 0.1654238618524333 0.5876820388349514 0.04709576138147567 0.02427184466019417
0 0.23116169544740975 0.589502427184466 0.08437990580847725 0.030339805825242715
0 0.3184850863422292 0.5907160194174756 0.06593406593406594 0.025485436893203883
0 0.38010204081632654 0.5919296116504854 0.059654631083202514 0.02669902912621359
0 0.4428963893249608 0.5925364077669902 0.06436420722135008 0.03640776699029126
0 0.1826923076923077 0.614381067961165 0.036891679748822605 0.02427184466019417
0 0.21448194662480377 0.6152912621359222 0.026687598116169546 0.028519417475728153
0 0.24293563579277866 0.6171116504854368 0.029434850863422294 0.028519417475728153
0 0.26785714285714285 0.6316747572815533 0.04003139717425432 0.037014563106796114
0 0.3755886970172685 0.6310679611650485 0.06475667189952905 0.037014563106796114
0 0.42288069073783363 0.6216626213592232 0.02904238618524333 0.019417475728155338
0 0.4523155416012559 0.6325849514563107 0.04709576138147567 0.029126213592233007
0 0.1544348508634223 0.6386529126213591 0.02904238618524333 0.029126213592233007
0 0.19270015698587128 0.6432038834951456 0.04591836734693878 0.027305825242718445
0 0.25156985871271587 0.6532160194174756 0.06946624803767662 0.029126213592233007
0 0.315934065934066 0.6632281553398057 0.05690737833594977 0.03337378640776699
0 0.358712715855573 0.6629247572815533 0.025510204081632654 0.03398058252427184
0 0.38049450549450553 0.6611043689320388 0.02119309262166405 0.032766990291262135
0 0.4032574568288854 0.6638349514563107 0.033751962323390894 0.02973300970873786
0 0.44839089481946626 0.6577669902912621 0.05494505494505495 0.02245145631067961
0 0.17052590266875983 0.672633495145631 0.0423861852433281 0.02427184466019417
0 0.2078100470957614 0.6829490291262136 0.03532182103610675 0.0279126213592233
0 0.2590266875981162 0.6841626213592232 0.06711145996860284 0.0279126213592233
0 0.3200549450549451 0.6859830097087378 0.03610675039246468 0.025485436893203883
0 0.37441130298273156 0.6865898058252426 0.07260596546310832 0.0279126213592233
0 0.44839089481946626 0.6847694174757281 0.04866562009419152 0.02427184466019417
0 0.19270015698587128 0.7108616504854368 0.04199372056514914 0.032766990291262135
0 0.23528257456828885 0.7063106796116504 0.033751962323390894 0.02487864077669903
0 0.28748037676609106 0.7190533980582524 0.05494505494505495 0.0345873786407767
0 0.3461538461538462 0.7160194174757281 0.057692307692307696 0.026092233009708737
0 0.4028649921507065 0.7202669902912621 0.05494505494505495 0.03216019417475728
0 0.45408163265306123 0.7187499999999999 0.044348508634222926 0.03519417475728155
0 0.18072998430141288 0.7336165048543689 0.04395604395604396 0.02487864077669903
0 0.22017268445839877 0.7324029126213591 0.03100470957613815 0.02245145631067961
0 0.24764521193092623 0.739381067961165 0.026295133437990583 0.02669902912621359
0 0.3055337519623234 0.7475728155339805 0.08634222919937207 0.037014563106796114
0 0.37029042386185246 0.7421116504854368 0.04081632653061225 0.02487864077669903
0 0.42700156985871274 0.7487864077669902 0.09615384615384616 0.037014563106796114
0 0.16149921507064366 0.7648665048543689 0.04003139717425432 0.029126213592233007
0 0.19603610675039249 0.7612257281553397 0.02590266875981162 0.025485436893203883
0 0.25549450549450553 0.7703276699029126 0.08987441130298274 0.038834951456310676
0 0.3351648351648352 0.7715412621359222 0.044348508634222926 0.029126213592233007
0 0.3734301412872842 0.7754854368932038 0.033751962323390894 0.02973300970873786
0 0.40835949764521196 0.7675970873786407 0.03218210361067504 0.03094660194174757
0 0.4491758241758242 0.7712378640776698 0.05337519623233909 0.02487864077669903
0 0.16130298273155416 0.7994538834951456 0.057692307692307696 0.038834951456310676
0 0.2076138147566719 0.7912621359223301 0.031789638932496075 0.02245145631067961
0 0.25569073783359497 0.8067354368932038 0.08555729984301413 0.03398058252427184
0 0.4452511773940346 0.8003640776699028 0.05494505494505495 0.02973300970873786
0 0.4012951334379906 0.8131067961165048 0.03924646781789639 0.028519417475728153
0 0.17327315541601257 0.8552791262135921 0.05729984301412873 0.02669902912621359
0 0.24352433281004712 0.8652912621359222 0.0816326530612245 0.0345873786407767
0 0.1793563579277865 0.8243325242718446 0.06004709576138148 0.0279126213592233
0 0.23567503924646782 0.837378640776699 0.0565149136577708 0.03216019417475728
0 0.3439952904238619 0.8358616504854368 0.026687598116169546 0.025485436893203883
0 0.451530612244898 0.8325242718446602 0.04552590266875981 0.037014563106796114
0 0.3836342229199372 0.8446601941747572 0.052590266875981166 0.03094660194174757
0 0.33359497645211933 0.868628640776699 0.07182103610675039 0.02669902912621359
0 0.42523547880690743 0.8759101941747572 0.09654631083202513 0.03640776699029126
0 0.20486656200941916 0.8886529126213591 0.046703296703296704 0.025485436893203883
0 0.25941915227629514 0.8944174757281552 0.06318681318681318 0.03822815533980582
0 0.3284929356357928 0.8989684466019416 0.07810047095761381 0.03398058252427184
0 0.38108320251177397 0.9056432038834951 0.03257456828885401 0.0279126213592233
0 0.4218995290423862 0.9023058252427184 0.051412872841444274 0.03337378640776699
0 0.4633045525902669 0.8929004854368932 0.0282574568288854 0.02669902912621359
0 0.32142857142857145 0.9271844660194174 0.04591836734693878 0.0212378640776699
0 0.3850078492935636 0.9296116504854368 0.052982731554160126 0.03094660194174757
0 0.25392464678178966 0.9214199029126213 0.07103610675039247 0.029126213592233007
0 0.6079277864992151 0.06978155339805825 0.019230769230769232 0.017597087378640776
0 0.640894819466248 0.07008495145631068 0.024725274725274728 0.023058252427184463
0 0.6756279434850864 0.06947815533980582 0.02433281004709576 0.021844660194174755
0 0.7085949764521193 0.06887135922330097 0.03924646781789639 0.0279126213592233
0 0.7623626373626374 0.06765776699029126 0.06514913657770802 0.029126213592233007
0 0.8335949764521193 0.07099514563106796 0.0773155416012559 0.03337378640776699
0 0.9024725274725275 0.06765776699029126 0.04866562009419152 0.03155339805825243
0 0.6151883830455259 0.09678398058252426 0.03610675039246468 0.02427184466019417
0 0.6800431711145998 0.09784587378640776 0.025706436420722137 0.01729368932038835
0 0.6512951334379906 0.09663228155339805 0.03414442700156986 0.019720873786407765
0 0.7240973312401884 0.09557038834951455 0.05886970172684459 0.021844660194174755
0 0.7806122448979592 0.09314320388349513 0.04042386185243328 0.02427184466019417
0 0.8251569858712716 0.09192961165048542 0.049450549450549455 0.021844660194174755
0 0.8687205651491366 0.09981796116504854 0.03532182103610675 0.0279126213592233
0 0.9032574568288855 0.09010922330097086 0.036891679748822605 0.01820388349514563
0 0.625 0.12439320388349513 0.0565149136577708 0.023665048543689317
0 0.6713108320251178 0.12105582524271843 0.03296703296703297 0.021844660194174755
0 0.7191915227629514 0.12894417475728154 0.05023547880690738 0.03155339805825243
0 0.7806122448979592 0.12166262135922329 0.04120879120879121 0.0279126213592233
0 0.8881475667189953 0.12105582524271843 0.02708006279434851 0.029126213592233007
0 0.6277472527472527 0.15564320388349515 0.07221350078492936 0.032766990291262135
0 0.7129120879120879 0.1608009708737864 0.06907378335949765 0.035800970873786406
0 0.8714678178963894 0.15078883495145629 0.06279434850863423 0.02669902912621359
0 0.9169937205651492 0.14108009708737862 0.0282574568288854 0.01820388349514563
0 0.6540423861852434 0.1865898058252427 0.07378335949764521 0.03640776699029126
0 0.72350863422292 0.185376213592233 0.052590266875981166 0.03398058252427184
0 0.7647174254317112 0.17627427184466019 0.0282574568288854 0.029126213592233007
0 0.8865777080062794 0.17475728155339804 0.054552590266875985 0.0212378640776699
0 0.8763736263736265 0.17566747572815533 0.0773155416012559 0.021844660194174755
0 0.6108712715855573 0.214502427184466 0.03453689167974883 0.03398058252427184
0 0.6438383045525903 0.21480582524271843 0.029827315541601257 0.028519417475728153
0 0.7215463108320251 0.2066140776699029 0.0282574568288854 0.02669902912621359
0 0.7635400313971743 0.21601941747572814 0.05572998430141288 0.03094660194174757
0 0.8567503924646782 0.20570388349514562 0.06004709576138148 0.0345873786407767
0 0.9069858712715856 0.20024271844660194 0.04513343799058085 0.03822815533980582
0 0.614010989010989 0.23756067961165048 0.03453689167974883 0.020631067961165046
0 0.8958006279434851 0.22663834951456308 0.03610675039246468 0.019417475728155338
0 0.9240580847723705 0.2233009708737864 0.023547880690737835 0.026092233009708737
0 0.8573390894819467 0.23513349514563106 0.0423861852433281 0.03155339805825243
0 0.6717032967032968 0.27032766990291257 0.052590266875981166 0.021844660194174755
0 0.6620879120879122 0.26668689320388345 0.07967032967032968 0.02669902912621359
0 0.734105180533752 0.27032766990291257 0.06750392464678179 0.029126213592233007
0 0.7857142857142858 0.26911407766990286 0.034929356357927786 0.02669902912621359
0 0.7812009419152277 0.23634708737864077 0.029827315541601257 0.019417475728155338
0 0.6569858712715856 0.32675970873786403 0.031789638932496075 0.025485436893203883
0 0.6858320251177394 0.3255461165048543 0.026687598116169546 0.0279126213592233
0 0.6928963893249608 0.2958131067961165 0.04081632653061225 0.029126213592233007
0 0.8055337519623235 0.3243325242718446 0.06514913657770802 0.040048543689320384
0 0.8732339089481947 0.3216019417475728 0.054552590266875985 0.03337378640776699
0 0.9173861852433282 0.3109830097087378 0.031397174254317116 0.030339805825242715
0 0.6550235478806907 0.36377427184466016 0.08673469387755102 0.038834951456310676
0 0.7376373626373627 0.3528519417475728 0.05808477237048666 0.02669902912621359
0 0.7945447409733124 0.34981796116504854 0.026687598116169546 0.01820388349514563
0 0.8275117739403454 0.3570995145631068 0.047880690737833596 0.029126213592233007
0 0.8702904238618525 0.3443567961165048 0.031397174254317116 0.019417475728155338
0 0.9044348508634223 0.3364684466019417 0.038461538461538464 0.023058252427184463
0 0.6302982731554161 0.39350728155339804 0.06554160125588697 0.03519417475728155
0 0.6771978021978022 0.3859223300970873 0.0282574568288854 0.023665048543689317
0 0.7038854003139717 0.3965412621359223 0.03453689167974883 0.03640776699029126
0 0.7388147566718996 0.38258495145631066 0.03532182103610675 0.025485436893203883
0 0.7794348508634223 0.3822815533980582 0.05062794348508635 0.03337378640776699
0 0.8235871271585558 0.37803398058252424 0.03532182103610675 0.02245145631067961
0 0.8748037676609106 0.3722694174757281 0.06318681318681318 0.04126213592233009
0 0.9215070643642073 0.3662014563106796 0.029434850863422294 0.038834951456310676
0 0.6073390894819467 0.42506067961165045 0.04081632653061225 0.032766990291262135
0 0.6787676609105181 0.42081310679611644 0.06907378335949765 0.03155339805825243
0 0.6709183673469388 0.4199029126213592 0.0847723704866562 0.0345873786407767
0 0.7474489795918368 0.41171116504854366 0.04552590266875981 0.02669902912621359
0 0.8055337519623235 0.40382281553398053 0.041601255886970175 0.03155339805825243
0 0.8547880690737835 0.40928398058252424 0.03100470957613815 0.032766990291262135
0 0.9016875981161696 0.397754854368932 0.06593406593406594 0.029126213592233007
0 0.6477629513343799 0.4444781553398058 0.08241758241758242 0.029126213592233007
0 0.7082025117739403 0.44174757281553395 0.03610675039246468 0.03094660194174757
0 0.7549058084772371 0.44114077669902907 0.06122448979591837 0.04065533980582524
0 0.8296703296703297 0.43719660194174753 0.06554160125588697 0.03398058252427184
0 0.8789246467817897 0.42354368932038833 0.033751962323390894 0.03094660194174757
0 0.9150313971742544 0.426881067961165 0.03924646781789639 0.040048543689320384
0 0.6302982731554161 0.4778519417475728 0.06554160125588697 0.023058252427184463
0 0.6860282574568289 0.47633495145631066 0.04277864992150707 0.02487864077669903
0 0.7439167974882261 0.4760315533980582 0.06985871271585557 0.046116504854368925
0 0.7523547880690739 0.4766383495145631 0.046703296703296704 0.046116504854368925
0 0.8043563579277866 0.47239077669902907 0.05337519623233909 0.03640776699029126
0 0.8579277864992151 0.46966019417475724 0.06004709576138148 0.03822815533980582
0 0.908359497645212 0.45570388349514557 0.047880690737833596 0.03094660194174757
0 0.6528649921507065 0.5100121359223301 0.09576138147566719 0.03640776699029126
0 0.7168367346938775 0.5124393203883495 0.036891679748822605 0.03155339805825243
0 0.7549058084772371 0.5033373786407767 0.03767660910518054 0.019417475728155338
0 0.8006279434850864 0.5087985436893203 0.054552590266875985 0.03640776699029126
0 0.8406593406593407 0.5051577669902912 0.04042386185243328 0.038834951456310676
0 0.8924646781789639 0.4814927184466019 0.03100470957613815 0.0279126213592233
0 0.6124411302982732 0.5403519417475727 0.03610675039246468 0.021844660194174755
0 0.6540423861852434 0.5406553398058251 0.06671899529042387 0.05643203883495145
0 0.7466640502354789 0.5391383495145631 0.08084772370486656 0.04126213592233009
0 0.8118131868131868 0.5288228155339806 0.047880690737833596 0.020631067961165046
0 0.8826530612244898 0.5224514563106796 0.1055729984301413 0.054004854368932036
0 0.6289246467817897 0.5682645631067961 0.06436420722135008 0.040048543689320384
0 0.7101648351648352 0.5712985436893203 0.10361067503924648 0.04490291262135922
0 0.7906200941915228 0.5652305825242718 0.07299843014128729 0.0424757281553398
0 0.8781397174254317 0.5479368932038835 0.04081632653061225 0.037014563106796114
0 0.9107142857142858 0.5458131067961165 0.033751962323390894 0.03519417475728155
0 0.6157770800627944 0.6025485436893203 0.05690737833594977 0.035800970873786406
0 0.6940737833594977 0.5931432038834951 0.10204081632653061 0.02669902912621359
0 0.7131083202511774 0.59375 0.0663265306122449 0.0279126213592233
0 0.8220172684458399 0.5907160194174756 0.07927786499215071 0.04854368932038834
0 0.8891287284144428 0.5816140776699028 0.05337519623233909 0.025485436893203883
0 0.6355965463108321 0.6283373786407767 0.04395604395604396 0.04368932038834951
0 0.7003532182103611 0.6222694174757281 0.08555729984301413 0.03640776699029126
0 0.756868131868132 0.6189320388349514 0.02197802197802198 0.02973300970873786
0 0.7878728414442701 0.622876213592233 0.03767660910518054 0.040048543689320384
0 0.8524332810047096 0.6095266990291262 0.06554160125588697 0.0279126213592233
0 0.9105180533751963 0.6058859223300971 0.049843014128728415 0.025485436893203883
0 0.6212715855572999 0.6480582524271844 0.057692307692307696 0.02973300970873786
0 0.6658163265306123 0.6507888349514562 0.0282574568288854 0.01820388349514563
0 0.7258634222919937 0.6538228155339805 0.06122448979591837 0.03155339805825243
0 0.7189952904238619 0.6550364077669902 0.07810047095761381 0.029126213592233007
0 0.7800235478806908 0.6468446601941747 0.04866562009419152 0.026092233009708737
0 0.8447802197802198 0.6407766990291262 0.07456828885400314 0.02973300970873786
0 0.9142464678178964 0.6301577669902912 0.04552590266875981 0.03155339805825243
0 0.6151883830455259 0.6723300970873786 0.03610675039246468 0.020024271844660192
0 0.6528649921507065 0.6671723300970873 0.03610675039246468 0.02669902912621359
0 0.6811224489795918 0.6720266990291262 0.02197802197802198 0.029126213592233007
0 0.7078100470957615 0.6787014563106796 0.031397174254317116 0.030339805825242715
0 0.7384222919937206 0.6653519417475727 0.029827315541601257 0.023058252427184463
0 0.7653061224489797 0.6750606796116504 0.03021978021978022 0.02669902912621359
0 0.8145604395604396 0.6662621359223301 0.03767660910518054 0.0212378640776699
0 0.8475274725274726 0.6650485436893203 0.0282574568288854 0.023665048543689317
0 0.8857927786499216 0.6629247572815533 0.04827315541601256 0.032766990291262135
0 0.6183281004709577 0.6984223300970873 0.04395604395604396 0.03216019417475728
0 0.6548273155416013 0.6926577669902912 0.027472527472527476 0.02669902912621359
0 0.6828885400313972 0.6950849514563107 0.028649921507064365 0.02669902912621359
0 0.7152668759811618 0.6962985436893203 0.027472527472527476 0.019417475728155338
0 0.739403453689168 0.6920509708737863 0.018445839874411302 0.030339805825242715
0 0.7713893249607536 0.6975121359223301 0.0423861852433281 0.02669902912621359
0 0.8141679748822607 0.6938713592233009 0.038461538461538464 0.02427184466019417
0 0.8830455259026688 0.6941747572815533 0.10243328100470958 0.03822815533980582
0 0.6202904238618525 0.7217839805825242 0.04003139717425432 0.020631067961165046
0 0.668171114599686 0.7287621359223301 0.06043956043956044 0.026092233009708737
0 0.7097723704866562 0.7284587378640776 0.02590266875981162 0.025485436893203883
0 0.7423469387755103 0.7257281553398057 0.03767660910518054 0.02973300970873786
0 0.8163265306122449 0.7242111650485437 0.059262166405023554 0.03155339805825243
0 0.8730376766091053 0.7196601941747572 0.05729984301412873 0.0212378640776699
0 0.9215070643642073 0.7220873786407767 0.025510204081632654 0.017597087378640776
0 0.6567896389324961 0.7430218446601942 0.05808477237048666 0.023058252427184463
0 0.7221350078492936 0.743628640776699 0.07182103610675039 0.021844660194174755
0 0.7725667189952905 0.7484830097087378 0.02904238618524333 0.021844660194174755
0 0.8310439560439561 0.743628640776699 0.06907378335949765 0.02669902912621359
0 0.8981554160125589 0.7466626213592232 0.0565149136577708 0.030339805825242715
0 0.6093014128728415 0.777002427184466 0.022762951334379906 0.0279126213592233
0 0.6418759811616955 0.770631067961165 0.04395604395604396 0.027305825242718445
0 0.7144819466248038 0.7654733009708737 0.06593406593406594 0.021844660194174755
