0 0.5484693877551021 0.5652305825242718 0.051412872841444274 0.03094660194174757
0 0.5282574568288855 0.6066444174757281 0.03924646781789639 0.015473300970873785
0 0.5570054945054945 0.6066444174757281 0.01510989010989011 0.015473300970873785
0 0.5772174254317112 0.6152912621359222 0.027276295133437992 0.02487864077669903
0 0.541699372056515 0.6243932038834951 0.05906593406593407 0.016383495145631068
0 0.5932103610675039 0.5521844660194174 0.038461538461538464 0.07342233009708737
0 0.6357927786499216 0.5562803398058251 0.041601255886970175 0.03731796116504854
0 0.679552590266876 0.5712985436893203 0.05023547880690738 0.02669902912621359
0 0.7332221350078494 0.5646237864077669 0.05396389324960754 0.01820388349514563
0 0.7811028257456829 0.5596177184466019 0.035518053375196236 0.0245752427184466
0 0.8133830455259027 0.5606796116504854 0.029434850863422294 0.015776699029126214
0 0.8311420722135008 0.5668992718446602 0.02021193092621664 0.02336165048543689
0 0.8659733124018839 0.5579490291262136 0.04552590266875981 0.020024271844660192
0 0.8970761381475668 0.5533980582524272 0.01785714285714286 0.0212378640776699
0 0.611361852433281 0.6045206310679612 0.050431711145996864 0.029429611650485434
0 0.6715070643642073 0.5914745145631067 0.06161695447409733 0.021541262135922327
0 0.7382260596546312 0.5896541262135921 0.0706436420722135 0.02882281553398058
0 0.8031789638932496 0.5908677184466019 0.04866562009419152 0.01911407766990291
0 0.840168759811617 0.5825242718446602 0.024529042386185244 0.02669902912621359
0 0.8799058084772371 0.5805521844660194 0.05612244897959184 0.03428398058252427
0 0.6093995290423863 0.6253033980582524 0.042582417582417584 0.021844660194174755
0 0.6558084772370487 0.6337985436893203 0.0706436420722135 0.04126213592233009
0 0.7249803767660911 0.6209041262135921 0.06456043956043957 0.027002427184466018
0 0.7771781789638933 0.6265169902912621 0.032770800627943485 0.0279126213592233
0 0.8099489795918368 0.6259101941747572 0.032770800627943485 0.03216019417475728
0 0.8360478806907379 0.6206007281553397 0.01903453689167975 0.027002427184466018
0 0.8735282574568289 0.6107402912621359 0.05592621664050236 0.0279126213592233
0 0.6135204081632654 0.6574635922330097 0.056711145996860286 0.019417475728155338
0 0.64962715855573 0.6615594660194174 0.01903453689167975 0.028216019417475726
0 0.6916208791208791 0.6554915048543689 0.06377551020408163 0.027609223300970872
0 0.75 0.6600424757281553 0.06750392464678179 0.033677184466019416
0 0.7983712715855573 0.6480582524271844 0.022566718995290426 0.020631067961165046
0 0.8292778649921507 0.6447208737864077 0.03885400313971743 0.021844660194174755
0 0.8787284144427002 0.641383495145631 0.05416012558869702 0.019417475728155338
0 0.6000784929356359 0.6911407766990291 0.03610675039246468 0.03762135922330097
0 0.6339285714285715 0.6838592233009708 0.030808477237048666 0.02245145631067961
0 0.6811224489795918 0.6852245145631067 0.044740973312401885 0.029429611650485434
0 0.717425431711146 0.6862864077669902 0.029434850863422294 0.025485436893203883
0 0.7418563579277866 0.6827973300970873 0.019819466248037678 0.031249999999999997
0 0.767072213500785 0.6776395631067961 0.0282574568288854 0.019720873786407765
0 0.8105376766091053 0.6806735436893203 0.053571428571428575 0.03246359223300971
0 0.8740188383045526 0.6735436893203883 0.07456828885400314 0.0424757281553398
0 0.606063579277865 0.7185983009708737 0.045722135007849295 0.03428398058252427
0 0.6391287284144428 0.7128337378640776 0.014913657770800628 0.018507281553398057
0 0.6609105180533752 0.712378640776699 0.026295133437990583 0.02669902912621359
0 0.6870094191522763 0.7016080097087378 0.02786499215070644 0.02032766990291262
0 0.6783751962323391 0.725879854368932 0.01883830455259027 0.02882281553398058
0 0.6927001569858713 0.7157160194174756 0.011381475667189953 0.019417475728155338
0 0.7162480376766092 0.7108616504854368 0.033359497645211934 0.02669902912621359
0 0.7449960753532182 0.7228458737864077 0.05121664050235479 0.04035194174757281
0 0.7923861852433282 0.7029733009708737 0.036499215070643645 0.026092233009708737
0 0.8240777080062794 0.6999393203883495 0.020604395604395604 0.02427184466019417
0 0.8501766091051806 0.7040351941747572 0.03002354788069074 0.03731796116504854
0 0.8752943485086343 0.7011529126213591 0.02413657770800628 0.037014563106796114
0 0.8939364207221351 0.7023665048543689 0.0260989010989011 0.023665048543689317
0 0.6051805337519623 0.7424150485436892 0.046310832025117744 0.029126213592233007
0 0.6429552590266876 0.7428701456310679 0.025313971742543174 0.02336165048543689
0 0.6861263736263736 0.7469660194174756 0.06299058084772372 0.028519417475728153
0 0.7472527472527473 0.7413531553398057 0.04277864992150707 0.026395631067961164
0 0.7907182103610676 0.7398361650485437 0.042189952904238624 0.022754854368932036
0 0.8266287284144428 0.7328580097087378 0.028846153846153848 0.028216019417475726
0 0.8561616954474098 0.7281553398058251 0.030612244897959186 0.023665048543689317
0 0.8868720565149137 0.7374089805825242 0.045329670329670335 0.033677184466019416
0 0.5980180533751963 0.7780643203883495 0.03473312401883831 0.034890776699029125
0 0.6284340659340659 0.7804915048543689 0.034340659340659344 0.031856796116504854
0 0.6572802197802198 0.7715412621359222 0.021389324960753534 0.023058252427184463
0 0.6832810047095762 0.7732099514563107 0.031397174254317116 0.02214805825242718
0 0.7133045525902669 0.774271844660194 0.023155416012558872 0.026092233009708737
0 0.7508830455259027 0.7733616504854368 0.05514128728414443 0.026092233009708737
0 0.8305533751962324 0.7754854368932038 0.09360282574568289 0.04490291262135922
0 0.5971350078492936 0.8079490291262135 0.02433281004709576 0.02973300970873786
0 0.6187205651491366 0.8126516990291262 0.028649921507064365 0.03428398058252427
0 0.6519819466248038 0.8108313106796116 0.053571428571428575 0.03853155339805825
0 0.7120290423861853 0.8108313106796116 0.06927001569858714 0.04156553398058252
0 0.7539246467817897 0.8137135922330097 0.014521193092621665 0.029126213592233007
0 0.7687401883830456 0.8014259708737863 0.014717425431711147 0.02882281553398058
0 0.7936616954474098 0.8009708737864077 0.03316326530612245 0.02427184466019417
0 0.8254513343799058 0.795509708737864 0.030416012558869703 0.023058252427184463
0 0.8535125588697018 0.7939927184466019 0.024529042386185244 0.01699029126213592
0 0.5893838304552591 0.836771844660194 0.012755102040816327 0.01699029126213592
0 0.6146978021978022 0.839502427184466 0.03669544740973313 0.028519417475728153
0 0.641679748822606 0.8473907766990291 0.017660910518053376 0.03094660194174757
0 0.6562009419152277 0.8370752427184466 0.014913657770800628 0.019417475728155338
0 0.6911302982731554 0.8405643203883495 0.052982731554160126 0.017900485436893203
0 0.7357731554160126 0.846632281553398 0.05278649921507065 0.03610436893203883
0 0.7948390894819467 0.8337378640776698 0.053571428571428575 0.025485436893203883
0 0.5935047095761382 0.8751516990291262 0.04807692307692308 0.031856796116504854
0 0.6446232339089483 0.8753033980582523 0.059262166405023554 0.0424757281553398
0 0.6805337519623235 0.8827366504854368 0.020800627943485087 0.03610436893203883
0 0.71026295133438 0.8728762135922329 0.042189952904238624 0.02245145631067961
0 0.7576530612244898 0.8692354368932038 0.04905808477237049 0.03094660194174757
0 0.7864992150706437 0.8772754854368932 0.016483516483516484 0.033677184466019416
0 0.8142660910518054 0.8674150485436892 0.03826530612244898 0.020024271844660192
0 0.5829081632653061 0.9185376213592232 0.02413657770800628 0.043992718446601936
0 0.6221546310832026 0.9071601941747572 0.05514128728414443 0.02487864077669903
0 0.6657182103610676 0.9067050970873786 0.032378335949764525 0.02578883495145631
0 0.696232339089482 0.9153519417475727 0.03453689167974883 0.03155339805825243
0 0.7183084772370487 0.9139866504854368 0.021781789638932497 0.026395631067961164
0 0.7499018838304553 0.9101941747572815 0.03944270015698587 0.032766990291262135
0 0.8059262166405023 0.9009405339805825 0.060832025117739406 0.03307038834951456
