0 0.09301412872841444 0.08282766990291261 0.08751962323390895 0.032766990291262135
0 0.08437990580847725 0.10315533980582524 0.025510204081632654 0.0212378640776699
0 0.06122448979591837 0.09921116504854369 0.023940345368916798 0.015776699029126214
0 0.1293171114599686 0.12226941747572814 0.02511773940345369 0.021844660194174755
0 0.08104395604395605 0.1328883495145631 0.044740973312401885 0.018810679611650484
0 0.11165620094191524 0.13379854368932037 0.02119309262166405 0.01820388349514563
0 0.163265306122449 0.08282766990291261 0.04199372056514914 0.038834951456310676
0 0.19289638932496075 0.08343446601941747 0.02119309262166405 0.02669902912621359
0 0.2176216640502355 0.08434466019417475 0.03218210361067504 0.02487864077669903
0 0.25529827315541603 0.08646844660194174 0.046310832025117744 0.021844660194174755
0 0.2099686028257457 0.11711165048543688 0.0003924646781789639 0.0006067961165048543
0 0.29375981161695447 0.09314320388349513 0.046310832025117744 0.03155339805825243
0 0.3545918367346939 0.08525485436893203 0.03924646781789639 0.025485436893203883
0 0.3471350078492936 0.08616504854368931 0.05572998430141288 0.0212378640776699
0 0.39109105180533754 0.09344660194174756 0.02904238618524333 0.026092233009708737
0 0.4501569858712716 0.08950242718446601 0.049843014128728415 0.03398058252427184
0 0.4432888540031397 0.09010922330097086 0.06671899529042387 0.032766990291262135
0 0.1611067503924647 0.11438106796116504 0.02904238618524333 0.019417475728155338
0 0.18740188383045528 0.11256067961165048 0.02433281004709576 0.02669902912621359
0 0.2119309262166405 0.10891990291262135 0.025510204081632654 0.02427184466019417
0 0.2372448979591837 0.1128640776699029 0.023547880690737835 0.0212378640776699
0 0.277668759811617 0.11377427184466019 0.0423861852433281 0.03398058252427184
0 0.33418367346938777 0.11013349514563106 0.0282574568288854 0.02427184466019417
0 0.3918759811616955 0.11195388349514562 0.06985871271585557 0.025485436893203883
0 0.4544740973312402 0.11438106796116504 0.03728414442700157 0.020631067961165046
0 0.16679748822605966 0.1462378640776699 0.060832025117739406 0.0345873786407767
0 0.2207613814756672 0.13228155339805825 0.02511773940345369 0.02245145631067961
0 0.25 0.13683252427184464 0.029434850863422294 0.021844660194174755
0 0.2823783359497645 0.13804611650485435 0.031397174254317116 0.014563106796116504
0 0.38127943485086346 0.13501213592233008 0.026687598116169546 0.023058252427184463
0 0.4222919937205652 0.13774271844660194 0.046703296703296704 0.02245145631067961
0 0.17562794348508634 0.16110436893203883 0.06436420722135008 0.02669902912621359
0 0.24862637362637363 0.16110436893203883 0.0565149136577708 0.02669902912621359
0 0.30808477237048665 0.15989077669902912 0.057692307692307696 0.02427184466019417
0 0.37912087912087916 0.16049757281553398 0.08437990580847725 0.0279126213592233
0 0.4470172684458399 0.1641383495145631 0.04748822605965464 0.023058252427184463
0 0.15521978021978022 0.18719660194174756 0.029827315541601257 0.02427184466019417
0 0.18072998430141288 0.1878033980582524 0.022762951334379906 0.02427184466019417
0 0.2034929356357928 0.19690533980582522 0.03218210361067504 0.0279126213592233
0 0.29434850863422296 0.1953883495145631 0.06161695447409733 0.03337378640776699
0 0.3526295133437991 0.18962378640776698 0.052590266875981166 0.023058252427184463
0 0.4142464678178964 0.18598300970873785 0.06436420722135008 0.030339805825242715
0 0.1654238618524333 0.2111650485436893 0.05180533751962324 0.03337378640776699
0 0.23685243328100472 0.22026699029126212 0.0565149136577708 0.03094660194174757
0 0.22821821036106751 0.21844660194174756 0.07378335949764521 0.0345873786407767
0 0.3163265306122449 0.21632281553398056 0.034929356357927786 0.023058252427184463
0 0.34752747252747257 0.21328883495145629 0.026687598116169546 0.02427184466019417
0 0.37205651491365777 0.21086165048543687 0.020800627943485087 0.02427184466019417
0 0.42131083202511777 0.2190533980582524 0.05023547880690738 0.03337378640776699
0 0.46153846153846156 0.2211771844660194 0.03257456828885401 0.0279126213592233
0 0.17876766091051807 0.24484223300970873 0.08634222919937207 0.03398058252427184
0 0.2525510204081633 0.2412014563106796 0.023547880690737835 0.020631067961165046
0 0.2861067503924647 0.24271844660194172 0.04120879120879121 0.026092233009708737
0 0.33791208791208793 0.24059466019417475 0.026295133437990583 0.023058252427184463
0 0.3286891679748823 0.2412014563106796 0.04709576138147567 0.02669902912621359
0 0.3924646781789639 0.247876213592233 0.08359497645211932 0.03762135922330097
0 0.16581632653061226 0.27336165048543687 0.05102040816326531 0.019417475728155338
0 0.20859497645211933 0.2669902912621359 0.03610675039246468 0.023665048543689317
0 0.239403453689168 0.27275485436893204 0.031789638932496075 0.032766990291262135
0 0.2847331240188383 0.27093446601941745 0.05337519623233909 0.019417475728155338
0 0.3710753532182104 0.26881067961165045 0.04081632653061225 0.028519417475728153
0 0.4450549450549451 0.2633495145631068 0.060832025117739406 0.020024271844660192
0 0.15835949764521193 0.2930825242718446 0.03924646781789639 0.028519417475728153
0 0.23214285714285715 0.2970266990291262 0.0423861852433281 0.025485436893203883
0 0.2762951334379906 0.2970266990291262 0.04199372056514914 0.023058252427184463
0 0.31024332810047095 0.2964199029126213 0.02904238618524333 0.02669902912621359
0 0.33771585557299844 0.2945995145631068 0.02590266875981162 0.02669902912621359
0 0.37421507064364207 0.306128640776699 0.05023547880690738 0.03155339805825243
0 0.4097331240188383 0.30248786407766987 0.033359497645211934 0.029126213592233007
0 0.44878335949764525 0.29672330097087374 0.0423861852433281 0.0212378640776699
0 0.16699372056514913 0.3243325242718446 0.04709576138147567 0.019417475728155338
0 0.22350863422291994 0.3246359223300971 0.01883830455259027 0.028519417475728153
0 0.21271585557299844 0.3249393203883495 0.0380690737833595 0.025485436893203883
0 0.2651098901098901 0.3282766990291262 0.06750392464678179 0.03094660194174757
0 0.3306514913657771 0.3376820388349514 0.036891679748822605 0.03155339805825243
0 0.3589089481946625 0.33586165048543687 0.031397174254317116 0.029126213592233007
0 0.39952904238618525 0.3225121359223301 0.046703296703296704 0.025485436893203883
0 0.4460361067503925 0.32220873786407767 0.044740973312401885 0.023665048543689317
0 0.15757456828885402 0.35012135922330095 0.03453689167974883 0.027305825242718445
0 0.2250784929356358 0.3537621359223301 0.10596546310832025 0.03337378640776699
0 0.31475667189952905 0.3570995145631068 0.028649921507064365 0.01699029126213592
0 0.28944270015698587 0.35345873786407767 0.02197802197802198 0.02427184466019417
0 0.3585164835164835 0.3531553398058252 0.03453689167974883 0.02245145631067961
0 0.3950156985871272 0.35224514563106796 0.03767660910518054 0.021844660194174755
0 0.42248822605965464 0.34799757281553395 0.01805337519623234 0.023058252427184463
0 0.45957613814756676 0.34921116504854366 0.033359497645211934 0.015776699029126214
0 0.16777864992150707 0.3753033980582524 0.05494505494505495 0.02427184466019417
0 0.2097723704866562 0.37864077669902907 0.02433281004709576 0.020024271844660192
0 0.2753139717425432 0.38137135922330095 0.031397174254317116 0.01699029126213592
0 0.3447802197802198 0.38015776699029125 0.038461538461538464 0.02427184466019417
0 0.30867346938775514 0.38046116504854366 0.033751962323390894 0.023665048543689317
0 0.38893249607535324 0.3807645631067961 0.024725274725274728 0.023058252427184463
0 0.4244505494505495 0.3756067961165048 0.04081632653061225 0.023665048543689317
0 0.1544348508634223 0.4023058252427184 0.01883830455259027 0.020024271844660192
0 0.18622448979591838 0.4010922330097087 0.03610675039246468 0.02245145631067961
0 0.2415620094191523 0.41049757281553395 0.07378335949764521 0.03640776699029126
0 0.298861852433281 0.40807038834951453 0.04395604395604396 0.02669902912621359
0 0.3730376766091052 0.40837378640776695 0.059654631083202514 0.026092233009708737
0 0.3628335949764521 0.40867718446601936 0.07770800627943486 0.02669902912621359
0 0.42268445839874413 0.4135315533980582 0.05533751962323391 0.03640776699029126
0 0.18072998430141288 0.4335558252427184 0.03767660910518054 0.03155339805825243
0 0.2458791208791209 0.4368932038834951 0.06593406593406594 0.020024271844660192
0 0.2902276295133438 0.43719660194174753 0.026687598116169546 0.019417475728155338
0 0.3434065934065934 0.43628640776699024 0.07653061224489796 0.03094660194174757
0 0.3961930926216641 0.44205097087378636 0.036891679748822605 0.029126213592233007
0 0.4448587127158556 0.43052184466019416 0.052590266875981166 0.03398058252427184
0 0.16365777080062796 0.4629854368932038 0.0380690737833595 0.0212378640776699
0 0.22350863422291994 0.4632888349514563 0.043171114599686033 0.025485436893203883
0 0.3326138147566719 0.6325849514563107 0.0007849293563579278 0.0
0 0.27864992150706436 0.4620752427184466 0.031789638932496075 0.021844660194174755
0 0.3180926216640503 0.4657160194174757 0.04552590266875981 0.030339805825242715
0 0.364403453689168 0.4632888349514563 0.04395604395604396 0.021844660194174755
0 0.418563579277865 0.46874999999999994 0.026687598116169546 0.015776699029126214
0 0.18838304552590268 0.4984830097087378 0.11499215070643642 0.040048543689320384
0 0.2729591836734694 0.49211165048543687 0.046310832025117744 0.026092233009708737
0 0.32358712715855575 0.4963592233009708 0.06750392464678179 0.03822815533980582
0 0.3730376766091052 0.5033373786407767 0.04395604395604396 0.0279126213592233
0 0.4383830455259027 0.4905946601941747 0.062401883830455265 0.025485436893203883
0 0.4328885400313972 0.4912014563106796 0.07810047095761381 0.029126213592233007
0 0.4558477237048666 0.4912014563106796 0.02904238618524333 0.025485436893203883
0 0.16071428571428573 0.5224514563106796 0.031397174254317116 0.023665048543689317
0 0.21134222919937207 0.5230582524271844 0.06750392464678179 0.020024271844660192
0 0.2890502354788069 0.5245752427184466 0.06750392464678179 0.029126213592233007
0 0.36773940345368916 0.5251820388349514 0.03100470957613815 0.025485436893203883
0 0.435243328100471 0.5309466019417475 0.07810047095761381 0.03216019417475728
0 0.15835949764521193 0.5494538834951456 0.041601255886970175 0.030339805825242715
0 0.21291208791208793 0.5585558252427184 0.04552590266875981 0.03155339805825243
0 0.31259811616954475 0.5576456310679612 0.10518053375196233 0.05036407766990291
0 0.4012951334379906 0.5579490291262136 0.06750392464678179 0.030339805825242715
0 0.15521978021978022 0.5855582524271844 0.03532182103610675 0.02973300970873786
0 0.21016483516483517 0.581007281553398 0.02904238618524333 0.019417475728155338
0 0.2001569858712716 0.5804004854368932 0.04748822605965464 0.019417475728155338
0 0.25176609105180536 0.5864684466019418 0.047880690737833596 0.03398058252427184
0 0.29964678178963894 0.5800970873786407 0.0423861852433281 0.0212378640776699
0 0.3306514913657771 0.5925364077669902 0.03296703296703297 0.029126213592233007
0 0.37421507064364207 0.5858616504854368 0.0565149136577708 0.023058252427184463
0 0.4164050235478807 0.581007281553398 0.02786499215070644 0.023058252427184463
0 0.4523155416012559 0.5779733009708737 0.04709576138147567 0.02669902912621359
0 0.18877551020408165 0.608009708737864 0.08202511773940346 0.028519417475728153
0 0.25392464678178966 0.6137742718446602 0.04748822605965464 0.032766990291262135
0 0.32123233908948196 0.6162014563106796 0.059654631083202514 0.029126213592233007
0 0.38088697017268447 0.6067961165048543 0.0423861852433281 0.026092233009708737
0 0.4668367346938776 0.6095266990291262 0.02433281004709576 0.02427184466019417
0 0.42798273155416017 0.6061893203883495 0.05180533751962324 0.026092233009708737
0 0.17209576138147567 0.6277305825242718 0.03296703296703297 0.02427184466019417
0 0.1666012558869702 0.6301577669902912 0.043171114599686033 0.02427184466019417
0 0.24548665620094193 0.6319781553398057 0.03924646781789639 0.01820388349514563
0 0.23233908948194665 0.6316747572815533 0.06554160125588697 0.02245145631067961
0 0.2863029827315542 0.6307645631067961 0.020408163265306124 0.023058252427184463
0 0.3412480376766091 0.6331917475728155 0.03296703296703297 0.020631067961165046
0 0.4097331240188383 0.6368325242718446 0.04748822605965464 0.02669902912621359
0 0.4417189952904239 0.6283373786407767 0.020408163265306124 0.01820388349514563
0 0.46507064364207223 0.6271237864077669 0.022370486656200943 0.013349514563106795
0 0.16620879120879123 0.652002427184466 0.03767660910518054 0.02427184466019417
0 0.20525902668759813 0.6495752427184466 0.03257456828885401 0.014563106796116504
0 0.23233908948194665 0.6538228155339805 0.021585557299843017 0.020631067961165046
0 0.27001569858712715 0.6544296116504854 0.05376766091051806 0.019417475728155338
0 0.3263343799058085 0.6562499999999999 0.031397174254317116 0.023058252427184463
0 0.38324175824175827 0.6583737864077669 0.07927786499215071 0.03094660194174757
0 0.45094191522762955 0.6538228155339805 0.05690737833594977 0.0279126213592233
0 0.1805337519623234 0.672633495145631 0.021585557299843017 0.01699029126213592
0 0.2229199372056515 0.6738470873786407 0.06318681318681318 0.029126213592233007
0 0.2945447409733124 0.6720266990291262 0.07927786499215071 0.023058252427184463
0 0.3979591836734694 0.6756674757281553 0.06397174254317112 0.025485436893203883
0 0.4668367346938776 0.672633495145631 0.03924646781789639 0.021844660194174755
0 0.16777864992150707 0.6887135922330097 0.03610675039246468 0.0212378640776699
0 0.21055729984301413 0.6987257281553397 0.05729984301412873 0.025485436893203883
0 0.27923861852433285 0.6966019417475727 0.03453689167974883 0.023665048543689317
0 0.2470565149136578 0.7008495145631067 0.029827315541601257 0.02245145631067961
0 0.34281789638932497 0.6917475728155339 0.04552590266875981 0.023665048543689317
0 0.3981554160125589 0.6908373786407767 0.06514913657770802 0.019417475728155338
0 0.16699372056514913 0.7181432038834951 0.04552590266875981 0.032766990291262135
0 0.2133045525902669 0.7154126213592232 0.04081632653061225 0.015169902912621358
0 0.27001569858712715 0.7154126213592232 0.06946624803767662 0.02487864077669903
0 0.3337912087912088 0.7117718446601942 0.044740973312401885 0.02245145631067961
0 0.3716640502354788 0.7163228155339805 0.036499215070643645 0.03155339805825243
0 0.4260204081632653 0.7160194174757281 0.06907378335949765 0.023665048543689317
0 0.46722919937205654 0.7138956310679611 0.017268445839874413 0.012135922330097085
0 0.16149921507064366 0.7345266990291262 0.02511773940345369 0.02427184466019417
0 0.20741758241758243 0.743628640776699 0.0620094191522763 0.030339805825242715
0 0.2668759811616955 0.7451456310679611 0.046703296703296704 0.03094660194174757
0 0.29611459968602827 0.7472694174757281 0.017268445839874413 0.030339805825242715
0 0.34203296703296704 0.7424150485436892 0.04395604395604396 0.01820388349514563
0 0.3349686028257457 0.7418082524271844 0.06436420722135008 0.029126213592233007
0 0.38559654631083207 0.7487864077669902 0.03610675039246468 0.027305825242718445
0 0.4201334379905809 0.7363470873786407 0.04081632653061225 0.025485436893203883
0 0.1752354788069074 0.7651699029126213 0.049450549450549455 0.02245145631067961
0 0.5270800627943485 0.08252427184466019 0.054552590266875985 0.028519417475728153
0 0.5841836734693878 0.08646844660194174 0.02197802197802198 0.01820388349514563
0 0.5270800627943485 0.10740291262135922 0.0521978021978022 0.02487864077669903
0 0.5755494505494506 0.10527912621359223 0.04552590266875981 0.021844660194174755
0 0.5351255886970173 0.1262135922330097 0.036891679748822605 0.02487864077669903
0 0.5737833594976453 0.13015776699029125 0.04120879120879121 0.025485436893203883
0 0.5115777080062794 0.16383495145631066 0.02119309262166405 0.0212378640776699
0 0.5380690737833596 0.16231796116504854 0.029434850863422294 0.019417475728155338
0 0.5643642072213501 0.1720266990291262 0.033359497645211934 0.02669902912621359
0 0.6234301412872841 0.07918689320388349 0.05729984301412873 0.038834951456310676
0 0.6611067503924647 0.08464805825242717 0.02119309262166405 0.023058252427184463
0 0.7329277864992151 0.08586165048543688 0.05494505494505495 0.025485436893203883
0 0.7162480376766092 0.08525485436893203 0.0890894819466248 0.023058252427184463
0 0.7847331240188383 0.09466019417475727 0.05337519623233909 0.03216019417475728
0 0.8490973312401884 0.0816140776699029 0.04395604395604396 0.025485436893203883
0 0.8416405023547882 0.08313106796116504 0.05729984301412873 0.026092233009708737
0 0.8958006279434851 0.09192961165048542 0.046310832025117744 0.02669902912621359
0 0.6320643642072213 0.11377427184466019 0.030612244897959186 0.01699029126213592
0 0.6614992150706437 0.11316747572815533 0.026687598116169546 0.019417475728155338
0 0.6877943485086343 0.10891990291262135 0.02904238618524333 0.021844660194174755
0 0.7164442700156987 0.1149878640776699 0.026687598116169546 0.019417475728155338
0 0.7686420722135008 0.11802184466019416 0.0423861852433281 0.030339805825242715
0 0.7611852433281006 0.11650485436893203 0.059654631083202514 0.03216019417475728
0 0.826138147566719 0.10527912621359223 0.028649921507064365 0.02427184466019417
0 0.8602825745682889 0.10891990291262135 0.024725274725274728 0.021844660194174755
0 0.8840266875981162 0.11043689320388349 0.06828885400313972 0.023665048543689317
0 0.6434458398744113 0.14350728155339804 0.07378335949764521 0.03398058252427184
0 0.7046703296703297 0.13561893203883493 0.02904238618524333 0.021844660194174755
0 0.7352825745682889 0.13592233009708737 0.029827315541601257 0.0212378640776699
0 0.7731554160125589 0.13713592233009708 0.033359497645211934 0.018810679611650484
0 0.8789246467817897 0.13349514563106796 0.0282574568288854 0.017597087378640776
0 0.6128335949764522 0.16595873786407767 0.03296703296703297 0.021844660194174755
0 0.6722919937205651 0.1617111650485437 0.08516483516483517 0.0279126213592233
0 0.7482339089481947 0.15685679611650485 0.05102040816326531 0.02427184466019417
0 0.8063186813186813 0.15867718446601942 0.05886970172684459 0.020631067961165046
0 0.8812794348508635 0.15716019417475727 0.08006279434850865 0.02487864077669903
0 0.614403453689168 0.19053398058252424 0.0423861852433281 0.023665048543689317
0 0.6499215070643642 0.1878033980582524 0.03100470957613815 0.02427184466019417
0 0.6775902668759812 0.1865898058252427 0.022762951334379906 0.0279126213592233
0 0.7038854003139717 0.20024271844660194 0.03610675039246468 0.02973300970873786
0 0.8006279434850864 0.19508495145631066 0.06318681318681318 0.03640776699029126
0 0.9067896389324961 0.18294902912621358 0.036891679748822605 0.019417475728155338
0 0.6175431711145998 0.2211771844660194 0.06514913657770802 0.03762135922330097
0 0.6813186813186813 0.2169296116504854 0.02786499215070644 0.019417475728155338
0 0.6740580847723705 0.21723300970873785 0.04552590266875981 0.02487864077669903
0 0.7264521193092622 0.21996359223300968 0.05533751962323391 0.023058252427184463
0 0.7949372056514914 0.21996359223300968 0.07221350078492936 0.03640776699029126
0 0.7855180533751963 0.2236043689320388 0.04552590266875981 0.03398058252427184
0 0.8178963893249608 0.21723300970873785 0.024725274725274728 0.02973300970873786
0 0.8443877551020409 0.2169296116504854 0.0282574568288854 0.03155339805825243
0 0.8687205651491366 0.2233009708737864 0.03296703296703297 0.03216019417475728
0 0.9016875981161696 0.21480582524271843 0.03296703296703297 0.0212378640776699
0 0.647370486656201 0.24514563106796114 0.0423861852433281 0.03094660194174757
0 0.6860282574568289 0.2506067961165048 0.03728414442700157 0.03216019417475728
0 0.7413657770800628 0.24271844660194172 0.05690737833594977 0.026092233009708737
0 0.8167189952904239 0.24150485436893201 0.08987441130298274 0.027305825242718445
0 0.8993328100470959 0.24605582524271843 0.05337519623233909 0.02669902912621359
0 0.6183281004709577 0.2715412621359223 0.04081632653061225 0.02669902912621359
0 0.6693485086342229 0.26972087378640774 0.05808477237048666 0.023058252427184463
0 0.7923861852433282 0.27639563106796117 0.05376766091051806 0.030339805825242715
0 0.8540031397174255 0.2682038834951456 0.0663265306122449 0.02973300970873786
0 0.6230376766091053 0.2949029126213592 0.0565149136577708 0.020024271844660192
0 0.6893642072213502 0.29672330097087374 0.02590266875981162 0.020024271844660192
0 0.7166405023547882 0.2961165048543689 0.026295133437990583 0.027305825242718445
0 0.7427394034536892 0.30066747572815533 0.022762951334379906 0.023058252427184463
0 0.7674646781789639 0.30309466019417475 0.02511773940345369 0.021844660194174755
0 0.8002354788069074 0.29884708737864074 0.03571428571428572 0.023058252427184463
0 0.8351648351648352 0.3073422330097087 0.04905808477237049 0.03398058252427184
0 0.9052197802197802 0.2936893203883495 0.027472527472527476 0.02245145631067961
0 0.8893249607535322 0.2945995145631068 0.05847723704866562 0.02427184466019417
0 0.6195054945054945 0.3219053398058252 0.05886970172684459 0.03398058252427184
0 0.690541601255887 0.3294902912621359 0.052590266875981166 0.03944174757281553
0 0.7554945054945056 0.32979368932038833 0.05533751962323391 0.02427184466019417
0 0.8224097331240189 0.3249393203883495 0.07535321821036108 0.02669902912621359
0 0.8820643642072215 0.3307038834951456 0.02590266875981162 0.028519417475728153
0 0.6210753532182104 0.3583131067961165 0.06279434850863423 0.029126213592233007
0 0.6968210361067504 0.36043689320388345 0.07221350078492936 0.02973300970873786
0 0.7645211930926217 0.3564927184466019 0.06554160125588697 0.03155339805825243
0 0.6332417582417583 0.3710558252427184 0.03453689167974883 0.021844660194174755
0 0.6870094191522763 0.3856189320388349 0.06593406593406594 0.03155339805825243
0 0.7329277864992151 0.38137135922330095 0.022762951334379906 0.01820388349514563
0 0.798861852433281 0.3898665048543689 0.07456828885400314 0.03762135922330097
0 0.8683281004709577 0.3886529126213592 0.05180533751962324 0.03762135922330097
0 0.9101255886970173 0.37712378640776695 0.03100470957613815 0.019417475728155338
0 0.6163657770800628 0.4023058252427184 0.059654631083202514 0.02973300970873786
0 0.6709183673469388 0.404126213592233 0.01805337519623234 0.02487864077669903
0 0.6940737833594977 0.40867718446601936 0.026687598116169546 0.02427184466019417
0 0.6375588697017269 0.4323422330097087 0.0565149136577708 0.029126213592233007
0 0.7187990580847724 0.40867718446601936 0.023547880690737835 0.020631067961165046
0 0.7478414442700158 0.40837378640776695 0.030612244897959186 0.023665048543689317
0 0.7788461538461539 0.4174757281553398 0.04552590266875981 0.03216019417475728
0 0.8543956043956045 0.4153519417475728 0.09772370486656201 0.029126213592233007
0 0.9126766091051806 0.40837378640776695 0.01805337519623234 0.028519417475728153
0 0.7184065934065934 0.43841019417475724 0.05729984301412873 0.02669902912621359
0 0.7798273155416013 0.43962378640776695 0.03021978021978022 0.019417475728155338
0 0.820839874411303 0.44205097087378636 0.05180533751962324 0.019417475728155338
0 0.8695054945054945 0.43992718446601936 0.04552590266875981 0.023665048543689317
0 0.6151883830455259 0.46996359223300965 0.0620094191522763 0.038834951456310676
0 0.6697409733124019 0.460254854368932 0.0423861852433281 0.03155339805825243
0 0.7101648351648352 0.4626820388349514 0.036891679748822605 0.02669902912621359
0 0.7405808477237049 0.4651092233009708 0.023155416012558872 0.02669902912621359
0 0.805729984301413 0.47330097087378636 0.062401883830455265 0.037014563106796114
0 0.7957221350078494 0.47299757281553395 0.08634222919937207 0.03519417475728155
0 0.8557692307692308 0.4641990291262135 0.03453689167974883 0.023665048543689317
0 0.8948194662480378 0.4660194174757281 0.05690737833594977 0.03944174757281553
0 0.8502747252747254 0.36104368932038833 0.0816326530612245 0.04065533980582524
0 0.6242150706436421 0.4924150485436893 0.05494505494505495 0.025485436893203883
0 0.6646389324960754 0.48877427184466016 0.02511773940345369 0.025485436893203883
0 0.7144819466248038 0.4933252427184466 0.07221350078492936 0.028519417475728153
0 0.7949372056514914 0.495752427184466 0.049450549450549455 0.02487864077669903
0 0.8443877551020409 0.49666262135922323 0.02433281004709576 0.01699029126213592
0 0.8910910518053375 0.4972694174757281 0.06436420722135008 0.03519417475728155
0 0.6116562009419153 0.5166868932038835 0.03453689167974883 0.020631067961165046
0 0.6862244897959184 0.5179004854368932 0.05023547880690738 0.030339805825242715
0 0.6463893249607535 0.5160800970873786 0.03257456828885401 0.021844660194174755
0 0.7435243328100472 0.522754854368932 0.0423861852433281 0.020631067961165046
0 0.8065149136577708 0.527002427184466 0.08359497645211932 0.03398058252427184
0 0.9028649921507065 0.5203276699029126 0.03453689167974883 0.020631067961165046
0 0.8671507064364208 0.5197208737864077 0.03767660910518054 0.02427184466019417
0 0.6100863422291994 0.5427791262135921 0.0282574568288854 0.02669902912621359
0 0.6626766091051806 0.5491504854368932 0.047880690737833596 0.03337378640776699
0 0.7101648351648352 0.5470266990291262 0.03532182103610675 0.025485436893203883
0 0.7403846153846154 0.5449029126213591 0.026687598116169546 0.028519417475728153
0 0.7678571428571429 0.5445995145631067 0.02511773940345369 0.0279126213592233
0 0.8328100470957615 0.5491504854368932 0.0663265306122449 0.03337378640776699
0 0.8231946624803768 0.5509708737864077 0.08712715855572999 0.03094660194174757
0 0.9077708006279436 0.5482402912621359 0.034929356357927786 0.020631067961165046
0 0.6312794348508635 0.5694781553398057 0.031397174254317116 0.02427184466019417
0 0.6614992150706437 0.5679611650485437 0.02904238618524333 0.023665048543689317
0 0.6917189952904239 0.5746359223300971 0.029827315541601257 0.02245145631067961
0 0.7403846153846154 0.576759708737864 0.04552590266875981 0.03640776699029126
0 0.8041601255886971 0.5840412621359223 0.08437990580847725 0.03155339805825243
0 0.8793171114599686 0.5797936893203883 0.07221350078492936 0.0424757281553398
0 0.6128335949764522 0.6046723300970873 0.04081632653061225 0.038834951456310676
0 0.6656200941915228 0.5998179611650485 0.06004709576138148 0.019417475728155338
0 0.7136970172684459 0.5998179611650485 0.0282574568288854 0.02427184466019417
0 0.7476452119309263 0.6010315533980582 0.04120879120879121 0.02669902912621359
0 0.799646781789639 0.6004247572815533 0.02511773940345369 0.02427184466019417
0 0.8279042386185244 0.6016383495145631 0.029827315541601257 0.023058252427184463
0 0.8746075353218211 0.6031553398058251 0.05808477237048666 0.020024271844660192
0 0.6124411302982732 0.6328883495145631 0.030612244897959186 0.0212378640776699
0 0.6420722135007849 0.639259708737864 0.036499215070643645 0.03762135922330097
0 0.6846546310832026 0.6310679611650485 0.05102040816326531 0.03216019417475728
0 0.7494113029827316 0.6337985436893203 0.03924646781789639 0.02669902912621359
0 0.7925824175824177 0.6362257281553397 0.04395604395604396 0.03398058252427184
0 0.8655808477237049 0.6344053398058251 0.06436420722135008 0.03519417475728155
0 0.6970172684458399 0.8037014563106796 0.0027472527472527475 0.0
0 0.609105180533752 0.6632281553398057 0.022370486656200943 0.0212378640776699
0 0.6536499215070644 0.6635315533980582 0.03924646781789639 0.03155339805825243
0 0.7140894819466248 0.6668689320388349 0.05337519623233909 0.037014563106796114
0 0.7847331240188383 0.6683859223300971 0.08791208791208792 0.03762135922330097
0 0.8600863422291994 0.6629247572815533 0.04552590266875981 0.038834951456310676
0 0.8954081632653061 0.6568567961165048 0.019623233908948195 0.025485436893203883
0 0.9142464678178964 0.6553398058252426 0.01883830455259027 0.023665048543689317
0 0.6705259026687599 0.6993325242718446 0.05729984301412873 0.029126213592233007
0 0.7325353218210362 0.6932645631067961 0.06514913657770802 0.023058252427184463
0 0.7917974882260597 0.6984223300970873 0.026687598116169546 0.027305825242718445
0 0.8167189952904239 0.6941747572815533 0.023940345368916798 0.018810679611650484
0 0.8455651491365778 0.6896237864077669 0.036891679748822605 0.02427184466019417
0 0.6171507064364208 0.730885922330097 0.038461538461538464 0.030339805825242715
0 0.6646389324960754 0.7199635922330097 0.017268445839874413 0.025485436893203883
0 0.6567896389324961 0.7233009708737863 0.03610675039246468 0.028519417475728153
0 0.690149136577708 0.7229975728155339 0.027472527472527476 0.02669902912621359
0 0.7184065934065934 0.7245145631067961 0.022762951334379906 0.02245145631067961
0 0.7464678178963894 0.7257281553398057 0.03100470957613815 0.02487864077669903
0 0.7770800627943486 0.7314927184466019 0.04356357927786499 0.03640776699029126
0 0.8467425431711146 0.7242111650485437 0.029827315541601257 0.02427184466019417
0 0.8783359497645212 0.7187499999999999 0.028649921507064365 0.020631067961165046
0 0.9046310832025118 0.7172330097087378 0.022370486656200943 0.02487864077669903
0 0.6379513343799058 0.7630461165048543 0.06593406593406594 0.03640776699029126
0 0.695447409733124 0.7566747572815533 0.03885400313971743 0.03094660194174757
0 0.7380298273155417 0.7575849514563107 0.046310832025117744 0.032766990291262135
0 0.788657770800628 0.7548543689320387 0.02197802197802198 0.02487864077669903
0 0.8355572998430142 0.7630461165048543 0.06789638932496075 0.04126213592233009
0 0.8932496075353219 0.7463592233009708 0.04513343799058085 0.03216019417475728
0 0.614010989010989 0.7861043689320387 0.031397174254317116 0.0279126213592233
0 0.6560047095761382 0.7921723300970873 0.04866562009419152 0.021844660194174755
0 0.8043563579277866 0.7864077669902912 0.07221350078492936 0.018810679611650484
0 0.8789246467817897 0.7827669902912621 0.03296703296703297 0.02245145631067961
0 0.9103218210361068 0.7806432038834951 0.023547880690737835 0.020631067961165046
0 0.6287284144427002 0.8188713592233009 0.06004709576138148 0.02669902912621359
0 0.6760204081632654 0.8179611650485437 0.033751962323390894 0.02487864077669903
0 0.7486263736263736 0.8164441747572815 0.026687598116169546 0.023058252427184463
0 0.7258634222919937 0.8152305825242717 0.0282574568288854 0.025485436893203883
0 0.7917974882260597 0.8185679611650485 0.06279434850863423 0.03337378640776699
0 0.8673469387755103 0.8206917475728155 0.09301412872841444 0.04126213592233009
0 0.6104788069073783 0.8546723300970873 0.03924646781789639 0.03762135922330097
0 0.6577708006279436 0.8516383495145631 0.051412872841444274 0.038834951456310676
0 0.7458791208791209 0.8546723300970873 0.06828885400313972 0.040048543689320384
0 0.8239795918367347 0.8446601941747572 0.05180533751962324 0.02487864077669903
0 0.8765698587127159 0.8449635922330097 0.03767660910518054 0.020631067961165046
0 0.6601255886970173 0.8768203883495145 0.07574568288854004 0.03337378640776699
0 0.7415620094191523 0.8759101941747572 0.08791208791208792 0.02669902912621359
0 0.8012166405023549 0.8901699029126213 0.0423861852433281 0.03944174757281553
0 0.8799058084772371 0.8789441747572815 0.08516483516483517 0.03762135922330097
0 0.8098508634222921 0.8841019417475727 0.05808477237048666 0.04672330097087378
0 0.6167582417582418 0.9138349514563106 0.03610675039246468 0.02245145631067961
0 0.679552590266876 0.9214199029126213 0.0847723704866562 0.04490291262135922
0 0.7584379905808478 0.9111043689320387 0.030612244897959186 0.03155339805825243
0 0.8169152276295134 0.9089805825242717 0.08006279434850865 0.026092233009708737
