0 0.18759811616954475 0.09860436893203883 0.025510204081632654 0.02427184466019417
0 0.2239010989010989 0.09860436893203883 0.046310832025117744 0.029126213592233007
0 0.2709968602825746 0.09981796116504854 0.043171114599686033 0.021844660194174755
0 0.31887755102040816 0.10649271844660194 0.06357927786499215 0.03762135922330097
0 0.369701726844584 0.10649271844660194 0.034929356357927786 0.032766990291262135
0 0.40208006279434855 0.09253640776699028 0.030612244897959186 0.03640776699029126
0 0.46487441130298274 0.0961771844660194 0.03532182103610675 0.029126213592233007
0 0.19427001569858715 0.12499999999999999 0.02786499215070644 0.02245145631067961
0 0.18504709576138148 0.1253033980582524 0.04866562009419152 0.02427184466019417
0 0.23489010989010992 0.1253033980582524 0.019623233908948195 0.019417475728155338
0 0.22900313971742545 0.12317961165048542 0.03296703296703297 0.02487864077669903
0 0.2841444270015699 0.1262135922330097 0.06475667189952905 0.02973300970873786
0 0.3447802197802198 0.12894417475728154 0.022762951334379906 0.021844660194174755
0 0.38304552590266877 0.12226941747572814 0.054552590266875985 0.02427184466019417
0 0.43229984301412877 0.11802184466019416 0.03924646781789639 0.02669902912621359
0 0.46703296703296704 0.11741504854368931 0.025510204081632654 0.030339805825242715
0 0.2078100470957614 0.1532160194174757 0.05337519623233909 0.03155339805825243
0 0.19740973312401885 0.15260922330097085 0.07496075353218211 0.0279126213592233
0 0.26844583987441134 0.15078883495145629 0.03885400313971743 0.021844660194174755
0 0.26197017268445844 0.15139563106796114 0.05180533751962324 0.020631067961165046
0 0.30592621664050235 0.15382281553398056 0.03767660910518054 0.023058252427184463
0 0.4144427001569859 0.15382281553398056 0.060832025117739406 0.03762135922330097
0 0.46722919937205654 0.14836165048543687 0.043171114599686033 0.03155339805825243
0 0.17916012558869704 0.17445388349514562 0.03532182103610675 0.0279126213592233
0 0.2405808477237049 0.17445388349514562 0.03021978021978022 0.019417475728155338
0 0.3122056514913658 0.17809466019417475 0.07378335949764521 0.025485436893203883
0 0.3914835164835165 0.1799150485436893 0.04709576138147567 0.029126213592233007
0 0.4307299843014129 0.1841626213592233 0.0282574568288854 0.02427184466019417
0 0.4646781789638933 0.18052184466019416 0.04513343799058085 0.0279126213592233
0 0.17974882260596547 0.1987257281553398 0.044348508634222926 0.023058252427184463
0 0.23999215070643642 0.2008495145631068 0.05180533751962324 0.02487864077669903
0 0.29297488226059654 0.2020631067961165 0.033751962323390894 0.02245145631067961
0 0.3292778649921507 0.20722087378640774 0.04748822605965464 0.032766990291262135
0 0.36165620094191525 0.19842233009708737 0.015698587127158558 0.02487864077669903
0 0.3373233908948195 0.2066140776699029 0.06279434850863423 0.03640776699029126
0 0.396585557299843 0.20145631067961164 0.030612244897959186 0.023665048543689317
0 0.43151491365777084 0.20054611650485435 0.041601255886970175 0.019417475728155338
0 0.4642857142857143 0.2008495145631068 0.02786499215070644 0.02973300970873786
0 0.17994505494505494 0.22542475728155337 0.043171114599686033 0.023058252427184463
0 0.2403846153846154 0.22299757281553395 0.030612244897959186 0.021844660194174755
0 0.29120879120879123 0.22724514563106793 0.04513343799058085 0.03155339805825243
0 0.33418367346938777 0.22845873786407764 0.03610675039246468 0.021844660194174755
0 0.36793563579277866 0.23270631067961162 0.031397174254317116 0.029126213592233007
0 0.4052197802197802 0.2345266990291262 0.052590266875981166 0.029126213592233007
0 0.45270800627943486 0.22421116504854366 0.04395604395604396 0.023058252427184463
0 0.1936813186813187 0.25515776699029125 0.04709576138147567 0.03640776699029126
0 0.250392464678179 0.2557645631067961 0.06318681318681318 0.0424757281553398
0 0.3069073783359498 0.25515776699029125 0.031789638932496075 0.021844660194174755
0 0.3545918367346939 0.25333737864077666 0.059654631083202514 0.0279126213592233
0 0.40639717425431715 0.25182038834951453 0.023547880690737835 0.023665048543689317
0 0.43779434850863425 0.25091019417475724 0.04003139717425432 0.02669902912621359
0 0.1783751962323391 0.2800364077669903 0.049450549450549455 0.0279126213592233
0 0.22900313971742545 0.28125 0.04395604395604396 0.03155339805825243
0 0.2653061224489796 0.28731796116504854 0.029434850863422294 0.0279126213592233
0 0.30082417582417587 0.28731796116504854 0.049450549450549455 0.030339805825242715
0 0.3545918367346939 0.2824635922330097 0.05494505494505495 0.032766990291262135
0 0.4003139717425432 0.2794296116504854 0.023155416012558872 0.021844660194174755
0 0.44446624803767665 0.2818567961165048 0.06985871271585557 0.03762135922330097
0 0.1803375196232339 0.3094660194174757 0.026687598116169546 0.02245145631067961
0 0.21212715855573 0.3073422330097087 0.036891679748822605 0.02669902912621359
0 0.25804552590266877 0.3118932038834951 0.029827315541601257 0.02245145631067961
0 0.31240188383045525 0.31583737864077666 0.07967032967032968 0.03519417475728155
0 0.3695054945054945 0.30339805825242716 0.03453689167974883 0.02487864077669903
0 0.4152276295133438 0.3073422330097087 0.023940345368916798 0.02427184466019417
0 0.40835949764521196 0.3091626213592233 0.038461538461538464 0.02669902912621359
0 0.45054945054945056 0.3073422330097087 0.04827315541601256 0.029126213592233007
0 0.18818681318681318 0.337378640776699 0.06122448979591837 0.023665048543689317
0 0.2523547880690738 0.3419296116504854 0.046703296703296704 0.03398058252427184
0 0.266679748822606 0.34253640776699024 0.07378335949764521 0.03519417475728155
0 0.32123233908948196 0.3382888349514563 0.03296703296703297 0.025485436893203883
0 0.3708791208791209 0.3361650485436893 0.057692307692307696 0.026092233009708737
0 0.4177786499215071 0.3443567961165048 0.03218210361067504 0.029126213592233007
0 0.45624018838304553 0.33040048543689315 0.04552590266875981 0.03155339805825243
0 0.1858320251177394 0.366504854368932 0.06907378335949765 0.037014563106796114
0 0.24391679748822606 0.3719660194174757 0.05494505494505495 0.03094660194174757
0 0.31024332810047095 0.3713592233009708 0.07456828885400314 0.02973300970873786
0 0.36989795918367346 0.36377427184466016 0.02590266875981162 0.021844660194174755
0 0.4166012558869702 0.36680825242718446 0.06907378335949765 0.03762135922330097
0 0.18190737833594978 0.39290048543689315 0.05337519623233909 0.03398058252427184
0 0.22802197802197804 0.3895631067961165 0.04120879120879121 0.026092233009708737
0 0.2925824175824176 0.39229368932038833 0.06122448979591837 0.023058252427184463
0 0.34635007849293564 0.3886529126213592 0.038461538461538464 0.025485436893203883
0 0.3983516483516484 0.3889563106796116 0.06318681318681318 0.026092233009708737
0 0.4684065934065934 0.39047330097087374 0.0423861852433281 0.02427184466019417
0 0.201138147566719 0.4223300970873786 0.09811616954474098 0.04429611650485436
0 0.2980769230769231 0.42718446601941745 0.07221350078492936 0.03337378640776699
0 0.3563579277864992 0.41959951456310673 0.04042386185243328 0.02427184466019417
0 0.3940345368916798 0.42384708737864074 0.034929356357927786 0.0279126213592233
0 0.4340659340659341 0.42597087378640774 0.054552590266875985 0.03216019417475728
0 0.47390109890109894 0.41292475728155337 0.02511773940345369 0.021844660194174755
0 0.18386970172684458 0.45297330097087374 0.06043956043956044 0.03155339805825243
0 0.24823390894819466 0.45084951456310673 0.06671899529042387 0.0345873786407767
0 0.3122056514913658 0.44265776699029125 0.01883830455259027 0.029126213592233007
0 0.34517268445839877 0.45297330097087374 0.04709576138147567 0.03640776699029126
0 0.38638147566719 0.4456917475728155 0.03218210361067504 0.023058252427184463
0 0.44191522762951335 0.4505461165048543 0.0890894819466248 0.040048543689320384
0 0.2140894819466248 0.4793689320388349 0.04552590266875981 0.02245145631067961
0 0.2013343799058085 0.4748179611650485 0.07888540031397175 0.025485436893203883
0 0.28865777080062793 0.4814927184466019 0.03610675039246468 0.03640776699029126
0 0.3267268445839875 0.48513349514563103 0.036891679748822605 0.029126213592233007
0 0.2731554160125589 0.4814927184466019 0.06318681318681318 0.03640776699029126
0 0.41267660910518056 0.4790655339805825 0.05023547880690738 0.03640776699029126
0 0.4644819466248038 0.47178398058252424 0.04866562009419152 0.02669902912621359
0 0.18818681318681318 0.5121359223300971 0.06279434850863423 0.03337378640776699
0 0.47350863422291994 0.4693567961165048 0.0282574568288854 0.02427184466019417
0 0.27708006279434855 0.5051577669902912 0.036499215070643645 0.029126213592233007
0 0.23959968602825746 0.5063713592233009 0.03924646781789639 0.0279126213592233
0 0.34281789638932497 0.5139563106796116 0.07378335949764521 0.03822815533980582
0 0.4519230769230769 0.5078883495145631 0.0816326530612245 0.037014563106796114
0 0.17680533751962324 0.5339805825242718 0.03218210361067504 0.020024271844660192
0 0.21016483516483517 0.53125 0.026687598116169546 0.02427184466019417
0 0.25372841444270017 0.5327669902912621 0.05729984301412873 0.03094660194174757
0 0.30082417582417587 0.5430825242718446 0.031397174254317116 0.03094660194174757
0 0.3626373626373627 0.5400485436893203 0.04356357927786499 0.03337378640776699
0 0.3989403453689168 0.5427791262135921 0.02904238618524333 0.030339805825242715
0 0.4340659340659341 0.5361043689320388 0.04277864992150707 0.019417475728155338
0 0.4733124018838305 0.5318567961165048 0.03885400313971743 0.025485436893203883
0 0.1750392464678179 0.5615898058252426 0.033359497645211934 0.021844660194174755
0 0.20741758241758243 0.5700849514563107 0.031397174254317116 0.029126213592233007
0 0.25372841444270017 0.5628033980582524 0.02511773940345369 0.02427184466019417
0 0.3310439560439561 0.5712985436893203 0.06043956043956044 0.03398058252427184
0 0.396978021978022 0.5631067961165048 0.06593406593406594 0.02973300970873786
0 0.46153846153846156 0.5628033980582524 0.062401883830455265 0.029126213592233007
0 0.24784144427001573 0.5925364077669902 0.06122448979591837 0.0279126213592233
0 0.30376766091051804 0.5983009708737863 0.04905808477237049 0.03216019417475728
0 0.3598901098901099 0.5943567961165048 0.04042386185243328 0.02427184466019417
0 0.4158163265306123 0.5943567961165048 0.06907378335949765 0.02427184466019417
0 0.47174254317111464 0.5955703883495145 0.039638932496075356 0.02669902912621359
0 0.17641287284144427 0.6140776699029126 0.03610675039246468 0.028519417475728153
0 0.20074568288854006 0.5907160194174756 0.03453689167974883 0.021844660194174755
0 0.23685243328100472 0.6195388349514562 0.026687598116169546 0.02245145631067961
0 0.22802197802197804 0.6195388349514562 0.04513343799058085 0.0212378640776699
0 0.288265306122449 0.6240898058252426 0.02433281004709576 0.02427184466019417
0 0.2757064364207222 0.6243932038834951 0.04709576138147567 0.026092233009708737
0 0.31495290423861855 0.6307645631067961 0.03532182103610675 0.03155339805825243
0 0.36813186813186816 0.6265169902912621 0.06868131868131869 0.03155339805825243
0 0.451138147566719 0.6259101941747572 0.07221350078492936 0.030339805825242715
0 0.17759026687598117 0.649878640776699 0.02511773940345369 0.03216019417475728
0 0.23332025117739405 0.6556432038834951 0.059654631083202514 0.03398058252427184
0 0.3165227629513344 0.6568567961165048 0.0706436420722135 0.029126213592233007
0 0.3901098901098901 0.652002427184466 0.07810047095761381 0.03398058252427184
0 0.4699764521193093 0.6535194174757281 0.03767660910518054 0.026092233009708737
0 0.17484301412872844 0.672633495145631 0.03453689167974883 0.021844660194174755
0 0.22664835164835165 0.6814320388349514 0.06043956043956044 0.03337378640776699
0 0.2713893249607536 0.676881067961165 0.02590266875981162 0.02427184466019417
0 0.30651491365777084 0.6780946601941747 0.04591836734693878 0.025485436893203883
0 0.34536891679748827 0.681128640776699 0.023940345368916798 0.019417475728155338
0 0.4012951334379906 0.6835558252427184 0.059654631083202514 0.038834951456310676
0 0.44642857142857145 0.6744538834951456 0.03453689167974883 0.02669902912621359
0 0.18642072213500785 0.7035800970873786 0.0521978021978022 0.030339805825242715
0 0.24450549450549453 0.7084344660194174 0.04199372056514914 0.030339805825242715
0 0.29120879120879123 0.7108616504854368 0.03100470957613815 0.0279126213592233
0 0.33182888540031397 0.7108616504854368 0.06122448979591837 0.030339805825242715
0 0.4220957613814757 0.7093446601941747 0.043171114599686033 0.03094660194174757
0 0.3840266875981162 0.7029733009708737 0.04003139717425432 0.02427184466019417
0 0.4619309262166405 0.7008495145631067 0.03414442700156986 0.020024271844660192
0 0.18602825745682888 0.733009708737864 0.06554160125588697 0.03944174757281553
0 0.27060439560439564 0.7360436893203883 0.07535321821036108 0.03216019417475728
0 0.3842229199372057 0.7357402912621358 0.06946624803767662 0.03155339805825243
0 0.33182888540031397 0.7339199029126213 0.03924646781789639 0.023058252427184463
0 0.46722919937205654 0.7324029126213591 0.033751962323390894 0.02487864077669903
0 0.45741758241758246 0.7320995145631067 0.05023547880690738 0.02427184466019417
0 0.18504709576138148 0.768507281553398 0.06279434850863423 0.029126213592233007
0 0.23135792778649922 0.7636529126213591 0.02511773940345369 0.01699029126213592
0 0.2566718995290424 0.7691140776699028 0.03728414442700157 0.03398058252427184
0 0.30062794348508637 0.7666868932038834 0.044348508634222926 0.03519417475728155
0 0.33653846153846156 0.7700242718446602 0.033751962323390894 0.03216019417475728
0 0.37598116169544743 0.7624393203883495 0.04356357927786499 0.02669902912621359
0 0.42052590266875983 0.7666868932038834 0.05023547880690738 0.038834951456310676
0 0.46801412872841447 0.7566747572815533 0.030612244897959186 0.02487864077669903
0 0.18504709576138148 0.7930825242718446 0.03767660910518054 0.020024271844660192
0 0.25843799058084777 0.7936893203883495 0.07927786499215071 0.02487864077669903
0 0.3263343799058085 0.7915655339805825 0.04081632653061225 0.02669902912621359
0 0.3734301412872842 0.7924757281553397 0.04709576138147567 0.0212378640776699
0 0.4427001569858713 0.793385922330097 0.09144427001569859 0.023058252427184463
0 0.18092621664050237 0.8194781553398057 0.054552590266875985 0.0279126213592233
0 0.25313971742543173 0.8197815533980581 0.03100470957613815 0.028519417475728153
0 0.22350863422291994 0.8188713592233009 0.029827315541601257 0.021844660194174755
0 0.30376766091051804 0.8282766990291262 0.07103610675039247 0.04065533980582524
0 0.37813971742543173 0.8279733009708737 0.06907378335949765 0.03640776699029126
0 0.451530612244898 0.8185679611650485 0.02433281004709576 0.0212378640776699
0 0.44014913657770804 0.8182645631067961 0.04552590266875981 0.02669902912621359
0 0.4774332810047096 0.8252427184466019 0.031397174254317116 0.028519417475728153
0 0.18838304552590268 0.8476941747572815 0.04748822605965464 0.03216019417475728
0 0.2360675039246468 0.8525485436893203 0.026687598116169546 0.0212378640776699
0 0.2629513343799058 0.8516383495145631 0.02708006279434851 0.0279126213592233
0 0.2892464678178964 0.8498179611650485 0.025510204081632654 0.02669902912621359
0 0.3267268445839875 0.8522451456310679 0.047880690737833596 0.02669902912621359
0 0.3675431711145997 0.8486043689320387 0.027472527472527476 0.02669902912621359
0 0.4111067503924647 0.8492111650485437 0.059654631083202514 0.025485436893203883
0 0.46526687598116173 0.8552791262135921 0.04866562009419152 0.03640776699029126
0 0.1760204081632653 0.8801577669902911 0.046310832025117744 0.03155339805825243
0 0.24077708006279436 0.8862257281553397 0.07927786499215071 0.03640776699029126
0 0.3137755102040817 0.8813713592233009 0.0423861852433281 0.03155339805825243
0 0.3612637362637363 0.8880461165048543 0.05729984301412873 0.03519417475728155
0 0.4597723704866562 0.8771237864077669 0.059654631083202514 0.032766990291262135
0 0.2044740973312402 0.9129247572815533 0.08359497645211932 0.03155339805825243
0 0.25745682888540034 0.9186893203883494 0.03414442700156986 0.03094660194174757
0 0.29297488226059654 0.9123179611650485 0.03924646781789639 0.023058252427184463
0 0.3263343799058085 0.9083737864077669 0.02511773940345369 0.026092233009708737
0 0.4014913657770801 0.9080703883495145 0.04591836734693878 0.029126213592233007
0 0.46291208791208793 0.9123179611650485 0.04709576138147567 0.025485436893203883
0 0.598116169544741 0.0782766990291262 0.02786499215070644 0.03094660194174757
0 0.6214678178963894 0.07675970873786407 0.02119309262166405 0.029126213592233007
0 0.6577708006279436 0.08464805825242717 0.052982731554160126 0.0279126213592233
0 0.7078100470957615 0.08404126213592232 0.04866562009419152 0.019417475728155338
0 0.765894819466248 0.08464805825242717 0.04552590266875981 0.03640776699029126
0 0.8310439560439561 0.08464805825242717 0.06907378335949765 0.04126213592233009
0 0.8889324960753533 0.08616504854368931 0.044348508634222926 0.03094660194174757
0 0.609105180533752 0.10709951456310679 0.034929356357927786 0.01699029126213592
0 0.6361852433281006 0.10406553398058252 0.021585557299843017 0.020631067961165046
0 0.6775902668759812 0.10709951456310679 0.03924646781789639 0.021844660194174755
0 0.7111459968602826 0.10770631067961164 0.03414442700156986 0.032766990291262135
0 0.7519623233908949 0.11013349514563106 0.04356357927786499 0.0279126213592233
0 0.8210361067503925 0.11680825242718446 0.052982731554160126 0.03155339805825243
0 0.8844191522762952 0.11013349514563106 0.04866562009419152 0.025485436893203883
0 0.6071428571428572 0.1319781553398058 0.03728414442700157 0.020631067961165046
0 0.6461930926216641 0.13652912621359223 0.0282574568288854 0.03216019417475728
0 0.6758241758241759 0.1316747572815534 0.03571428571428572 0.026092233009708737
0 0.7360675039246468 0.1383495145631068 0.06357927786499215 0.02245145631067961
0 0.7892464678178964 0.13228155339805825 0.016875981161695447 0.0212378640776699
0 0.783359497645212 0.13319174757281552 0.02786499215070644 0.02427184466019417
0 0.8196624803767661 0.13925970873786406 0.04709576138147567 0.03640776699029126
0 0.8946232339089483 0.13258495145631066 0.03453689167974883 0.0279126213592233
0 0.5969387755102041 0.15989077669902912 0.0380690737833595 0.03640776699029126
0 0.6426609105180534 0.1608009708737864 0.05180533751962324 0.023665048543689317
0 0.6889717425431712 0.1641383495145631 0.03767660910518054 0.025485436893203883
0 0.7274332810047096 0.1720266990291262 0.0423861852433281 0.03155339805825243
0 0.7607927786499216 0.1641383495145631 0.022762951334379906 0.023058252427184463
0 0.7861067503924647 0.1653519417475728 0.02708006279434851 0.01820388349514563
0 0.8220172684458399 0.16717233009708737 0.04709576138147567 0.03398058252427184
0 0.8636185243328101 0.15928398058252427 0.036891679748822605 0.023058252427184463
0 0.897370486656201 0.1620145631067961 0.031397174254317116 0.026092233009708737
0 0.6147959183673469 0.1878033980582524 0.05886970172684459 0.02669902912621359
0 0.6720957613814758 0.19053398058252424 0.05102040816326531 0.03216019417475728
0 0.7360675039246468 0.19629854368932037 0.07378335949764521 0.03155339805825243
0 0.8027864992150707 0.1966019417475728 0.06122448979591837 0.0345873786407767
0 0.8687205651491366 0.18628640776699026 0.03296703296703297 0.035800970873786406
0 0.8934458398744114 0.18719660194174756 0.029827315541601257 0.030339805825242715
0 0.5994897959183674 0.21935679611650483 0.04709576138147567 0.030339805825242715
0 0.8106357927786499 0.21935679611650483 0.04552590266875981 0.02669902912621359
0 0.8463500784929356 0.20813106796116504 0.02590266875981162 0.02973300970873786
0 0.8854003139717426 0.2090412621359223 0.05690737833594977 0.040048543689320384
0 0.6171507064364208 0.24302184466019416 0.076138147566719 0.03155339805825243
0 0.706828885400314 0.25212378640776695 0.059262166405023554 0.03640776699029126
0 0.7596153846153847 0.247876213592233 0.04395604395604396 0.02669902912621359
0 0.8165227629513344 0.24362864077669902 0.06514913657770802 0.029126213592233007
0 0.8873626373626374 0.23179611650485435 0.052982731554160126 0.02245145631067961
0 0.6265698587127159 0.27093446601941745 0.016483516483516484 0.030339805825242715
0 0.6006671899529042 0.26911407766990286 0.03532182103610675 0.02427184466019417
0 0.6493328100470958 0.2766990291262136 0.02904238618524333 0.028519417475728153
0 0.6775902668759812 0.27336165048543687 0.02904238618524333 0.021844660194174755
0 0.7060439560439561 0.2818567961165048 0.03257456828885401 0.025485436893203883
0 0.7525510204081634 0.27214805825242716 0.0282574568288854 0.021844660194174755
0 0.782967032967033 0.26850728155339804 0.03257456828885401 0.0279126213592233
0 0.8218210361067504 0.27123786407766987 0.04277864992150707 0.03094660194174757
0 0.8852040816326531 0.25879854368932037 0.04709576138147567 0.032766990291262135
0 0.5998822605965464 0.2933859223300971 0.03218210361067504 0.02427184466019417
0 0.6297095761381476 0.2973300970873786 0.02904238618524333 0.027305825242718445
0 0.6891679748822607 0.30188106796116504 0.04120879120879121 0.03155339805825243
0 0.755690737833595 0.30673543689320387 0.06436420722135008 0.030339805825242715
0 0.8271193092621665 0.2958131067961165 0.0282574568288854 0.019417475728155338
0 0.8553767660910518 0.29004854368932037 0.0282574568288854 0.027305825242718445
0 0.9040423861852434 0.2794296116504854 0.02511773940345369 0.019417475728155338
0 0.6138147566718996 0.32099514563106796 0.06004709576138148 0.026092233009708737
0 0.668956043956044 0.33100728155339804 0.05572998430141288 0.02669902912621359
0 0.7370486656200942 0.3249393203883495 0.04277864992150707 0.029126213592233007
0 0.778453689167975 0.3285800970873786 0.03453689167974883 0.02669902912621359
0 0.8341836734693878 0.31553398058252424 0.026687598116169546 0.023665048543689317
0 0.8746075353218211 0.31432038834951453 0.03924646781789639 0.02973300970873786
0 0.9063971742543172 0.2994538834951456 0.023547880690737835 0.02669902912621359
0 0.5973312401883831 0.34799757281553395 0.03100470957613815 0.0279126213592233
0 0.6277472527472527 0.3540655339805825 0.026687598116169546 0.023058252427184463
0 0.679552590266876 0.35922330097087374 0.03610675039246468 0.02973300970873786
0 0.7327315541601256 0.3528519417475728 0.02786499215070644 0.023058252427184463
0 0.7686420722135008 0.35133495145631066 0.02119309262166405 0.020024271844660192
0 0.7874803767660911 0.35012135922330095 0.06043956043956044 0.02245145631067961
0 0.8712715855572999 0.34981796116504854 0.09301412872841444 0.03640776699029126
0 0.6081240188383046 0.3807645631067961 0.0282574568288854 0.025485436893203883
0 0.6406985871271585 0.38046116504854366 0.030612244897959186 0.023665048543689317
0 0.6821036106750393 0.3877427184466019 0.033359497645211934 0.02973300970873786
0 0.7168367346938775 0.3828883495145631 0.03532182103610675 0.02487864077669903
0 0.8178963893249608 0.37682038834951453 0.03021978021978022 0.017597087378640776
0 0.8581240188383046 0.37257281553398053 0.043171114599686033 0.02487864077669903
0 0.8995290423861853 0.36438106796116504 0.036499215070643645 0.02669902912621359
0 0.603414442700157 0.41171116504854366 0.03924646781789639 0.02669902912621359
0 0.6611067503924647 0.40928398058252424 0.05416012558869702 0.029126213592233007
0 0.7184065934065934 0.40716019417475724 0.05416012558869702 0.023665048543689317
0 0.7823783359497646 0.40867718446601936 0.06907378335949765 0.025485436893203883
0 0.8361459968602826 0.4007888349514563 0.03767660910518054 0.019417475728155338
0 0.8669544740973313 0.39472087378640774 0.025510204081632654 0.019417475728155338
0 0.8985478806907379 0.3886529126213592 0.031397174254317116 0.02669902912621359
0 0.5967425431711146 0.4432645631067961 0.03532182103610675 0.03155339805825243
0 0.6805337519623235 0.44508495145631066 0.03571428571428572 0.030339805825242715
0 0.7160518053375197 0.43507281553398053 0.038461538461538464 0.02973300970873786
0 0.7855180533751963 0.431128640776699 0.059654631083202514 0.02669902912621359
0 0.5971350078492936 0.4638956310679611 0.02197802197802198 0.02669902912621359
0 0.902668759811617 0.4162621359223301 0.020800627943485087 0.026092233009708737
0 0.6428571428571429 0.4678398058252427 0.05612244897959184 0.02487864077669903
0 0.7085949764521193 0.4702669902912621 0.07535321821036108 0.03337378640776699
0 0.7976844583987441 0.4638956310679611 0.0423861852433281 0.03155339805825243
0 0.7604003139717426 0.4702669902912621 0.031397174254317116 0.028519417475728153
0 0.8430141287284145 0.45843446601941745 0.04277864992150707 0.023058252427184463
0 0.8926609105180534 0.4478155339805825 0.05102040816326531 0.026092233009708737
0 0.6622841444270016 0.4902912621359223 0.06750392464678179 0.028519417475728153
0 0.5345368916797488 0.44387135922330095 0.0003924646781789639 0.0
0 0.7343014128728415 0.489381067961165 0.07810047095761381 0.02427184466019417
0 0.8071036106750393 0.48695388349514557 0.046310832025117744 0.02427184466019417
0 0.8855965463108321 0.4814927184466019 0.07299843014128729 0.0279126213592233
0 0.5979199372056515 0.527002427184466 0.03610675039246468 0.03155339805825243
0 0.6028257456828886 0.5233616504854368 0.04591836734693878 0.04368932038834951
0 0.6677786499215072 0.5191140776699029 0.08398744113029828 0.03155339805825243
0 0.7448979591836735 0.5251820388349514 0.062401883830455265 0.032766990291262135
0 0.7898351648351649 0.5160800970873786 0.027472527472527476 0.02427184466019417
0 0.8310439560439561 0.5130461165048543 0.0565149136577708 0.0279126213592233
0 0.903453689167975 0.5033373786407767 0.02786499215070644 0.023058252427184463
0 0.6251962323390895 0.5512742718446602 0.0773155416012559 0.029126213592233007
0 0.7207613814756673 0.5467233009708737 0.07142857142857144 0.027305825242718445
0 0.7817896389324961 0.5500606796116504 0.023940345368916798 0.029126213592233007
0 0.8437990580847724 0.5403519417475727 0.052982731554160126 0.029126213592233007
0 0.8522370486656201 0.5385315533980582 0.0706436420722135 0.030339805825242715
0 0.515894819466248 0.6064927184466019 0.02904238618524333 0.021844660194174755
0 0.5141287284144427 0.622876213592233 0.028649921507064365 0.013349514563106795
0 0.5372841444270016 0.618628640776699 0.017660910518053376 0.012135922330097085
0 0.554945054945055 0.6189320388349514 0.019230769230769232 0.012742718446601941
0 0.5571036106750393 0.6040655339805825 0.023547880690737835 0.012135922330097085
0 0.6756279434850864 0.5728155339805825 0.047880690737833596 0.02245145631067961
0 0.7140894819466248 0.5709951456310679 0.026687598116169546 0.0212378640776699
0 0.77276295133438 0.5737257281553397 0.0380690737833595 0.021844660194174755
0 0.8294740973312402 0.5785800970873786 0.05023547880690738 0.029126213592233007
0 0.8746075353218211 0.5691747572815533 0.026687598116169546 0.023665048543689317
0 0.6585557299843015 0.5992111650485437 0.03100470957613815 0.019417475728155338
0 0.6970172684458399 0.5961771844660194 0.03100470957613815 0.025485436893203883
0 0.7698194662480378 0.6052791262135921 0.04709576138147567 0.029126213592233007
0 0.8255494505494506 0.5995145631067961 0.026687598116169546 0.017597087378640776
0 0.8651883830455259 0.6025485436893203 0.05808477237048666 0.03337378640776699
0 0.603414442700157 0.6198422330097086 0.03218210361067504 0.02669902912621359
