0 0.18975667189952905 0.07220873786407767 0.08006279434850865 0.05764563106796116
0 0.19996075353218212 0.07797330097087378 0.059654631083202514 0.03640776699029126
0 0.2525510204081633 0.0804004854368932 0.0423861852433281 0.03155339805825243
0 0.28512558869701726 0.0816140776699029 0.01805337519623234 0.029126213592233007
0 0.3067111459968603 0.08889563106796115 0.02511773940345369 0.038834951456310676
0 0.4052197802197802 0.09132281553398057 0.047880690737833596 0.03398058252427184
0 0.41071428571428575 0.08859223300970873 0.04003139717425432 0.04065533980582524
0 0.4556514913657771 0.08737864077669902 0.054552590266875985 0.028519417475728153
0 0.44407378335949765 0.08404126213592232 0.026687598116169546 0.03398058252427184
0 0.3883437990580848 0.11468446601941747 0.03767660910518054 0.027305825242718445
0 0.3926609105180534 0.11225728155339805 0.026687598116169546 0.02245145631067961
0 0.42562794348508637 0.13379854368932037 0.022762951334379906 0.021844660194174755
0 0.18445839874411304 0.1529126213592233 0.046703296703296704 0.02487864077669903
0 0.19171899529042388 0.1295509708737864 0.06436420722135008 0.03640776699029126
0 0.3526295133437991 0.08646844660194174 0.06907378335949765 0.04368932038834951
0 0.18386970172684458 0.10467233009708737 0.03610675039246468 0.021844660194174755
0 0.23410518053375198 0.10588592233009708 0.05886970172684459 0.03398058252427184
0 0.3404631083202512 0.10983009708737863 0.05494505494505495 0.027305825242718445
0 0.28355572998430145 0.11013349514563106 0.05023547880690738 0.032766990291262135
0 0.4370094191522763 0.11225728155339805 0.059654631083202514 0.026092233009708737
0 0.4428963893249608 0.11074029126213591 0.076138147566719 0.04126213592233009
0 0.46212715855573 0.13258495145631066 0.04709576138147567 0.02427184466019417
0 0.5198194662480377 0.15230582524271843 0.041601255886970175 0.028519417475728153
0 0.2403846153846154 0.12773058252427183 0.02904238618524333 0.029126213592233007
0 0.271585557299843 0.13015776699029125 0.03021978021978022 0.02427184466019417
0 0.32986656200941916 0.1319781553398058 0.08398744113029828 0.040048543689320384
0 0.28316326530612246 0.18112864077669902 0.0282574568288854 0.019417475728155338
0 0.2696232339089482 0.18173543689320387 0.0003924646781789639 0.0
0 0.2780612244897959 0.18143203883495143 0.041601255886970175 0.03337378640776699
0 0.24352433281004712 0.15594660194174756 0.047880690737833596 0.027305825242718445
0 0.23920722135007852 0.1544296116504854 0.059654631083202514 0.038834951456310676
0 0.37853218210361067 0.15594660194174756 0.07142857142857144 0.027305825242718445
0 0.3055337519623234 0.15503640776699026 0.08084772370486656 0.038834951456310676
0 0.288265306122449 0.15260922330097085 0.044740973312401885 0.040048543689320384
0 0.20094191522762953 0.20600728155339804 0.04513343799058085 0.032766990291262135
0 0.24352433281004712 0.20509708737864077 0.036891679748822605 0.03094660194174757
0 0.29552590266875983 0.20175970873786406 0.060832025117739406 0.02669902912621359
0 0.4481946624803768 0.15169902912621358 0.062401883830455265 0.03216019417475728
0 0.45624018838304553 0.1532160194174757 0.044740973312401885 0.03155339805825243
0 0.2219387755102041 0.17900485436893201 0.07221350078492936 0.043082524271844655
0 0.4456436420722135 0.17506067961165048 0.026687598116169546 0.021844660194174755
0 0.43759811616954475 0.17506067961165048 0.044348508634222926 0.03155339805825243
0 0.4790031397174255 0.17627427184466019 0.02119309262166405 0.03398058252427184
0 0.472723704866562 0.17900485436893201 0.030612244897959186 0.03337378640776699
0 0.3620486656200942 0.20175970873786406 0.07299843014128729 0.02669902912621359
0 0.46212715855573 0.24726941747572814 0.04395604395604396 0.0279126213592233
0 0.39540816326530615 0.13319174757281552 0.0423861852433281 0.0279126213592233
0 0.39128728414442704 0.1777912621359223 0.04591836734693878 0.027305825242718445
0 0.3871664050235479 0.18052184466019416 0.05572998430141288 0.03155339805825243
0 0.32908163265306123 0.1774878640776699 0.06357927786499215 0.03155339805825243
0 0.45506279434850866 0.22178398058252424 0.05180533751962324 0.023058252427184463
0 0.1750392464678179 0.22512135922330095 0.024725274725274728 0.02487864077669903
0 0.21212715855573 0.22694174757281552 0.05102040816326531 0.035800970873786406
0 0.3308477237048666 0.25212378640776695 0.06907378335949765 0.03640776699029126
0 0.3243720565149137 0.24999999999999997 0.08281004709576138 0.03762135922330097
0 0.22664835164835165 0.22390776699029125 0.02511773940345369 0.026092233009708737
0 0.2794348508634223 0.2248179611650485 0.02708006279434851 0.019417475728155338
0 0.26628728414442704 0.2233009708737864 0.05416012558869702 0.03944174757281553
0 0.18857927786499215 0.2490898058252427 0.03532182103610675 0.03640776699029126
0 0.18445839874411304 0.24939320388349512 0.044348508634222926 0.02973300970873786
0 0.24509419152276296 0.24999999999999997 0.07142857142857144 0.027305825242718445
0 0.21291208791208793 0.27639563106796117 0.08084772370486656 0.03155339805825243
0 0.206828885400314 0.2745752427184466 0.09419152276295134 0.03944174757281553
0 0.26707221350078497 0.3237257281553398 0.02590266875981162 0.02427184466019417
0 0.4209183673469388 0.20145631067961164 0.043171114599686033 0.03094660194174757
0 0.3122056514913658 0.22284587378640774 0.033359497645211934 0.02578883495145631
0 0.3486067503924647 0.22633495145631066 0.04101255886970173 0.03094660194174757
0 0.4099293563579278 0.22709344660194172 0.04120879120879121 0.04156553398058252
0 0.40208006279434855 0.22982402912621358 0.06161695447409733 0.033677184466019416
0 0.46350078492935637 0.19584344660194172 0.03767660910518054 0.027609223300970872
0 0.28640109890109894 0.2803398058252427 0.04101255886970173 0.03640776699029126
0 0.2849293563579278 0.27988470873786403 0.06279434850863423 0.040958737864077666
0 0.35135400313971743 0.2779126213592233 0.04179748822605966 0.03822815533980582
0 0.3434065934065934 0.2757888349514563 0.05886970172684459 0.03822815533980582
0 0.4184654631083203 0.2817050970873786 0.05239403453689168 0.03003640776699029
0 0.40924254317111464 0.2807949029126213 0.07005494505494506 0.03003640776699029
0 0.4664442700156986 0.27533373786407767 0.04827315541601256 0.028216019417475726
0 0.1709183673469388 0.29884708737864074 0.02786499215070644 0.03155339805825243
0 0.201138147566719 0.2974817961165048 0.0282574568288854 0.027002427184466018
0 0.250392464678179 0.30021237864077666 0.038461538461538464 0.02882281553398058
0 0.24244505494505497 0.29960558252427183 0.05396389324960754 0.031249999999999997
0 0.4058084772370487 0.25212378640776695 0.06357927786499215 0.04186893203883495
0 0.3998233908948195 0.25166868932038833 0.07437205651491366 0.0391383495145631
0 0.31083202511773944 0.3038531553398058 0.07417582417582418 0.02336165048543689
0 0.23547880690737835 0.3273665048543689 0.03414442700156986 0.0345873786407767
0 0.1898547880690738 0.32099514563106796 0.05828100470957614 0.032766990291262135
0 0.3055337519623234 0.3282766990291262 0.04709576138147567 0.04368932038834951
0 0.3110282574568289 0.33100728155339804 0.038461538461538464 0.0345873786407767
0 0.36214678178963894 0.3264563106796116 0.02374411302982732 0.021844660194174755
0 0.3514521193092622 0.33009708737864074 0.044740973312401885 0.029126213592233007
0 0.39825353218210363 0.3244842233009708 0.04768445839874411 0.023968446601941744
0 0.4618328100470958 0.326001213592233 0.05474882260596547 0.033677184466019416
0 0.45457221350078497 0.3255461165048543 0.06495290423861853 0.032766990291262135
0 0.18131868131868134 0.34466019417475724 0.04827315541601256 0.029126213592233007
0 0.2248822605965463 0.3486043689320388 0.036499215070643645 0.035800970873786406
0 0.23273155416012561 0.35148665048543687 0.020800627943485087 0.031856796116504854
0 0.4616365777080063 0.2993021844660194 0.060243328100470964 0.02882281553398058
0 0.4532967032967033 0.30066747572815533 0.0706436420722135 0.03519417475728155
0 0.38265306122448983 0.30658373786407767 0.07417582417582418 0.03974514563106796
0 0.2873822605965463 0.34921116504854366 0.05788854003139718 0.03822815533980582
0 0.2802197802197802 0.35012135922330095 0.07182103610675039 0.04368932038834951
0 0.3602825745682889 0.35012135922330095 0.031789638932496075 0.029126213592233007
0 0.34821428571428575 0.3519417475728155 0.05945839874411303 0.029126213592233007
0 0.1718995290423862 0.39456917475728154 0.024725274725274728 0.03610436893203883
0 0.4637951334379906 0.34890776699029125 0.0543563579277865 0.029126213592233007
0 0.1750392464678179 0.36695995145631066 0.03021978021978022 0.022754854368932036
0 0.31995682888540034 0.3765169902912621 0.05592621664050236 0.0345873786407767
0 0.31024332810047095 0.3765169902912621 0.07417582417582418 0.0345873786407767
0 0.2300824175824176 0.402002427184466 0.05514128728414443 0.0345873786407767
0 0.22223312401883832 0.3991201456310679 0.06887755102040817 0.034890776699029125
0 0.4599686028257457 0.5091019417475727 0.05416012558869702 0.03822815533980582
0 0.4517268445839875 0.5081917475728155 0.0706436420722135 0.03822815533980582
0 0.2365580847723705 0.372876213592233 0.07280219780219781 0.03640776699029126
0 0.41964285714285715 0.37833737864077666 0.06299058084772372 0.029126213592233007
0 0.37244897959183676 0.37970266990291257 0.026687598116169546 0.0245752427184466
0 0.3663657770800628 0.37924757281553395 0.04003139717425432 0.0345873786407767
0 0.4705651491365777 0.36923543689320387 0.030612244897959186 0.025485436893203883
0 0.2709968602825746 0.3979065533980582 0.023155416012558872 0.03003640776699029
0 0.2980769230769231 0.4023058252427184 0.02786499215070644 0.02973300970873786
0 0.3500784929356358 0.40048543689320387 0.01805337519623234 0.02487864077669903
0 0.34154238618524335 0.4024575242718446 0.037480376766091054 0.0245752427184466
0 0.3347723704866562 0.40518810679611644 0.05102040816326531 0.03731796116504854
0 0.3913854003139718 0.4047330097087378 0.07240973312401884 0.040048543689320384
0 0.4411302982731554 0.4024575242718446 0.03296703296703297 0.0391383495145631
0 0.45702511773940346 0.4013956310679611 0.06004709576138148 0.03762135922330097
0 0.23999215070643642 0.42718446601941745 0.049450549450549455 0.03822815533980582
0 0.30043171114599687 0.4326456310679611 0.06789638932496075 0.03822815533980582
0 0.3680337519623234 0.43173543689320387 0.039050235478806906 0.03640776699029126
0 0.36145996860282575 0.4300667475728155 0.049450549450549455 0.03246359223300971
0 0.4220957613814757 0.42733616504854366 0.04827315541601256 0.03853155339805825
0 0.4168956043956044 0.4312803398058252 0.06102825745682889 0.033677184466019416
0 0.18632260596546313 0.45494538834951453 0.05239403453689168 0.028216019417475726
0 0.4644819466248038 0.42930825242718446 0.031789638932496075 0.0345873786407767
0 0.24136577708006282 0.4523665048543689 0.01883830455259027 0.026092233009708737
0 0.23155416012558871 0.45449029126213586 0.03924646781789639 0.0345873786407767
0 0.2664835164835165 0.4590412621359223 0.03296703296703297 0.032766990291262135
0 0.2920918367346939 0.45449029126213586 0.02374411302982732 0.023665048543689317
0 0.32594191522762955 0.45524878640776695 0.05416012558869702 0.03610436893203883
0 0.3665620094191523 0.45585558252427183 0.023155416012558872 0.022754854368932036
0 0.4099293563579278 0.45646237864077666 0.057692307692307696 0.02336165048543689
0 0.46291208791208793 0.45327669902912615 0.0423861852433281 0.0279126213592233
0 0.17268445839874413 0.4777002427184466 0.04866562009419152 0.040958737864077666
0 0.2207613814756672 0.4777002427184466 0.044348508634222926 0.03549757281553398
0 0.26844583987441134 0.48467839805825236 0.04709576138147567 0.03671116504854369
0 0.3178963893249608 0.4804308252427184 0.05062794348508635 0.028216019417475726
0 0.3692111459968603 0.4827063106796116 0.02688383045525903 0.025485436893203883
0 0.36332417582417587 0.4837682038834951 0.04140502354788069 0.037924757281553395
0 0.4098312401883831 0.48452669902912615 0.028453689167974885 0.032766990291262135
0 0.4036499215070644 0.48225121359223294 0.04395604395604396 0.040958737864077666
0 0.46094976452119313 0.4773968446601941 0.04591836734693878 0.029429611650485434
0 0.4538854003139718 0.4799757281553398 0.06004709576138148 0.03094660194174757
0 0.19279827315541603 0.5095570388349514 0.048861852433281006 0.03549757281553398
0 0.18426216640502355 0.5115291262135921 0.06946624803767662 0.04126213592233009
0 0.26756279434850866 0.5100121359223301 0.05474882260596547 0.032766990291262135
0 0.2573587127158556 0.5104672330097086 0.07672684458398744 0.033677184466019416
0 0.3338893249607536 0.5075849514563107 0.06456043956043957 0.0345873786407767
0 0.3917778649921507 0.5138046116504854 0.05239403453689168 0.03246359223300971
0 0.18779434850863425 0.5391383495145631 0.06004709576138148 0.03640776699029126
0 0.23302590266875983 0.5436893203883495 0.03669544740973313 0.03094660194174757
0 0.27639324960753536 0.540503640776699 0.053571428571428575 0.03549757281553398
0 0.3449764521193093 0.5382281553398057 0.06122448979591837 0.03094660194174757
0 0.33742150706436425 0.5394417475728155 0.07201726844583987 0.040048543689320384
0 0.40924254317111464 0.540503640776699 0.045722135007849295 0.03549757281553398
0 0.40472919937205654 0.540503640776699 0.05239403453689168 0.03731796116504854
0 0.45270800627943486 0.5364077669902912 0.036499215070643645 0.027305825242718445
0 0.17749215070643642 0.5606796116504854 0.0500392464678179 0.03519417475728155
0 0.22664835164835165 0.5629550970873786 0.03885400313971743 0.04338592233009708
0 0.2709968602825746 0.5705400485436892 0.04277864992150707 0.033677184466019416
0 0.34438775510204084 0.5723604368932038 0.062401883830455265 0.03549757281553398
0 0.33437990580847726 0.5728155339805825 0.0847723704866562 0.0345873786407767
0 0.4115973312401884 0.5693264563106796 0.05278649921507065 0.03428398058252427
0 0.40767268445839877 0.5711468446601942 0.06652276295133439 0.031249999999999997
0 0.21771978021978022 0.5929915048543689 0.045722135007849295 0.031249999999999997
0 0.2217425431711146 0.5901092233009708 0.03532182103610675 0.032766990291262135
0 0.18171114599686028 0.594508495145631 0.0282574568288854 0.04156553398058252
0 0.17180141287284145 0.59375 0.04611459968602826 0.043082524271844655
0 0.2923861852433281 0.5995145631067961 0.08673469387755102 0.03337378640776699
0 0.3671507064364207 0.5967839805825242 0.019623233908948195 0.03337378640776699
0 0.4044348508634223 0.598756067961165 0.05729984301412873 0.03246359223300971
0 0.4610478806907379 0.59375 0.03983516483516484 0.03944174757281553
0 0.17445054945054947 0.6212075242718446 0.026687598116169546 0.022754854368932036
0 0.20731946624803768 0.6158980582524272 0.03708791208791209 0.03337378640776699
0 0.24028649921507067 0.6213592233009708 0.03826530612244898 0.037014563106796114
0 0.28836342229199374 0.6251516990291262 0.05788854003139718 0.03246359223300971
0 0.33810832025117743 0.6274271844660194 0.04003139717425432 0.03398058252427184
0 0.3987441130298273 0.6312196601941747 0.03767660910518054 0.03731796116504854
0 0.38873626373626374 0.6280339805825242 0.06004709576138148 0.040048543689320384
0 0.4517268445839875 0.6298543689320388 0.07182103610675039 0.040048543689320384
0 0.17611852433281006 0.6516990291262136 0.06063579277864992 0.047330097087378634
0 0.22821821036106751 0.6465412621359222 0.04591836734693878 0.043082524271844655
0 0.30828100470957615 0.6512439320388349 0.08555729984301413 0.04459951456310679
0 0.378434065934066 0.6571601941747572 0.06652276295133439 0.03822815533980582
0 0.445839874411303 0.6556432038834951 0.07417582417582418 0.04065533980582524
0 0.17062401883830455 0.6823422330097086 0.03708791208791209 0.03094660194174757
0 0.21124411302982732 0.6730885922330097 0.021389324960753534 0.01729368932038835
0 0.20555337519623235 0.6721783980582524 0.035910518053375196 0.026395631067961164
0 0.2819858712715856 0.679004854368932 0.10832025117739404 0.04368932038834951
0 0.3569466248037677 0.6834041262135921 0.04003139717425432 0.02578883495145631
0 0.3946232339089482 0.6858313106796116 0.04003139717425432 0.03731796116504854
0 0.4542778649921507 0.6826456310679611 0.07378335949764521 0.029126213592233007
0 0.16983908948194665 0.7044902912621359 0.027668759811616955 0.027305825242718445
0 0.21585557299843017 0.7022148058252426 0.06357927786499215 0.04277912621359223
0 0.29464285714285715 0.710254854368932 0.09046310832025119 0.035800970873786406
0 0.37029042386185246 0.7163228155339805 0.07182103610675039 0.0345873786407767
0 0.4565345368916798 0.7094963592233009 0.045329670329670335 0.026395631067961164
0 0.44358320251177397 0.7090412621359222 0.07240973312401884 0.025485436893203883
0 0.18602825745682888 0.7311893203883495 0.08241758241758242 0.038834951456310676
0 0.2440149136577708 0.7336165048543689 0.027668759811616955 0.021844660194174755
0 0.28404631083202514 0.7345266990291262 0.0500392464678179 0.03094660194174757
0 0.36813186813186816 0.7412014563106796 0.06554160125588697 0.03398058252427184
0 0.1745486656200942 0.9211165048543688 0.0500392464678179 0.040048543689320384
0 0.3220172684458399 0.7398361650485437 0.029434850863422294 0.029429611650485434
0 0.4722331240188383 0.7368021844660193 0.025313971742543174 0.031856796116504854
0 0.17798273155416014 0.7603155339805825 0.044348508634222926 0.02669902912621359
0 0.2427394034536892 0.7609223300970873 0.08202511773940346 0.032766990291262135
0 0.29935243328100475 0.761377427184466 0.027668759811616955 0.03003640776699029
0 0.38029827315541603 0.7627427184466019 0.08241758241758242 0.03640776699029126
0 0.3685243328100471 0.7636529126213591 0.10596546310832025 0.03094660194174757
0 0.45094191522762955 0.7668385922330097 0.05886970172684459 0.028216019417475726
0 0.18897174254317112 0.784132281553398 0.06475667189952905 0.031856796116504854
0 0.2425431711145997 0.7894417475728155 0.0423861852433281 0.030339805825242715
0 0.3337912087912088 0.7914138349514562 0.09301412872841444 0.040958737864077666
0 0.2757064364207222 0.7918689320388349 0.020800627943485087 0.021844660194174755
0 0.3950156985871272 0.7918689320388349 0.029434850863422294 0.032766990291262135
0 0.4259222919937206 0.7873179611650485 0.027668759811616955 0.027305825242718445
0 0.46055729984301413 0.7876213592233009 0.03532182103610675 0.03398058252427184
0 0.21251962323390897 0.8109830097087378 0.06946624803767662 0.0345873786407767
0 0.20123626373626374 0.8094660194174756 0.09321036106750392 0.03762135922330097
0 0.28640109890109894 0.8121966019417475 0.032378335949764525 0.026092233009708737
0 0.28169152276295134 0.8170509708737863 0.061813186813186816 0.0345873786407767
0 0.3479199372056515 0.8182645631067961 0.07182103610675039 0.03094660194174757
0 0.4424058084772371 0.8209951456310679 0.08300627943485087 0.029126213592233007
0 0.1833791208791209 0.8355582524271844 0.03355572998430142 0.02427184466019417
0 0.21605180533751964 0.8387439320388349 0.029434850863422294 0.028216019417475726
0 0.1760204081632653 0.8387439320388349 0.04827315541601256 0.031856796116504854
0 0.2633437990580848 0.8410194174757281 0.036891679748822605 0.03640776699029126
0 0.2581436420722135 0.8432949029126213 0.048861852433281006 0.0391383495145631
0 0.4657574568288854 0.9244538834951456 0.04768445839874411 0.0345873786407767
0 0.4168956043956044 0.9229368932038834 0.04689952904238619 0.03640776699029126
0 0.3671507064364207 0.9202063106796116 0.052590266875981166 0.03094660194174757
0 0.31083202511773944 0.9239987864077669 0.06357927786499215 0.03853155339805825
0 0.3014128728414443 0.9229368932038834 0.08241758241758242 0.040048543689320384
0 0.24430926216640503 0.9215716019417475 0.029434850863422294 0.03731796116504854
0 0.2387166405023548 0.9230885922330097 0.04768445839874411 0.03307038834951456
0 0.4342621664050236 0.8225121359223301 0.09733124018838304 0.03094660194174757
0 0.17131083202511774 0.8901699029126213 0.029434850863422294 0.025485436893203883
0 0.28365384615384615 0.8983616504854368 0.03669544740973313 0.0345873786407767
0 0.3222135007849294 0.8933555825242717 0.04591836734693878 0.031856796116504854
0 0.22095761381475668 0.8633191747572815 0.033751962323390894 0.033677184466019416
0 0.1783751962323391 0.8614987864077669 0.052982731554160126 0.033677184466019416
0 0.41817111459968603 0.8455703883495145 0.0282574568288854 0.027305825242718445
0 0.45918367346938777 0.8470873786407767 0.05416012558869702 0.032766990291262135
0 0.2819858712715856 0.8658980582524272 0.06004709576138148 0.03519417475728155
0 0.40767268445839877 0.8692354368932038 0.0782967032967033 0.0345873786407767
0 0.3998233908948195 0.8947208737864077 0.06495290423861853 0.03094660194174757
0 0.3894230769230769 0.8942657766990291 0.08653846153846155 0.026395631067961164
0 0.3421310832025118 0.8669599514563106 0.05317896389324961 0.0245752427184466
0 0.3161302982731554 0.8478458737864077 0.06357927786499215 0.03003640776699029
0 0.18504709576138148 0.42627427184466016 0.07142857142857144 0.0424757281553398
0 0.2066326530612245 0.8950242718446602 0.047880690737833596 0.04550970873786407
0 0.6046899529042387 0.08222087378640776 0.04297488226059655 0.032766990291262135
0 0.6509026687598116 0.08631674757281553 0.05886970172684459 0.048240291262135915
0 0.6711145996860283 0.1409283980582524 0.023940345368916798 0.020934466019417473
0 0.8240777080062794 0.17035800970873785 0.06377551020408163 0.03974514563106796
0 0.8196624803767661 0.1700546116504854 0.07496075353218211 0.03731796116504854
0 0.7674646781789639 0.1708131067961165 0.02786499215070644 0.03155339805825243
0 0.7081043956043956 0.17354368932038833 0.05239403453689168 0.029126213592233007
0 0.603806907378336 0.15958737864077668 0.0423861852433281 0.03822815533980582
0 0.6423665620094192 0.18916868932038833 0.07005494505494506 0.03003640776699029
0 0.6305926216640503 0.18825849514563106 0.0912480376766091 0.031856796116504854
0 0.8785321821036107 0.13501213592233008 0.046703296703296704 0.03094660194174757
0 0.6194073783359498 0.1374393203883495 0.07240973312401884 0.03094660194174757
0 0.723901098901099 0.08707524271844659 0.04003139717425432 0.043082524271844655
0 0.7109497645211932 0.08768203883495145 0.06828885400313972 0.04550970873786407
0 0.8522370486656201 0.08540655339805825 0.030612244897959186 0.031856796116504854
0 0.7924843014128728 0.23604368932038833 0.0005886970172684459 0.0
0 0.8111263736263736 0.11453276699029125 0.05160910518053376 0.03549757281553398
0 0.8495879120879122 0.11635315533980581 0.028846153846153848 0.031856796116504854
0 0.8777472527472528 0.11043689320388349 0.029434850863422294 0.029126213592233007
0 0.8242739403453689 0.1418385922330097 0.021781789638932497 0.033677184466019416
0 0.8439952904238619 0.14123179611650485 0.023547880690737835 0.03428398058252427
0 0.7297880690737834 0.14456917475728154 0.06593406593406594 0.040958737864077666
0 0.644721350078493 0.16550364077669902 0.040620094191522765 0.03731796116504854
0 0.6532574568288855 0.16459344660194172 0.05886970172684459 0.03731796116504854
0 0.9113029827315542 0.14381067961165048 0.02119309262166405 0.032766990291262135
0 0.8733320251177394 0.16504854368932037 0.032770800627943485 0.01820388349514563
0 0.9003139717425432 0.16277305825242716 0.01883830455259027 0.026395631067961164
0 0.7922880690737834 0.14456917475728154 0.04179748822605966 0.04035194174757281
0 0.5331632653061225 0.5731189320388349 0.06946624803767662 0.04368932038834951
0 0.5716248037676609 0.6081614077669902 0.04277864992150707 0.01729368932038835
0 0.5396389324960754 0.6067961165048543 0.01883830455259027 0.020024271844660192
0 0.5163854003139717 0.6245449029126213 0.03473312401883831 0.020934466019417473
0 0.5610282574568289 0.6283373786407767 0.05376766091051806 0.02973300970873786
0 0.5583791208791209 0.6450242718446602 0.06063579277864992 0.020024271844660192
0 0.5266875981161696 0.6668689320388349 0.0565149136577708 0.021844660194174755
0 0.5728021978021979 0.6615594660194174 0.034929356357927786 0.02032766990291262
0 0.6116562009419153 0.5638652912621359 0.07967032967032968 0.08222087378640776
0 0.6734693877551021 0.5747876213592232 0.047880690737833596 0.0458131067961165
0 0.7280219780219781 0.5764563106796116 0.05886970172684459 0.03094660194174757
0 0.7818877551020409 0.5732706310679612 0.048861852433281006 0.03731796116504854
0 0.8245682888540032 0.5693264563106796 0.03296703296703297 0.02336165048543689
0 0.894721350078493 0.5673543689320388 0.048469387755102046 0.029126213592233007
0 0.8310439560439561 0.5755461165048543 0.04827315541601256 0.04368932038834951
0 0.8862833594976453 0.5673543689320388 0.06573783359497645 0.03822815533980582
0 0.6098901098901099 0.6049757281553397 0.026687598116169546 0.023665048543689317
0 0.6547291993720565 0.6019417475728155 0.05317896389324961 0.02487864077669903
0 0.7028061224489797 0.6027002427184466 0.042582417582417584 0.021541262135922327
0 0.753434065934066 0.6054308252427184 0.05710361067503925 0.03549757281553398
0 0.7972919937205653 0.6001213592233009 0.02708006279434851 0.023665048543689317
0 0.8365384615384616 0.6010315533980582 0.05062794348508635 0.02487864077669903
0 0.6355965463108321 0.6301577669902912 0.043171114599686033 0.03398058252427184
0 0.6762166405023549 0.6274271844660194 0.036499215070643645 0.03155339805825243
0 0.7506868131868132 0.6286407766990291 0.0641679748822606 0.027305825242718445
0 0.8170133437990581 0.6260618932038834 0.06613029827315542 0.03246359223300971
0 0.8862833594976453 0.6195388349514562 0.06573783359497645 0.023665048543689317
0 0.8943288854003141 0.6199939320388349 0.050431711145996864 0.03003640776699029
0 0.6027276295133438 0.6618628640776698 0.03002354788069074 0.031856796116504854
0 0.66100863422292 0.6582220873786407 0.06495290423861853 0.03731796116504854
0 0.654532967032967 0.6597390776699028 0.07554945054945056 0.03428398058252427
0 0.7184065934065934 0.6579186893203883 0.05102040816326531 0.034890776699029125
0 0.7679552590266876 0.6573118932038834 0.04297488226059655 0.026395631067961164
0 0.801510989010989 0.6516990291262136 0.021781789638932497 0.032766990291262135
0 0.8632260596546312 0.6445691747572815 0.09890109890109891 0.026395631067961164
0 0.6075353218210361 0.688258495145631 0.06161695447409733 0.031856796116504854
0 0.6688579277864992 0.6827973300970873 0.05749607535321821 0.03003640776699029
0 0.715561224489796 0.6878033980582524 0.03473312401883831 0.027305825242718445
0 0.756868131868132 0.6873483009708737 0.0423861852433281 0.031856796116504854
0 0.7917974882260597 0.6850728155339805 0.0282574568288854 0.032766990291262135
0 0.8186813186813188 0.6806735436893203 0.024725274725274728 0.029429611650485434
0 0.8074960753532182 0.6846177184466019 0.059654631083202514 0.034890776699029125
0 0.8649921507064364 0.6788531553398057 0.04199372056514914 0.031249999999999997
0 0.8604788069073784 0.6788531553398057 0.05376766091051806 0.03853155339805825
0 0.9031593406593407 0.6729368932038834 0.02923861852433281 0.028519417475728153
0 0.6289246467817897 0.7125303398058251 0.0859497645211931 0.03671116504854369
0 0.6928963893249608 0.7131371359223301 0.038461538461538464 0.03428398058252427
0 0.7299843014128728 0.7111650485436892 0.036499215070643645 0.03337378640776699
0 0.758732339089482 0.7088895631067961 0.02021193092621664 0.025182038834951456
0 0.800039246467818 0.7105582524271844 0.0565149136577708 0.029126213592233007
0 0.847723704866562 0.7043385922330097 0.036499215070643645 0.027002427184466018
0 0.8895211930926217 0.7014563106796116 0.04709576138147567 0.032766990291262135
0 0.6165620094191523 0.7380157766990291 0.06122448979591837 0.03246359223300971
0 0.6260792778649922 0.7389259708737863 0.042582417582417584 0.031249999999999997
0 0.6704277864992151 0.7408980582524272 0.0445447409733124 0.03822815533980582
0 0.715561224489796 0.7402912621359222 0.03944270015698587 0.0279126213592233
0 0.7592229199372057 0.7368021844660193 0.024725274725274728 0.0245752427184466
0 0.7529434850863422 0.7418082524271844 0.036499215070643645 0.0345873786407767
0 0.7866954474097332 0.7430218446601942 0.03767660910518054 0.02973300970873786
0 0.8518445839874412 0.7277002427184466 0.029434850863422294 0.028216019417475726
0 0.5971350078492936 0.7581917475728155 0.02001569858712716 0.027305825242718445
0 0.6298076923076923 0.7656249999999999 0.043759811616954476 0.029429611650485434
0 0.690149136577708 0.8919902912621358 0.018445839874411302 0.01820388349514563
0 0.6827904238618525 0.7609223300970873 0.027276295133437992 0.025485436893203883
0 0.6770996860282575 0.7616808252427184 0.03983516483516484 0.029429611650485434
0 0.728806907378336 0.7672936893203883 0.049450549450549455 0.03094660194174757
0 0.7844387755102041 0.7645631067961164 0.05828100470957614 0.029126213592233007
0 0.8734301412872842 0.7595570388349514 0.08791208791208792 0.033677184466019416
0 0.8659733124018839 0.7618325242718446 0.10243328100470958 0.03094660194174757
0 0.6196036106750393 0.7895934466019416 0.0260989010989011 0.026395631067961164
0 0.6120486656200942 0.7895934466019416 0.05180533751962324 0.0245752427184466
0 0.6475667189952905 0.7885315533980581 0.02433281004709576 0.03216019417475728
0 0.6891679748822607 0.7927791262135921 0.059262166405023554 0.0345873786407767
0 0.7399921507064364 0.7923240291262135 0.03414442700156986 0.022754854368932036
0 0.7991562009419153 0.7886832524271844 0.04768445839874411 0.0245752427184466
0 0.8547880690737835 0.7854975728155339 0.06122448979591837 0.027305825242718445
0 0.9019819466248038 0.7835254854368932 0.028453689167974885 0.025182038834951456
0 0.6033163265306123 0.8137135922330097 0.03826530612244898 0.03640776699029126
0 0.6804356357927787 0.8214502427184466 0.05160910518053376 0.03549757281553398
0 0.7197802197802198 0.8191747572815533 0.023547880690737835 0.032766990291262135
0 0.7652080062794349 0.8222087378640776 0.03983516483516484 0.03155339805825243
0 0.758732339089482 0.8214502427184466 0.052001569858712716 0.028216019417475726
0 0.8188775510204082 0.8137135922330097 0.02708006279434851 0.025485436893203883
0 0.8094583987441131 0.8173543689320387 0.04591836734693878 0.029126213592233007
0 0.6735675039246468 0.9265776699029126 0.07633437990580848 0.040048543689320384
0 0.5991954474097332 0.8451152912621358 0.028846153846153848 0.028216019417475726
0 0.6271585557299844 0.8414745145631067 0.02590266875981162 0.022754854368932036
0 0.6555141287284145 0.8458737864077669 0.02806122448979592 0.02669902912621359
0 0.7197802197802198 0.8464805825242717 0.06946624803767662 0.027305825242718445
0 0.7130102040816327 0.8458737864077669 0.08457613814756672 0.035800970873786406
0 0.7773744113029828 0.8440533980582523 0.04297488226059655 0.0279126213592233
0 0.7864992150706437 0.8428398058252426 0.02708006279434851 0.029126213592233007
0 0.815934065934066 0.8419296116504854 0.02119309262166405 0.023665048543689317
0 0.790914442700157 0.8431432038834951 0.07476452119309263 0.02973300970873786
0 0.8467425431711146 0.8414745145631067 0.04081632653061225 0.022754854368932036
0 0.6044937205651492 0.8695388349514562 0.03473312401883831 0.019417475728155338
0 0.7490188383045526 0.9232402912621358 0.05023547880690738 0.03216019417475728
0 0.6472723704866562 0.8706007281553397 0.0260989010989011 0.0245752427184466
0 0.671997645211931 0.8713592233009708 0.023351648351648352 0.019417475728155338
0 0.7219387755102041 0.8692354368932038 0.019623233908948195 0.020024271844660192
0 0.8948194662480378 0.8413228155339805 0.036499215070643645 0.026092233009708737
0 0.7488226059654631 0.8754550970873786 0.031789638932496075 0.023968446601941744
0 0.8114207221350079 0.8695388349514562 0.04081632653061225 0.0279126213592233
0 0.799646781789639 0.8695388349514562 0.06436420722135008 0.02427184466019417
0 0.8496860282574569 0.8624089805825242 0.016875981161695447 0.0245752427184466
0 0.8465463108320251 0.8619538834951456 0.026687598116169546 0.023665048543689317
0 0.5959576138147568 0.8983616504854368 0.03532182103610675 0.027305825242718445
0 0.6468799058084773 0.8938106796116504 0.06652276295133439 0.021844660194174755
0 0.6437401883830456 0.8951759708737863 0.02374411302982732 0.020934466019417473
0 0.6671899529042387 0.8944174757281552 0.02590266875981162 0.025485436893203883
0 0.7238029827315542 0.8988167475728155 0.04650706436420722 0.033677184466019416
0 0.7676609105180534 0.8927487864077669 0.04120879120879121 0.02578883495145631
0 0.8100470957613816 0.8969963592233009 0.05062794348508635 0.03003640776699029
0 0.8497841444270016 0.8874393203883494 0.026491365777080063 0.020024271844660192
0 0.5994897959183674 0.9195995145631067 0.02708006279434851 0.02487864077669903
