0 0.1717032967032967 0.08252427184466019 0.030612244897959186 0.0212378640776699
0 0.21350078492935637 0.08343446601941747 0.05376766091051806 0.023058252427184463
0 0.2690345368916798 0.08131067961165048 0.01805337519623234 0.0212378640776699
0 0.293563579277865 0.08646844660194174 0.031789638932496075 0.03640776699029126
0 0.25981161695447413 0.08100728155339805 0.036499215070643645 0.0279126213592233
0 0.3706828885400314 0.08586165048543688 0.04395604395604396 0.032766990291262135
0 0.3294740973312402 0.08282766990291261 0.043171114599686033 0.029126213592233007
0 0.44211145996860285 0.08950242718446601 0.04395604395604396 0.030339805825242715
0 0.4754709576138148 0.09223300970873785 0.022762951334379906 0.037014563106796114
0 0.16581632653061226 0.11680825242718446 0.031397174254317116 0.029126213592233007
0 0.2164442700156986 0.10983009708737863 0.07299843014128729 0.0345873786407767
0 0.3023940345368917 0.11316747572815533 0.05808477237048666 0.03155339805825243
0 0.3473312401883831 0.1095266990291262 0.03257456828885401 0.02427184466019417
0 0.38755886970172687 0.11559466019417475 0.052590266875981166 0.04126213592233009
0 0.43014128728414447 0.11832524271844659 0.03100470957613815 0.03094660194174757
0 0.46938775510204084 0.11438106796116504 0.022370486656200943 0.014563106796116504
0 0.17876766091051807 0.1386529126213592 0.052590266875981166 0.03155339805825243
0 0.23645996860282575 0.1362257281553398 0.03924646781789639 0.02427184466019417
0 0.3010204081632653 0.14108009708737862 0.08830455259026689 0.04126213592233009
0 0.40855572998430145 0.1398665048543689 0.07025117739403454 0.021844660194174755
0 0.462519623233909 0.14229368932038833 0.036891679748822605 0.03155339805825243
0 0.16895604395604397 0.1632281553398058 0.0282574568288854 0.018810679611650484
0 0.2152668759811617 0.1620145631067961 0.04552590266875981 0.0212378640776699
0 0.25608320251177397 0.1708131067961165 0.03296703296703297 0.0279126213592233
0 0.29552590266875983 0.17384708737864077 0.033359497645211934 0.03155339805825243
0 0.3541993720565149 0.16565533980582522 0.059654631083202514 0.020024271844660192
0 0.4156200941915228 0.16686893203883493 0.02786499215070644 0.017597087378640776
0 0.4554552590266876 0.16656553398058252 0.05494505494505495 0.019417475728155338
0 0.20153061224489796 0.19569174757281552 0.06043956043956044 0.03640776699029126
0 0.24352433281004712 0.1987257281553398 0.029827315541601257 0.0279126213592233
0 0.26609105180533754 0.20054611650485435 0.029434850863422294 0.03155339805825243
0 0.30043171114599687 0.19083737864077668 0.04003139717425432 0.025485436893203883
0 0.347723704866562 0.18962378640776698 0.024725274725274728 0.019417475728155338
0 0.39109105180533754 0.1932645631067961 0.029827315541601257 0.01699029126213592
0 0.38127943485086346 0.19265776699029125 0.047880690737833596 0.01820388349514563
0 0.42503924646781793 0.19599514563106796 0.04591836734693878 0.028519417475728153
0 0.17798273155416014 0.21632281553398056 0.049450549450549455 0.02427184466019417
0 0.2240973312401884 0.22633495145631066 0.02708006279434851 0.02973300970873786
0 0.25529827315541603 0.2211771844660194 0.03453689167974883 0.01699029126213592
0 0.28728414442700156 0.21935679611650483 0.028649921507064365 0.01820388349514563
0 0.3012166405023548 0.21935679611650483 0.05729984301412873 0.030339805825242715
0 0.3414442700156986 0.22542475728155337 0.029434850863422294 0.032766990291262135
0 0.3958006279434851 0.22087378640776698 0.06750392464678179 0.03822815533980582
0 0.46291208791208793 0.21389563106796114 0.030612244897959186 0.019417475728155338
0 0.19839089481946626 0.247876213592233 0.0620094191522763 0.03640776699029126
0 0.19191522762951335 0.2503033980582524 0.0773155416012559 0.03398058252427184
0 0.2967032967032967 0.245752427184466 0.059262166405023554 0.023665048543689317
0 0.37146781789638933 0.2481796116504854 0.059654631083202514 0.020024271844660192
0 0.42346938775510207 0.24453883495145629 0.03728414442700157 0.016383495145631068
0 0.4538854003139718 0.2378640776699029 0.023547880690737835 0.0212378640776699
0 0.1717032967032967 0.2785194174757281 0.03453689167974883 0.03337378640776699
0 0.21134222919937207 0.27214805825242716 0.03924646781789639 0.02427184466019417
0 0.2733516483516484 0.27639563106796117 0.06122448979591837 0.021844660194174755
0 0.33182888540031397 0.2779126213592233 0.03532182103610675 0.02487864077669903
0 0.3620486656200942 0.28610436893203883 0.03453689167974883 0.032766990291262135
0 0.3922684458398744 0.27214805825242716 0.0282574568288854 0.02427184466019417
0 0.4342621664050236 0.27275485436893204 0.05337519623233909 0.021844660194174755
0 0.16836734693877553 0.30309466019417475 0.02708006279434851 0.023058252427184463
0 0.2066326530612245 0.30461165048543687 0.03453689167974883 0.02487864077669903
0 0.2437205651491366 0.30006067961165045 0.0380690737833595 0.02669902912621359
0 0.29179748822605966 0.30339805825242716 0.05572998430141288 0.037014563106796114
0 0.3332025117739404 0.310376213592233 0.03257456828885401 0.032766990291262135
0 0.359105180533752 0.3085558252427184 0.022370486656200943 0.02427184466019417
0 0.3883437990580848 0.30036407766990286 0.02904238618524333 0.02245145631067961
0 0.4114992150706437 0.29854368932038833 0.017268445839874413 0.026092233009708737
0 0.43975667189952905 0.2982402912621359 0.03610675039246468 0.023058252427184463
0 0.1948587127158556 0.3364684466019417 0.03924646781789639 0.014563106796116504
0 0.24509419152276296 0.33161407766990286 0.0565149136577708 0.02669902912621359
0 0.29591836734693877 0.3388956310679611 0.04513343799058085 0.032766990291262135
0 0.30278649921507067 0.3410194174757281 0.029827315541601257 0.027305825242718445
0 0.33771585557299844 0.33343446601941745 0.030612244897959186 0.021844660194174755
0 0.364403453689168 0.33131067961165045 0.027472527472527476 0.026092233009708737
0 0.41032182103610676 0.32979368932038833 0.06122448979591837 0.019417475728155338
0 0.17425431711145997 0.36316747572815533 0.03728414442700157 0.03762135922330097
0 0.22586342229199374 0.3674150485436893 0.04395604395604396 0.02669902912621359
0 0.282574568288854 0.36256067961165045 0.028649921507064365 0.019417475728155338
0 0.34085557299843017 0.3607402912621359 0.03296703296703297 0.02427184466019417
0 0.407967032967033 0.36134708737864074 0.07849293563579278 0.038834951456310676
0 0.46605180533751966 0.3555825242718446 0.03767660910518054 0.027305825242718445
0 0.1666012558869702 0.38834951456310673 0.02433281004709576 0.020024271844660192
0 0.18956043956043958 0.3907766990291262 0.021585557299843017 0.020024271844660192
0 0.23135792778649922 0.397754854368932 0.05180533751962324 0.029126213592233007
0 0.298861852433281 0.39290048543689315 0.047880690737833596 0.02427184466019417
0 0.3498822605965463 0.3932038834951456 0.05023547880690738 0.0345873786407767
0 0.38775510204081637 0.3965412621359223 0.03100470957613815 0.03155339805825243
0 0.45859497645211933 0.39168689320388345 0.038461538461538464 0.02669902912621359
0 0.42150706436420726 0.3886529126213592 0.039638932496075356 0.020631067961165046
0 0.1826923076923077 0.42324029126213586 0.023547880690737835 0.03155339805825243
0 0.22036891679748824 0.4141383495145631 0.020408163265306124 0.025485436893203883
0 0.21271585557299844 0.41504854368932037 0.03571428571428572 0.02487864077669903
0 0.2815934065934066 0.42081310679611644 0.05023547880690738 0.01820388349514563
0 0.33653846153846156 0.42718446601941745 0.026687598116169546 0.0345873786407767
0 0.3691130298273156 0.4186893203883495 0.03532182103610675 0.0212378640776699
0 0.4142464678178964 0.42263349514563103 0.07535321821036108 0.038834951456310676
0 0.16797488226059656 0.45297330097087374 0.052982731554160126 0.032766990291262135
0 0.21801412872841447 0.4535800970873786 0.031397174254317116 0.029126213592233007
0 0.25961538461538464 0.4487257281553398 0.05180533751962324 0.021844660194174755
0 0.29768445839874413 0.4456917475728155 0.023547880690737835 0.021844660194174755
0 0.3492935635792779 0.45388349514563103 0.039638932496075356 0.02973300970873786
0 0.38991365777080067 0.44387135922330095 0.03767660910518054 0.02427184466019417
0 0.4395604395604396 0.4535800970873786 0.03414442700156986 0.03398058252427184
0 0.4686028257456829 0.44205097087378636 0.026295133437990583 0.013349514563106795
0 0.19740973312401885 0.4778519417475728 0.0859497645211931 0.029126213592233007
0 0.29591836734693877 0.4811893203883495 0.08281004709576138 0.03337378640776699
0 0.364795918367347 0.4748179611650485 0.04866562009419152 0.01820388349514563
0 0.4154238618524333 0.47299757281553395 0.05572998430141288 0.02669902912621359
0 0.16797488226059656 0.49908980582524265 0.031789638932496075 0.025485436893203883
0 0.23410518053375198 0.5106189320388349 0.04003139717425432 0.03155339805825243
0 0.22782574568288855 0.5115291262135921 0.052590266875981166 0.03094660194174757
0 0.2780612244897959 0.5151699029126213 0.031397174254317116 0.03216019417475728
0 0.304552590266876 0.5157766990291262 0.02786499215070644 0.03216019417475728
0 0.33791208791208793 0.5057645631067961 0.04120879120879121 0.02669902912621359
0 0.38873626373626374 0.5045509708737863 0.02590266875981162 0.023058252427184463
0 0.4217032967032967 0.5051577669902912 0.04003139717425432 0.0279126213592233
0 0.4619309262166405 0.5042475728155339 0.0380690737833595 0.0212378640776699
0 0.16365777080062796 0.529126213592233 0.021585557299843017 0.027305825242718445
0 0.21997645211930927 0.5388349514563107 0.08712715855572999 0.04065533980582524
0 0.30160910518053374 0.5361043689320388 0.06985871271585557 0.02427184466019417
0 0.37146781789638933 0.5449029126213591 0.041601255886970175 0.03337378640776699
0 0.3651883830455259 0.5430825242718446 0.05416012558869702 0.037014563106796114
0 0.41817111459968603 0.5361043689320388 0.05886970172684459 0.03398058252427184
0 0.4633045525902669 0.5403519417475727 0.03218210361067504 0.02669902912621359
0 0.17013343799058087 0.5579490291262136 0.03296703296703297 0.025485436893203883
0 0.21781789638932497 0.5637135922330097 0.05847723704866562 0.037014563106796114
0 0.30847723704866564 0.5652305825242718 0.07653061224489796 0.030339805825242715
0 0.407574568288854 0.5640169902912621 0.044740973312401885 0.025485436893203883
0 0.3673469387755102 0.5646237864077669 0.0380690737833595 0.021844660194174755
0 0.46369701726844587 0.5634101941747572 0.026687598116169546 0.01699029126213592
0 0.18112244897959184 0.5967839805825242 0.05180533751962324 0.032766990291262135
0 0.22978806907378338 0.5940533980582524 0.04866562009419152 0.02245145631067961
0 0.26785714285714285 0.6034587378640777 0.03218210361067504 0.02669902912621359
0 0.2925824175824176 0.5961771844660194 0.02197802197802198 0.01699029126213592
0 0.353806907378336 0.5970873786407767 0.05808477237048666 0.03094660194174757
0 0.34321036106750397 0.5973907766990291 0.08006279434850865 0.029126213592233007
0 0.40208006279434855 0.5913228155339806 0.03218210361067504 0.02669902912621359
0 0.4472135007849294 0.5931432038834951 0.059654631083202514 0.03398058252427184
0 0.19289638932496075 0.6243932038834951 0.05180533751962324 0.03337378640776699
0 0.2564756671899529 0.6265169902912621 0.04866562009419152 0.019417475728155338
0 0.29984301412872844 0.6325849514563107 0.03100470957613815 0.029126213592233007
0 0.33555729984301413 0.6253033980582524 0.036499215070643645 0.019417475728155338
0 0.37480376766091056 0.6319781553398057 0.059262166405023554 0.040048543689320384
0 0.445839874411303 0.618628640776699 0.02786499215070644 0.01699029126213592
0 0.46703296703296704 0.6234830097087378 0.02708006279434851 0.0279126213592233
0 0.1979984301412873 0.6556432038834951 0.05729984301412873 0.038834951456310676
0 0.23881475667189955 0.6595873786407767 0.036891679748822605 0.03216019417475728
0 0.2760989010989011 0.6595873786407767 0.03767660910518054 0.03216019417475728
0 0.30612244897959184 0.6529126213592232 0.021585557299843017 0.02245145631067961
0 0.33987441130298274 0.6589805825242718 0.04199372056514914 0.0345873786407767
0 0.37833594976452123 0.6611043689320388 0.05062794348508635 0.0424757281553398
0 0.44211145996860285 0.647754854368932 0.07456828885400314 0.030339805825242715
0 0.2176216640502355 0.6820388349514562 0.08791208791208792 0.037014563106796114
0 0.28100470957613816 0.681128640776699 0.034929356357927786 0.021844660194174755
0 0.3557692307692308 0.6896237864077669 0.0847723704866562 0.032766990291262135
0 0.4187598116169545 0.6926577669902912 0.052982731554160126 0.03398058252427184
0 0.18426216640502355 0.7214805825242718 0.08241758241758242 0.03944174757281553
0 0.24941130298273156 0.7105582524271844 0.03218210361067504 0.017597087378640776
0 0.29179748822605966 0.716626213592233 0.049450549450549455 0.0345873786407767
0 0.35753532182103615 0.716626213592233 0.04042386185243328 0.018810679611650484
0 0.39952904238618525 0.7132888349514562 0.04199372056514914 0.025485436893203883
0 0.4538854003139718 0.7093446601941747 0.04395604395604396 0.02487864077669903
0 0.1803375196232339 0.7475728155339805 0.07535321821036108 0.03822815533980582
0 0.23901098901098902 0.7366504854368932 0.03885400313971743 0.020024271844660192
0 0.27649136577708006 0.7381674757281553 0.03453689167974883 0.020631067961165046
0 0.3282967032967033 0.7405946601941747 0.06750392464678179 0.021844660194174755
0 0.4024725274725275 0.7405946601941747 0.04552590266875981 0.02427184466019417
0 0.4582025117739404 0.7363470873786407 0.0282574568288854 0.023058252427184463
0 0.18092621664050237 0.7691140776699028 0.036499215070643645 0.020631067961165046
0 0.21212715855573 0.7776092233009708 0.03610675039246468 0.03519417475728155
0 0.2690345368916798 0.7694174757281552 0.04866562009419152 0.020024271844660192
0 0.31063579277864994 0.7718446601941746 0.02904238618524333 0.017597087378640776
0 0.34674254317111464 0.7682038834951456 0.03610675039246468 0.02487864077669903
0 0.39521193092621665 0.7800364077669902 0.08124018838304553 0.03519417475728155
0 0.4554552590266876 0.774271844660194 0.05337519623233909 0.04065533980582524
0 0.16287284144427003 0.8079490291262135 0.03414442700156986 0.03398058252427184
0 0.18936420722135008 0.7985436893203883 0.02197802197802198 0.016383495145631068
0 0.25804552590266877 0.7994538834951456 0.06514913657770802 0.02427184466019417
0 0.30160910518053374 0.8000606796116504 0.02197802197802198 0.02427184466019417
0 0.35518053375196235 0.8091626213592232 0.08359497645211932 0.038834951456310676
0 0.44230769230769235 0.7985436893203883 0.06946624803767662 0.04550970873786407
0 0.1815149136577708 0.826759708737864 0.05494505494505495 0.0279126213592233
0 0.23332025117739405 0.8279733009708737 0.04709576138147567 0.02669902912621359
0 0.28787284144427006 0.8294902912621358 0.06122448979591837 0.02487864077669903
0 0.35086342229199374 0.8422330097087378 0.0521978021978022 0.03094660194174757
0 0.3950156985871272 0.8391990291262135 0.03610675039246468 0.02973300970873786
0 0.44427001569858715 0.8334344660194174 0.06789638932496075 0.029126213592233007
0 0.21134222919937207 0.860133495145631 0.09890109890109891 0.038834951456310676
0 0.28335949764521196 0.8662014563106796 0.03885400313971743 0.03640776699029126
0 0.3353610675039247 0.8698422330097086 0.0565149136577708 0.03640776699029126
0 0.4209183673469388 0.8698422330097086 0.1130298273155416 0.038834951456310676
0 0.16601255886970173 0.8789441747572815 0.020800627943485087 0.02669902912621359
0 0.18975667189952905 0.8783373786407767 0.02590266875981162 0.02669902912621359
0 0.2164442700156986 0.8856189320388349 0.02433281004709576 0.021844660194174755
0 0.24862637362637363 0.8856189320388349 0.036891679748822605 0.02669902912621359
0 0.29218995290423866 0.8883495145631067 0.04866562009419152 0.02245145631067961
0 0.364403453689168 0.8910800970873786 0.10518053375196233 0.04126213592233009
0 0.4450549450549451 0.8922936893203882 0.03885400313971743 0.0279126213592233
0 0.25058869701726844 0.9171723300970873 0.05180533751962324 0.02427184466019417
0 0.3139717425431711 0.9180825242718446 0.028649921507064365 0.026092233009708737
0 0.3434065934065934 0.9308252427184465 0.03728414442700157 0.0345873786407767
0 0.4014913657770801 0.9256674757281552 0.05376766091051806 0.03398058252427184
0 0.6395211930926217 0.09921116504854369 0.09654631083202513 0.04126213592233009
0 0.7262558869701727 0.08768203883495145 0.03924646781789639 0.023058252427184463
0 0.756868131868132 0.08707524271844659 0.01883830455259027 0.021844660194174755
0 0.7788461538461539 0.08586165048543688 0.02511773940345369 0.02427184466019417
0 0.8304552590266876 0.09223300970873785 0.07103610675039247 0.03216019417475728
0 0.8944270015698588 0.08616504854368931 0.051412872841444274 0.02487864077669903
0 0.6430533751962324 0.14290048543689318 0.09890109890109891 0.04126213592233009
0 0.7256671899529042 0.14290048543689318 0.024725274725274728 0.021844660194174755
0 0.7152668759811618 0.14229368932038833 0.04552590266875981 0.0279126213592233
0 0.767072213500785 0.14350728155339804 0.020408163265306124 0.023058252427184463
0 0.8259419152276296 0.15078883495145629 0.07692307692307693 0.032766990291262135
0 0.7154631083202512 0.11195388349514562 0.02708006279434851 0.023058252427184463
0 0.7845368916797488 0.1162014563106796 0.11185243328100472 0.021844660194174755
0 0.8023940345368917 0.11559466019417475 0.07535321821036108 0.023058252427184463
0 0.8769623233908949 0.11680825242718446 0.06436420722135008 0.030339805825242715
0 0.8871664050235479 0.1386529126213592 0.04081632653061225 0.020631067961165046
0 0.9197409733124019 0.14290048543689318 0.03218210361067504 0.02669902912621359
0 0.6173469387755103 0.16231796116504854 0.034929356357927786 0.01699029126213592
0 0.6524725274725275 0.1653519417475728 0.03453689167974883 0.01699029126213592
0 0.6979984301412874 0.1699029126213592 0.05494505494505495 0.026092233009708737
0 0.7531397174254317 0.1774878640776699 0.06475667189952905 0.030339805825242715
0 0.8125981161695448 0.1720266990291262 0.03610675039246468 0.021844660194174755
0 0.8604788069073784 0.16899271844660194 0.03767660910518054 0.02427184466019417
0 0.8561616954474098 0.1686893203883495 0.046310832025117744 0.026092233009708737
0 0.8993328100470959 0.17141990291262135 0.022762951334379906 0.02427184466019417
0 0.9226844583987441 0.16049757281553398 0.02708006279434851 0.021844660194174755
0 0.6159733124018839 0.18962378640776698 0.02119309262166405 0.019417475728155338
0 0.6614992150706437 0.1932645631067961 0.06828885400313972 0.02427184466019417
0 0.7176216640502355 0.1935679611650485 0.01883830455259027 0.023665048543689317
0 0.7513736263736264 0.19629854368932037 0.05180533751962324 0.0279126213592233
0 0.8275117739403454 0.19508495145631066 0.029827315541601257 0.020631067961165046
0 0.854591836734694 0.19933252427184464 0.02904238618524333 0.03155339805825243
0 0.8958006279434851 0.19083737864077668 0.05494505494505495 0.019417475728155338
0 0.6118524332810047 0.21601941747572814 0.026295133437990583 0.0212378640776699
0 0.6603218210361068 0.2257281553398058 0.05180533751962324 0.03822815533980582
0 0.7042778649921507 0.2299757281553398 0.04552590266875981 0.03337378640776699
0 0.745094191522763 0.22967233009708735 0.04081632653061225 0.029126213592233007
0 0.7874803767660911 0.22663834951456308 0.0423861852433281 0.02427184466019417
0 0.8567503924646782 0.22390776699029125 0.07025117739403454 0.03094660194174757
0 0.9095368916797488 0.22421116504854366 0.04709576138147567 0.03519417475728155
0 0.6124411302982732 0.2424150485436893 0.031397174254317116 0.019417475728155338
0 0.653061224489796 0.25455097087378636 0.046703296703296704 0.0279126213592233
0 0.6925039246467818 0.2612257281553398 0.03453689167974883 0.03398058252427184
0 0.7301805337519623 0.2490898058252427 0.023547880690737835 0.01699029126213592
0 0.755690737833595 0.2524271844660194 0.022762951334379906 0.018810679611650484
0 0.8029827315541602 0.2569781553398058 0.06868131868131869 0.032766990291262135
0 0.8961930926216641 0.2515169902912621 0.08084772370486656 0.03398058252427184
0 0.6157770800627944 0.27093446601941745 0.04120879120879121 0.019417475728155338
0 0.6489403453689169 0.2818567961165048 0.0282574568288854 0.03155339805825243
0 0.6948587127158556 0.2800364077669903 0.06436420722135008 0.030339805825242715
0 0.6817111459968603 0.2818567961165048 0.09379905808477237 0.03155339805825243
0 0.7539246467817897 0.2797330097087378 0.05376766091051806 0.03216019417475728
0 0.8137755102040817 0.28458737864077666 0.06907378335949765 0.03094660194174757
0 0.8722527472527473 0.2824635922330097 0.06279434850863423 0.046116504854368925
0 0.6355965463108321 0.30157766990291257 0.05729984301412873 0.03094660194174757
0 0.7097723704866562 0.3058252427184466 0.07535321821036108 0.023665048543689317
0 0.8063186813186813 0.3115898058252427 0.05808477237048666 0.03640776699029126
0 0.8675431711145998 0.30188106796116504 0.04552590266875981 0.020631067961165046
0 0.9097331240188383 0.2945995145631068 0.04042386185243328 0.02669902912621359
0 0.6130298273155417 0.33100728155339804 0.04120879120879121 0.03640776699029126
0 0.679945054945055 0.32918689320388345 0.09419152276295134 0.03398058252427184
0 0.756868131868132 0.3376820388349514 0.05337519623233909 0.01699029126213592
0 0.8133830455259027 0.3407160194174757 0.06985871271585557 0.0424757281553398
0 0.8714678178963894 0.32979368932038833 0.04709576138147567 0.030339805825242715
0 0.9150313971742544 0.3282766990291262 0.03924646781789639 0.03337378640776699
0 0.6126373626373627 0.35103155339805825 0.03100470957613815 0.021844660194174755
0 0.6662087912087913 0.3549757281553398 0.0565149136577708 0.028519417475728153
0 0.7425431711145998 0.36438106796116504 0.02001569858712716 0.03398058252427184
0 0.7152668759811618 0.3577063106796116 0.03767660910518054 0.02669902912621359
0 0.7796310832025118 0.36316747572815533 0.0282574568288854 0.021844660194174755
0 0.8063186813186813 0.3731796116504854 0.03532182103610675 0.035800970873786406
0 0.853806907378336 0.35800970873786403 0.029827315541601257 0.018810679611650484
0 0.8854003139717426 0.3537621359223301 0.03257456828885401 0.026092233009708737
0 0.919348508634223 0.3577063106796116 0.033751962323390894 0.03398058252427184
0 0.6301020408163266 0.3831917475728155 0.03767660910518054 0.030339805825242715
0 0.6616954474097332 0.38167475728155337 0.024725274725274728 0.023665048543689317
0 0.6866169544740973 0.3850121359223301 0.02511773940345369 0.02669902912621359
0 0.756868131868132 0.39168689320388345 0.07299843014128729 0.023058252427184463
0 0.8124018838304553 0.3880461165048543 0.031789638932496075 0.025485436893203883
0 0.8508634222919937 0.39259708737864074 0.04199372056514914 0.04186893203883495
0 0.9052197802197802 0.3874393203883495 0.06357927786499215 0.03155339805825243
0 0.640894819466248 0.42172330097087374 0.062401883830455265 0.03216019417475728
0 0.708006279434851 0.4180825242718446 0.026295133437990583 0.020024271844660192
0 0.734497645211931 0.4132281553398058 0.023547880690737835 0.02487864077669903
0 0.8059262166405023 0.4171723300970873 0.059654631083202514 0.01820388349514563
0 0.7611852433281006 0.41504854368932037 0.03296703296703297 0.0212378640776699
0 0.8589089481946626 0.42445388349514557 0.052590266875981166 0.03762135922330097
0 0.9095368916797488 0.40837378640776695 0.04866562009419152 0.023665048543689317
0 0.6112637362637363 0.43962378640776695 0.02511773940345369 0.014563106796116504
0 0.646585557299843 0.4444781553398058 0.03610675039246468 0.029126213592233007
0 0.7062401883830456 0.44508495145631066 0.0423861852433281 0.030339805825242715
0 0.7187990580847724 0.4469053398058252 0.06750392464678179 0.029126213592233007
0 0.7619701726844584 0.4432645631067961 0.02197802197802198 0.01699029126213592
0 0.7849293563579278 0.44083737864077666 0.023940345368916798 0.01699029126213592
0 0.8067111459968603 0.4456917475728155 0.020408163265306124 0.01699029126213592
0 0.8487048665620095 0.44508495145631066 0.033751962323390894 0.023058252427184463
0 0.896585557299843 0.4347694174757281 0.02590266875981162 0.019417475728155338
0 0.9260204081632654 0.4359830097087378 0.020408163265306124 0.01699029126213592
0 0.6155808477237049 0.4638956310679611 0.036891679748822605 0.02427184466019417
0 0.6720957613814758 0.4690533980582524 0.05886970172684459 0.02487864077669903
0 0.7207613814756673 0.4657160194174757 0.02119309262166405 0.01820388349514563
0 0.7439167974882261 0.46632281553398053 0.022762951334379906 0.015776699029126214
0 0.7825745682888541 0.47390776699029125 0.02786499215070644 0.028519417475728153
0 0.8098508634222921 0.4681432038834951 0.026687598116169546 0.013349514563106795
0 0.8200549450549451 0.47421116504854366 0.04709576138147567 0.025485436893203883
0 0.9001177394034537 0.4632888349514563 0.0282574568288854 0.01820388349514563
0 0.6163657770800628 0.48634708737864074 0.01805337519623234 0.020631067961165046
0 0.658359497645212 0.48604368932038833 0.06593406593406594 0.020024271844660192
0 0.7193877551020409 0.48725728155339804 0.04513343799058085 0.0212378640776699
0 0.7647174254317112 0.48756067961165045 0.046310832025117744 0.020631067961165046
0 0.8222135007849294 0.48756067961165045 0.0663265306122449 0.021844660194174755
0 0.8718602825745684 0.48513349514563103 0.031397174254317116 0.01820388349514563
0 0.9009026687598116 0.48209951456310673 0.026687598116169546 0.021844660194174755
0 0.924646781789639 0.48209951456310673 0.023155416012558872 0.021844660194174755
0 0.6069466248037677 0.5224514563106796 0.038461538461538464 0.02973300970873786
0 0.6434458398744113 0.5100121359223301 0.03767660910518054 0.02669902912621359
0 0.7060439560439561 0.5100121359223301 0.0521978021978022 0.01699029126213592
0 0.8078885400313972 0.5154733009708737 0.01805337519623234 0.0279126213592233
0 0.8502747252747254 0.518507281553398 0.02904238618524333 0.02669902912621359
0 0.9146389324960754 0.5191140776699029 0.04081632653061225 0.030339805825242715
0 0.6171507064364208 0.5373179611650485 0.041601255886970175 0.023058252427184463
0 0.6748430141287285 0.5315533980582524 0.017268445839874413 0.027305825242718445
0 0.7064364207221351 0.5415655339805825 0.04277864992150707 0.029126213592233007
0 0.7498037676609106 0.5430825242718446 0.041601255886970175 0.037014563106796114
0 0.8074960753532182 0.5379247572815533 0.0706436420722135 0.02427184466019417
0 0.853414442700157 0.5339805825242718 0.01805337519623234 0.02245145631067961
0 0.8759811616954475 0.5345873786407767 0.023940345368916798 0.023665048543689317
0 0.9142464678178964 0.5382281553398057 0.04081632653061225 0.0212378640776699
0 0.6112637362637363 0.5676577669902912 0.05023547880690738 0.030339805825242715
0 0.6516875981161696 0.5570388349514562 0.022762951334379906 0.028519417475728153
0 0.6740580847723705 0.5588592233009708 0.02511773940345369 0.026092233009708737
0 0.7199764521193093 0.5652305825242718 0.06671899529042387 0.020631067961165046
0 0.7733516483516484 0.5722087378640777 0.04395604395604396 0.028519417475728153
0 0.8100470957613816 0.5706917475728155 0.04199372056514914 0.03155339805825243
0 0.9075745682888541 0.5609830097087378 0.05180533751962324 0.020631067961165046
0 0.6265698587127159 0.5834344660194174 0.05886970172684459 0.02427184466019417
0 0.6764128728414444 0.587378640776699 0.01883830455259027 0.020024271844660192
0 0.7064364207221351 0.5879854368932038 0.04199372056514914 0.017597087378640776
0 0.7582417582417583 0.5913228155339806 0.020800627943485087 0.02427184466019417
0 0.8296703296703297 0.5864684466019418 0.04356357927786499 0.014563106796116504
0 0.8691130298273156 0.5816140776699028 0.014913657770800628 0.019417475728155338
0 0.890894819466248 0.5822208737864077 0.025510204081632654 0.020631067961165046
0 0.9199372056514914 0.5816140776699028 0.029434850863422294 0.019417475728155338
0 0.6124411302982732 0.6140776699029126 0.04709576138147567 0.02245145631067961
0 0.647370486656201 0.6192354368932038 0.030612244897959186 0.02669902912621359
0 0.7058477237048666 0.6137742718446602 0.07456828885400314 0.025485436893203883
0 0.7894427001569859 0.6098300970873786 0.06122448979591837 0.02245145631067961
0 0.8416405023547882 0.6074029126213591 0.033751962323390894 0.0212378640776699
0 0.8844191522762952 0.6061893203883495 0.02197802197802198 0.023665048543689317
0 0.9160125588697018 0.6034587378640777 0.04042386185243328 0.02427184466019417
0 0.6189167974882261 0.6368325242718446 0.04905808477237049 0.01699029126213592
0 0.6540423861852434 0.6441140776699028 0.030612244897959186 0.0279126213592233
0 0.6858320251177394 0.6365291262135921 0.03296703296703297 0.026092233009708737
0 0.7356750392464678 0.6353155339805825 0.03218210361067504 0.023665048543689317
0 0.8029827315541602 0.6374393203883495 0.04042386185243328 0.03398058252427184
0 0.8593014128728415 0.6316747572815533 0.04395604395604396 0.026092233009708737
0 0.9201334379905809 0.6289441747572815 0.033751962323390894 0.021844660194174755
0 0.6167582417582418 0.6617111650485437 0.04081632653061225 0.019417475728155338
0 0.679945054945055 0.6717233009708737 0.06671899529042387 0.03337378640776699
0 0.7352825745682889 0.6604975728155339 0.03924646781789639 0.021844660194174755
0 0.771978021978022 0.6611043689320388 0.034929356357927786 0.025485436893203883
0 0.821624803767661 0.6571601941747572 0.03610675039246468 0.018810679611650484
0 0.8885400313971743 0.6483616504854368 0.023155416012558872 0.01699029126213592
0 0.6332417582417583 0.6847694174757281 0.07535321821036108 0.02427184466019417
0 0.7242935635792779 0.6856796116504854 0.05102040816326531 0.02245145631067961
0 0.788657770800628 0.6799150485436892 0.04709576138147567 0.019417475728155338
0 0.8341836734693878 0.6750606796116504 0.03767660910518054 0.021844660194174755
0 0.8695054945054945 0.6732402912621359 0.03296703296703297 0.020631067961165046
0 0.8961930926216641 0.6702063106796116 0.02197802197802198 0.019417475728155338
0 0.9217032967032968 0.6659587378640777 0.02433281004709576 0.023058252427184463
0 0.6255886970172685 0.7093446601941747 0.019230769230769232 0.02245145631067961
0 0.680729984301413 0.7105582524271844 0.02590266875981162 0.018810679611650484
0 0.7152668759811618 0.7099514563106796 0.04866562009419152 0.028519417475728153
0 0.7843406593406594 0.7057038834951456 0.05102040816326531 0.02487864077669903
0 0.8392857142857143 0.7096480582524272 0.076138147566719 0.032766990291262135
0 0.8910910518053375 0.6975121359223301 0.03532182103610675 0.020631067961165046
0 0.923861852433281 0.6902305825242718 0.024725274725274728 0.02427184466019417
0 0.6147959183673469 0.7345266990291262 0.03453689167974883 0.02427184466019417
0 0.668563579277865 0.7369538834951456 0.05180533751962324 0.019417475728155338
0 0.7209576138147568 0.7284587378640776 0.017660910518053376 0.021844660194174755
0 0.7427394034536892 0.7290655339805825 0.026687598116169546 0.023058252427184463
0 0.7851255886970173 0.7327063106796116 0.05572998430141288 0.023058252427184463
0 0.8304552590266876 0.7251213592233009 0.033359497645211934 0.018810679611650484
0 0.8628335949764522 0.7236043689320387 0.02904238618524333 0.01699029126213592
0 0.9063971742543172 0.7205703883495145 0.059654631083202514 0.015776699029126214
0 0.6155808477237049 0.7654733009708737 0.043171114599686033 0.0279126213592233
0 0.6638540031397174 0.762135922330097 0.03218210361067504 0.016383495145631068
0 0.7135007849293564 0.7560679611650485 0.02786499215070644 0.016383495145631068
0 0.7686420722135008 0.7563713592233009 0.05416012558869702 0.02669902912621359
0 0.7619701726844584 0.7578883495145631 0.06750392464678179 0.027305825242718445
0 0.8153453689167975 0.7503033980582524 0.01883830455259027 0.023058252427184463
0 0.8461538461538463 0.7521237864077669 0.04591836734693878 0.01699029126213592
0 0.9042386185243328 0.7506067961165048 0.04199372056514914 0.026092233009708737
0 0.6352040816326531 0.7842839805825242 0.047880690737833596 0.01699029126213592
0 0.9114992150706437 0.7991504854368932 0.044740973312401885 0.026092233009708737
0 0.18072998430141288 0.9171723300970873 0.06985871271585557 0.04126213592233009
