0 0.19240580847723707 0.11544296116504853 0.07044740973312402 0.03731796116504854
0 0.2428375196232339 0.11347087378640776 0.03002354788069074 0.030339805825242715
0 0.26785714285714285 0.10254854368932038 0.017660910518053376 0.026092233009708737
0 0.30396389324960754 0.11347087378640776 0.06554160125588697 0.03216019417475728
0 0.33712715855573 0.16899271844660194 0.0003924646781789639 0.0006067961165048543
0 0.37509811616954475 0.09966626213592232 0.07083987441130299 0.026395631067961164
0 0.423861852433281 0.0961771844660194 0.02708006279434851 0.028519417475728153
0 0.44878335949764525 0.09359830097087378 0.022370486656200943 0.028216019417475726
0 0.4745879120879121 0.10406553398058252 0.03316326530612245 0.03640776699029126
0 0.18180926216640503 0.13121966019417475 0.02374411302982732 0.02032766990291262
0 0.22311616954474098 0.13121966019417475 0.052982731554160126 0.030643203883495142
0 0.26422684458398743 0.13395024271844658 0.024921507064364207 0.01486650485436893
0 0.29768445839874413 0.12803398058252427 0.038461538461538464 0.0279126213592233
0 0.40571036106750397 0.13121966019417475 0.17327315541601257 0.031249999999999997
0 0.49028649921507067 0.1316747572815534 0.009222919937205651 0.028519417475728153
0 0.21664050235478807 0.16520024271844658 0.09183673469387756 0.033677184466019416
0 0.2791405023547881 0.15716019417475727 0.03198587127158556 0.0212378640776699
0 0.2949372056514914 0.16899271844660194 0.013343799058084773 0.023058252427184463
0 0.3165227629513344 0.15822208737864077 0.03100470957613815 0.020934466019417473
0 0.3585164835164835 0.1630764563106796 0.05533751962323391 0.027609223300970872
0 0.4034536891679749 0.16580703883495143 0.03414442700156986 0.027609223300970872
0 0.4398547880690738 0.15761529126213591 0.03669544740973313 0.017900485436893203
0 0.476157770800628 0.15958737864077668 0.03669544740973313 0.02427184466019417
0 0.20673076923076925 0.1911407766990291 0.07358712715855574 0.029126213592233007
0 0.26658163265306123 0.18492111650485435 0.03865777080062795 0.02032766990291262
0 0.31877943485086346 0.1878033980582524 0.059850863422292 0.01820388349514563
0 0.3567503924646782 0.18492111650485435 0.02001569858712716 0.02032766990291262
0 0.3906985871271586 0.183252427184466 0.046703296703296704 0.023665048543689317
0 0.42847331240188385 0.19068567961165048 0.03826530612244898 0.03003640776699029
0 0.4707613814756672 0.18173543689320387 0.04552590266875981 0.019417475728155338
0 0.18357535321821036 0.20828276699029125 0.029631083202511777 0.028216019417475726
0 0.20457221350078494 0.2179915048543689 0.012362637362637364 0.028216019417475726
0 0.23626373626373628 0.21632281553398056 0.04748822605965464 0.02973300970873786
0 0.2667778649921507 0.21814320388349512 0.013540031397174255 0.030339805825242715
0 0.30523940345368916 0.21222694174757278 0.06299058084772372 0.03610436893203883
0 0.3656789638932496 0.21374393203883493 0.047291993720565154 0.031856796116504854
0 0.39393642072213503 0.214502427184466 0.011970172684458399 0.02427184466019417
0 0.43043563579277866 0.21025485436893201 0.060243328100470964 0.0345873786407767
0 0.4766483516483517 0.21040655339805822 0.03257456828885401 0.025182038834951456
0 0.18818681318681318 0.23528519417475727 0.044740973312401885 0.022754854368932036
0 0.22213500784929358 0.23209951456310676 0.01805337519623234 0.01820388349514563
0 0.242052590266876 0.23407160194174756 0.02295918367346939 0.021541262135922327
0 0.26844583987441134 0.2399878640776699 0.02590266875981162 0.019417475728155338
0 0.30994897959183676 0.2399878640776699 0.05710361067503925 0.0279126213592233
0 0.3639128728414443 0.2413531553398058 0.04493720565149137 0.027609223300970872
0 0.4142464678178964 0.23847087378640774 0.04866562009419152 0.027305825242718445
0 0.44427001569858715 0.23953276699029125 0.01098901098901099 0.025182038834951456
0 0.4709576138147567 0.23498179611650483 0.04552590266875981 0.030643203883495142
0 0.18612637362637363 0.26865898058252424 0.04415227629513344 0.02578883495145631
0 0.22419544740973313 0.26077063106796117 0.02806122448979592 0.01911407766990291
0 0.24941130298273156 0.2591019417475728 0.024725274725274728 0.0212378640776699
0 0.27286106750392464 0.25849514563106796 0.02413657770800628 0.021844660194174755
0 0.3070054945054945 0.2612257281553398 0.042189952904238624 0.020024271844660192
0 0.3637166405023548 0.2636529126213592 0.07123233908948196 0.037014563106796114
0 0.4195447409733124 0.263501213592233 0.0380690737833595 0.031856796116504854
0 0.4673273155416013 0.261377427184466 0.05239403453689168 0.027002427184466018
0 0.1941718995290424 0.28322208737864074 0.04925431711145997 0.02336165048543689
0 0.2365580847723705 0.2871662621359223 0.023351648351648352 0.015473300970873785
0 0.2581436420722135 0.28398058252427183 0.018249607535321823 0.029126213592233007
0 0.2789442700156986 0.28549757281553395 0.0260989010989011 0.02487864077669903
0 0.32839481946624804 0.28534587378640774 0.0641679748822606 0.028216019417475726
0 0.36450156985871274 0.2942961165048543 0.010792778649921508 0.023665048543689317
0 0.38157378335949765 0.2942961165048543 0.028453689167974885 0.026092233009708737
0 0.4208202511773941 0.2891383495145631 0.048861852433281006 0.026092233009708737
0 0.46634615384615385 0.28580097087378636 0.0402276295133438 0.03094660194174757
0 0.18396781789638933 0.3125 0.03002354788069074 0.020024271844660192
0 0.20987048665620095 0.3099211165048543 0.014717425431711147 0.023968446601941744
0 0.24627158555729986 0.31735436893203883 0.06436420722135008 0.03398058252427184
0 0.29444662480376765 0.31356189320388345 0.021389324960753534 0.02032766990291262
0 0.3380102040816327 0.31689927184466016 0.06691522762951335 0.03307038834951456
0 0.3874607535321821 0.30673543689320387 0.02923861852433281 0.023058252427184463
0 0.4355376766091052 0.31689927184466016 0.07123233908948196 0.031249999999999997
0 0.4769427001569859 0.3099211165048543 0.02099686028257457 0.034890776699029125
0 0.19652668759811617 0.3387439320388349 0.05317896389324961 0.0245752427184466
0 0.24097331240188385 0.3388956310679611 0.033359497645211934 0.021844660194174755
0 0.27040816326530615 0.33692354368932037 0.02433281004709576 0.022754854368932036
0 0.29876373626373626 0.33434466019417475 0.032378335949764525 0.023665048543689317
0 0.33182888540031397 0.335254854368932 0.03453689167974883 0.023665048543689317
0 0.38559654631083207 0.3349514563106796 0.06711145996860284 0.018810679611650484
0 0.4554552590266876 0.3376820388349514 0.0663265306122449 0.03155339805825243
0 0.18141679748822606 0.3709041262135922 0.02413657770800628 0.027002427184466018
0 0.20918367346938777 0.36589805825242716 0.026295133437990583 0.020631067961165046
0 0.23165227629513346 0.36483616504854366 0.021781789638932497 0.0245752427184466
0 0.26560047095761385 0.3698422330097087 0.05121664050235479 0.0345873786407767
0 0.2980769230769231 0.36923543689320387 0.012558869701726845 0.029126213592233007
0 0.3175039246467818 0.3704490291262136 0.029434850863422294 0.02973300970873786
0 0.3457613814756672 0.3587682038834951 0.02001569858712716 0.01729368932038835
0 0.36744505494505497 0.3586165048543689 0.02021193092621664 0.01395631067961165
0 0.3786302982731554 0.36377427184466016 0.010400313971742544 0.025485436893203883
0 0.3940345368916798 0.3558859223300971 0.023547880690737835 0.018810679611650484
0 0.42651098901098905 0.3567961165048543 0.035910518053375196 0.017597087378640776
0 0.4689952904238619 0.3520934466019417 0.04199372056514914 0.022754854368932036
0 0.19495682888540034 0.3921419902912621 0.048861852433281006 0.026395631067961164
0 0.24715463108320251 0.39244538834951453 0.050824175824175824 0.028216019417475726
0 0.29032574568288855 0.39047330097087374 0.03198587127158556 0.037014563106796114
0 0.315541601255887 0.39350728155339804 0.010596546310832025 0.023665048543689317
0 0.340168759811617 0.3859223300970873 0.03708791208791209 0.01699029126213592
0 0.40315934065934067 0.38364684466019416 0.08300627943485087 0.031249999999999997
0 0.4543759811616955 0.37879247572815533 0.015894819466248038 0.01729368932038835
0 0.47566718995290425 0.37575849514563103 0.029434850863422294 0.01911407766990291
0 0.18632260596546313 0.4191444174757281 0.03473312401883831 0.025182038834951456
0 0.21791601255886972 0.418385922330097 0.025313971742543174 0.023665048543689317
0 0.24391679748822606 0.4120145631067961 0.017268445839874413 0.021844660194174755
0 0.26206828885400313 0.42506067961165045 0.028846153846153848 0.02973300970873786
0 0.2940541601255887 0.4174757281553398 0.031200941915227633 0.01820388349514563
0 0.32407770800627944 0.4211165048543689 0.031200941915227633 0.027305825242718445
0 0.37009419152276296 0.4211165048543689 0.0663265306122449 0.0345873786407767
0 0.44750784929356363 0.41004247572815533 0.08457613814756672 0.02214805825242718
0 0.18573390894819466 0.4443264563106796 0.035910518053375196 0.0245752427184466
0 0.21065541601255888 0.4455400485436893 0.011577708006279436 0.01608009708737864
0 0.22929748822605966 0.4526699029126213 0.035910518053375196 0.032766990291262135
0 0.27972919937205654 0.44523665048543687 0.05788854003139718 0.01911407766990291
0 0.3222135007849294 0.4378033980582524 0.024725274725274728 0.02245145631067961
0 0.34546703296703296 0.43841019417475724 0.021781789638932497 0.01820388349514563
0 0.38589089481946626 0.4423543689320388 0.05239403453689168 0.035800970873786406
0 0.45359105180533754 0.43932038834951453 0.08143642072213501 0.0345873786407767
0 0.19289638932496075 0.4772451456310679 0.044740973312401885 0.03094660194174757
0 0.23832417582417584 0.47102548543689315 0.043759811616954476 0.025182038834951456
0 0.2782574568288854 0.4678398058252427 0.029434850863422294 0.017597087378640776
0 0.3100470957613815 0.47132888349514557 0.036499215070643645 0.03549757281553398
0 0.3449764521193093 0.47208737864077666 0.04120879120879121 0.032766990291262135
0 0.3922684458398744 0.4690533980582524 0.05533751962323391 0.027305825242718445
0 0.4427001569858713 0.46070995145631066 0.044740973312401885 0.020934466019417473
0 0.47988618524332816 0.4622269417475728 0.027276295133437992 0.020934466019417473
0 0.19662480376766092 0.5006067961165048 0.05062794348508635 0.01699029126213592
0 0.250392464678179 0.5004550970873786 0.046703296703296704 0.03549757281553398
0 0.29611459968602827 0.49666262135922323 0.04591836734693878 0.03640776699029126
0 0.3396781789638933 0.49195995145631066 0.036499215070643645 0.023968446601941744
0 0.37009419152276296 0.4892293689320388 0.02511773940345369 0.025182038834951456
0 0.41895604395604397 0.48543689320388345 0.06436420722135008 0.027305825242718445
0 0.4714481946624804 0.4902912621359223 0.03865777080062795 0.029126213592233007
0 0.18946232339089483 0.5212378640776698 0.03983516483516484 0.025485436893203883
0 0.25009811616954475 0.527002427184466 0.07672684458398744 0.037014563106796114
0 0.31328492935635793 0.5191140776699029 0.04611459968602826 0.021844660194174755
0 0.34007064364207223 0.5289745145631067 0.01609105180533752 0.03003640776699029
0 0.3792189952904239 0.5209344660194174 0.06377551020408163 0.032766990291262135
0 0.42131083202511777 0.5127427184466019 0.01805337519623234 0.027305825242718445
0 0.4439756671899529 0.5124393203883495 0.028453689167974885 0.023058252427184463
0 0.4766483516483517 0.5066747572815533 0.031397174254317116 0.03094660194174757
0 0.19122841444270017 0.5517293689320388 0.043759811616954476 0.020934466019417473
0 0.21889717425431712 0.5599211165048543 0.014324960753532182 0.028216019417475726
0 0.27884615384615385 0.5494538834951456 0.1055729984301413 0.027305825242718445
0 0.38088697017268447 0.5511225728155339 0.09065934065934067 0.03307038834951456
0 0.44927394034536894 0.5403519417475727 0.03787284144427002 0.020024271844660192
0 0.48067111459968603 0.5353458737864077 0.027276295133437992 0.022754854368932036
0 0.18259419152276296 0.5766080097087378 0.027668759811616955 0.027002427184466018
0 0.19996075353218212 0.5808555825242718 0.008241758241758242 0.013652912621359222
0 0.20555337519623235 0.5884405339805825 0.01000784929356358 0.025182038834951456
0 0.21664050235478807 0.578883495145631 0.01295133437990581 0.0212378640776699
0 0.24538854003139718 0.5772148058252426 0.05278649921507065 0.026395631067961164
0 0.2968995290423862 0.5761529126213591 0.04199372056514914 0.018810679611650484
0 0.3301609105180534 0.5702366504854368 0.013540031397174255 0.02336165048543689
0 0.34762558869701726 0.5725121359223301 0.020604395604395604 0.023058252427184463
0 0.3713697017268446 0.576001213592233 0.026491365777080063 0.01911407766990291
0 0.4062990580847724 0.5684162621359223 0.037480376766091054 0.02214805825242718
0 0.4370094191522763 0.5652305825242718 0.030612244897959186 0.020631067961165046
0 0.47468602825745687 0.5593143203883495 0.04042386185243328 0.027002427184466018
0 0.2013343799058085 0.6137742718446602 0.06122448979591837 0.03216019417475728
0 0.2408751962323391 0.6049757281553397 0.015894819466248038 0.02245145631067961
0 0.25608320251177397 0.6092233009708737 0.015306122448979593 0.015776699029126214
0 0.2712912087912088 0.6078580097087378 0.014324960753532182 0.01486650485436893
0 0.3007260596546311 0.6010315533980582 0.04493720565149137 0.02487864077669903
0 0.3486067503924647 0.5967839805825242 0.04689952904238619 0.021844660194174755
0 0.4059065934065934 0.5964805825242718 0.053571428571428575 0.023058252427184463
0 0.4576138147566719 0.5932949029126213 0.05886970172684459 0.03307038834951456
0 0.19171899529042388 0.6371359223300971 0.03885400313971743 0.040048543689320384
0 0.21889717425431712 0.6359223300970873 0.012755102040816327 0.016383495145631068
0 0.24313186813186816 0.6330400485436892 0.03532182103610675 0.022754854368932036
0 0.2712912087912088 0.6274271844660194 0.01393249607535322 0.020631067961165046
0 0.2902276295133438 0.6265169902912621 0.023547880690737835 0.026092233009708737
0 0.3310439560439561 0.6328883495145631 0.05062794348508635 0.037014563106796114
0 0.39305337519623235 0.6319781553398057 0.07221350078492936 0.03216019417475728
0 0.4601648351648352 0.6275788834951456 0.06671899529042387 0.040958737864077666
0 0.18279042386185243 0.6604975728155339 0.020604395604395604 0.025485436893203883
0 0.20800627943485087 0.6629247572815533 0.02786499215070644 0.02427184466019417
0 0.228414442700157 0.669751213592233 0.011773940345368918 0.02578883495145631
0 0.27992543171114603 0.6674757281553397 0.08889324960753532 0.03155339805825243
0 0.3574372056514914 0.661256067961165 0.06102825745682889 0.0391383495145631
0 0.4021781789638933 0.6562499999999999 0.025706436420722137 0.027305825242718445
0 0.4328885400313972 0.6506371359223301 0.029434850863422294 0.016686893203883495
0 0.4578100470957614 0.6453276699029126 0.023155416012558872 0.023665048543689317
0 0.4812598116169545 0.6510922330097086 0.030808477237048666 0.030339805825242715
0 0.19211145996860285 0.6888652912621359 0.04081632653061225 0.029429611650485434
0 0.22331240188383047 0.6902305825242718 0.019230769230769232 0.028519417475728153
0 0.25421899529042385 0.6996359223300971 0.04807692307692308 0.03094660194174757
0 0.3120094191522763 0.688258495145631 0.06279434850863423 0.022754854368932036
0 0.3708791208791209 0.6920509708737863 0.05416012558869702 0.03519417475728155
0 0.416306907378336 0.6893203883495145 0.03316326530612245 0.03337378640776699
0 0.46350078492935637 0.683252427184466 0.06711145996860284 0.03822815533980582
0 0.18877551020408165 0.7161711165048543 0.036499215070643645 0.019720873786407765
0 0.24215070643642073 0.7251213592233009 0.07025117739403454 0.029126213592233007
0 0.3130886970172685 0.7176881067961164 0.06377551020408163 0.03003640776699029
0 0.3650902668759812 0.7096480582524272 0.035518053375196236 0.025485436893203883
0 0.39825353218210363 0.7055521844660193 0.032378335949764525 0.0245752427184466
0 0.45614207221350084 0.7020631067961165 0.07711930926216641 0.0279126213592233
0 0.17121271585557302 0.7519720873786407 0.01393249607535322 0.028216019417475726
0 0.19122841444270017 0.7516686893203883 0.02923861852433281 0.027609223300970872
0 0.24009026687598117 0.7503033980582524 0.06809262166405024 0.03398058252427184
0 0.2854199372056515 0.7448422330097086 0.01785714285714286 0.023058252427184463
0 0.3044544740973313 0.746510922330097 0.01903453689167975 0.020934466019417473
0 0.31760204081632654 0.7459041262135921 0.006475667189952905 0.010012135922330096
0 0.3317307692307693 0.7413531553398057 0.02295918367346939 0.020934466019417473
0 0.35066718995290425 0.7480279126213591 0.013736263736263738 0.023968446601941744
0 0.38088697017268447 0.7418082524271844 0.04709576138147567 0.03094660194174757
0 0.41748430141287285 0.7325546116504854 0.03159340659340659 0.02214805825242718
0 0.46350078492935637 0.7324029126213591 0.06043956043956044 0.03094660194174757
0 0.201138147566719 0.7807949029126213 0.06122448979591837 0.02882281553398058
0 0.24126766091051807 0.7768507281553397 0.017464678178963893 0.020934466019417473
0 0.26874018838304553 0.7807949029126213 0.04415227629513344 0.03307038834951456
0 0.32839481946624804 0.7679004854368932 0.07083987441130299 0.027305825242718445
0 0.36979984301412877 0.7744235436893203 0.01393249607535322 0.029429611650485434
0 0.3874607535321821 0.7712378640776698 0.025706436420722137 0.028519417475728153
0 0.4470172684458399 0.757129854368932 0.09340659340659341 0.030643203883495142
0 0.17778649921507064 0.7996055825242718 0.010596546310832025 0.01729368932038835
0 0.18288854003139718 0.8074939320388349 0.01295133437990581 0.026395631067961164
0 0.23233908948194665 0.8071905339805825 0.08830455259026689 0.029429611650485434
0 0.3112244897959184 0.8027912621359222 0.059654631083202514 0.032766990291262135
0 0.35370879120879123 0.7908070388349514 0.025313971742543174 0.025182038834951456
0 0.378041601255887 0.790503640776699 0.024921507064364207 0.020934466019417473
0 0.40492543171114603 0.7902002427184466 0.027668759811616955 0.022754854368932036
0 0.4425039246467818 0.786256067961165 0.046703296703296704 0.03610436893203883
0 0.47949372056514916 0.7838288834951456 0.029631083202511777 0.022754854368932036
0 0.18416405023547883 0.8263046116504854 0.025706436420722137 0.02032766990291262
0 0.21585557299843017 0.8325242718446602 0.033751962323390894 0.032766990291262135
0 0.2543171114599686 0.8272148058252426 0.044740973312401885 0.031249999999999997
0 0.33506671899529045 0.8285800970873786 0.10616169544740973 0.03398058252427184
0 0.4245486656200942 0.8129550970873786 0.06220565149136578 0.026395631067961164
0 0.4770408163265306 0.8208434466019416 0.03767660910518054 0.03428398058252427
0 0.18288854003139718 0.8534587378640776 0.02708006279434851 0.021844660194174755
0 0.2087912087912088 0.8548240291262135 0.01883830455259027 0.022754854368932036
0 0.23361459968602827 0.8546723300970873 0.02806122448979592 0.021844660194174755
0 0.25922291993720564 0.858009708737864 0.026687598116169546 0.03640776699029126
0 0.3122056514913658 0.85376213592233 0.08202511773940346 0.0345873786407767
0 0.3931514913657771 0.8528519417475727 0.07594191522762951 0.03640776699029126
0 0.4582025117739404 0.8393507281553397 0.04356357927786499 0.026395631067961164
0 0.4884222919937206 0.8385922330097086 0.01609105180533752 0.020631067961165046
0 0.18190737833594978 0.8739381067961164 0.01883830455259027 0.026395631067961164
0 0.2032967032967033 0.8792475728155339 0.027472527472527476 0.020024271844660192
0 0.23508634222919939 0.8765169902912621 0.029827315541601257 0.027305825242718445
0 0.2822802197802198 0.8854672330097086 0.06220565149136578 0.02882281553398058
0 0.31799450549450553 0.8822815533980581 0.010792778649921508 0.01699029126213592
0 0.34330847723704866 0.8865291262135921 0.042189952904238624 0.029126213592233007
0 0.37892464678178966 0.8828883495145631 0.03021978021978022 0.027305825242718445
0 0.4041405023547881 0.8749999999999999 0.020604395604395604 0.0279126213592233
0 0.43691130298273156 0.8774271844660193 0.050824175824175824 0.025485436893203883
0 0.47772762951334385 0.8649878640776698 0.030808477237048666 0.02973300970873786
0 0.20319858712715858 0.9067050970873786 0.0641679748822606 0.03671116504854369
0 0.24715463108320251 0.9079186893203882 0.01510989010989011 0.020934466019417473
0 0.2661891679748823 0.9047330097087378 0.025313971742543174 0.021844660194174755
0 0.3002354788069074 0.9114077669902911 0.0423861852433281 0.035800970873786406
0 0.32770800627943486 0.9054915048543688 0.01216640502354788 0.016686893203883495
0 0.3351648351648352 0.9135315533980581 0.011773940345368918 0.030339805825242715
0 0.34998037676609106 0.9074635922330097 0.020604395604395604 0.021844660194174755
0 0.3718602825745683 0.9082220873786407 0.02197802197802198 0.016686893203883495
0 0.3989403453689168 0.913379854368932 0.02904238618524333 0.03003640776699029
0 0.4223901098901099 0.9051881067961164 0.015894819466248038 0.021541262135922327
0 0.4340659340659341 0.9036711165048543 0.00706436420722135 0.018507281553398057
0 0.46438383045525905 0.9042779126213591 0.06534536891679749 0.026395631067961164
0 0.6124411302982732 0.10618932038834951 0.08006279434850865 0.03944174757281553
0 0.6797488226059655 0.10543082524271843 0.05337519623233909 0.028216019417475726
0 0.7386185243328101 0.11104368932038834 0.07299843014128729 0.027305825242718445
0 0.7927786499215072 0.10103155339805825 0.031789638932496075 0.020024271844660192
0 0.8267268445839875 0.10361043689320387 0.04277864992150707 0.033677184466019416
0 0.8657770800627944 0.10649271844660194 0.038461538461538464 0.029126213592233007
0 0.9001177394034537 0.10087985436893203 0.036891679748822605 0.0391383495145631
0 0.5960557299843015 0.13592233009708737 0.02688383045525903 0.03094660194174757
0 0.6145996860282575 0.12864077669902912 0.014913657770800628 0.021844660194174755
0 0.6313775510204082 0.1330400485436893 0.027276295133437992 0.03610436893203883
0 0.6574764521193093 0.12803398058252427 0.026491365777080063 0.026092233009708737
0 0.6856357927786499 0.13425364077669902 0.030612244897959186 0.03731796116504854
0 0.7234105180533752 0.1316747572815534 0.045722135007849295 0.01699029126213592
0 0.7681514913657771 0.12666868932038833 0.03630298273155416 0.02032766990291262
0 0.8119113029827316 0.12499999999999999 0.045329670329670335 0.021844660194174755
0 0.8493916797488227 0.12727548543689318 0.0260989010989011 0.0245752427184466
0 0.867052590266876 0.13395024271844658 0.013147566718995292 0.02578883495145631
0 0.8968799058084773 0.12985436893203883 0.04650706436420722 0.03398058252427184
0 0.584478021978022 0.16595873786407767 0.011185243328100471 0.029126213592233007
0 0.6089089481946626 0.16125606796116504 0.036499215070643645 0.017900485436893203
0 0.653453689167975 0.1642900485436893 0.0620094191522763 0.033677184466019416
0 0.6900510204081634 0.16777912621359223 0.01393249607535322 0.027305825242718445
0 0.7319466248037677 0.15807038834951456 0.07025117739403454 0.02487864077669903
0 0.7881671899529042 0.15761529126213591 0.03865777080062795 0.016686893203883495
0 0.8260400313971743 0.15928398058252427 0.048861852433281006 0.03822815533980582
0 0.8728414442700158 0.15898058252427183 0.044348508634222926 0.03337378640776699
0 0.9056122448979592 0.15367111650485435 0.0282574568288854 0.028216019417475726
0 0.6163657770800628 0.18856189320388347 0.06671899529042387 0.029429611650485434
0 0.7050627943485087 0.19478155339805825 0.10478806907378337 0.040048543689320384
0 0.8096546310832026 0.19159587378640774 0.1043956043956044 0.0391383495145631
0 0.8893249607535322 0.18977548543689318 0.06554160125588697 0.03731796116504854
0 0.6090070643642073 0.21723300970873785 0.05317896389324961 0.03155339805825243
0 0.6615973312401884 0.21874999999999997 0.048861852433281006 0.023665048543689317
0 0.7053571428571429 0.22527305825242716 0.05514128728414443 0.03549757281553398
0 0.7467621664050236 0.2167779126213592 0.018249607535321823 0.021541262135922327
0 0.7789442700156987 0.21859830097087377 0.04650706436420722 0.02214805825242718
0 0.8038657770800628 0.22618325242718446 0.018249607535321823 0.03003640776699029
0 0.8314364207221351 0.21495752427184464 0.03924646781789639 0.025182038834951456
0 0.8699960753532182 0.2178398058252427 0.03198587127158556 0.0345873786407767
0 0.904925431711146 0.2079793689320388 0.030416012558869703 0.01729368932038835
0 0.6214678178963894 0.25379247572815533 0.07770800627943486 0.03549757281553398
0 0.7125196232339089 0.2481796116504854 0.09733124018838304 0.026092233009708737
0 0.8094583987441131 0.2459041262135922 0.09065934065934067 0.031249999999999997
0 0.8824568288854003 0.23953276699029125 0.05416012558869702 0.02578883495145631
0 0.5847723704866562 0.2836771844660194 0.0141287284144427 0.026092233009708737
0 0.626177394034537 0.27639563106796117 0.06711145996860284 0.02669902912621359
0 0.6900510204081634 0.27548543689320387 0.058673469387755105 0.02973300970873786
0 0.7749215070643642 0.27229975728155337 0.11028257456828885 0.02882281553398058
0 0.8628335949764522 0.27199635922330095 0.06671899529042387 0.033677184466019416
0 0.9086538461538463 0.2581917475728155 0.02413657770800628 0.026092233009708737
0 0.6018445839874411 0.30537014563106796 0.036499215070643645 0.023968446601941744
0 0.6322605965463108 0.30248786407766987 0.023155416012558872 0.023665048543689317
0 0.6619897959183674 0.306128640776699 0.0402276295133438 0.0279126213592233
0 0.7031985871271585 0.3087075242718446 0.039050235478806906 0.031249999999999997
0 0.7602040816326531 0.30157766990291257 0.06397174254317112 0.02427184466019417
0 0.8242739403453689 0.29763349514563103 0.05710361067503925 0.019417475728155338
0 0.8578296703296704 0.2971783980582524 0.011185243328100471 0.023968446601941744
0 0.8799058084772371 0.2903519417475728 0.031397174254317116 0.01820388349514563
0 0.9082613814756673 0.290503640776699 0.02413657770800628 0.02032766990291262
0 0.6071428571428572 0.33009708737864074 0.0423861852433281 0.020024271844660192
0 0.6349097331240189 0.3390473300970874 0.013147566718995292 0.02578883495145631
0 0.6570839874411304 0.3338895631067961 0.031200941915227633 0.020934466019417473
0 0.6833791208791209 0.3285800970873786 0.02021193092621664 0.026092233009708737
0 0.7381279434850864 0.3349514563106796 0.09399529042386186 0.030339805825242715
0 0.8239795918367347 0.3229672330097087 0.07182103610675039 0.026395631067961164
0 0.8918759811616955 0.31811286407766987 0.05533751962323391 0.03853155339805825
0 0.5899725274725275 0.3560376213592233 0.01707221350078493 0.020934466019417473
0 0.6169544740973313 0.3589199029126213 0.0380690737833595 0.023665048543689317
0 0.6541405023547882 0.36028519417475724 0.035910518053375196 0.026395631067961164
0 0.7189952904238619 0.36271237864077666 0.09615384615384616 0.034890776699029125
0 0.7872841444270016 0.3548240291262136 0.038461538461538464 0.026395631067961164
0 0.8491954474097332 0.3528519417475728 0.08889324960753532 0.04186893203883495
0 0.9058084772370487 0.34466019417475724 0.03218210361067504 0.03640776699029126
0 0.5944858712715856 0.386377427184466 0.02413657770800628 0.023968446601941744
0 0.644328885400314 0.39138349514563103 0.07280219780219781 0.026092233009708737
0 0.7256671899529042 0.3872876213592233 0.08006279434850865 0.027609223300970872
0 0.7732535321821037 0.39532766990291257 0.014717425431711147 0.03094660194174757
0 0.8082810047095762 0.3810679611650485 0.052982731554160126 0.01820388349514563
0 0.8764717425431712 0.3721177184466019 0.08143642072213501 0.026395631067961164
0 0.5846742543171115 0.42506067961165045 0.014717425431711147 0.028519417475728153
0 0.6391287284144428 0.4192961165048543 0.09693877551020409 0.03094660194174757
0 0.7135007849293564 0.42627427184466016 0.05612244897959184 0.03822815533980582
0 0.7741365777080064 0.4223300970873786 0.06593406593406594 0.046116504854368925
0 0.8382064364207222 0.4056432038834951 0.060243328100470964 0.03094660194174757
0 0.8936420722135008 0.4029126213592233 0.0521978021978022 0.04186893203883495
0 0.6028257456828886 0.44523665048543687 0.033359497645211934 0.020934466019417473
0 0.6510989010989011 0.4453883495145631 0.059262166405023554 0.025485436893203883
0 0.7113422291993721 0.444629854368932 0.041601255886970175 0.027609223300970872
0 0.7458791208791209 0.4459951456310679 0.02708006279434851 0.018810679611650484
0 0.7854199372056515 0.4503944174757281 0.06063579277864992 0.03549757281553398
0 0.8546899529042387 0.43643810679611644 0.07554945054945056 0.05066747572815534
0 0.9058084772370487 0.42460558252427183 0.02433281004709576 0.02214805825242718
0 0.6013540031397174 0.4745145631067961 0.03159340659340659 0.025485436893203883
0 0.6222527472527473 0.4828580097087378 0.01216640502354788 0.027609223300970872
0 0.6525706436420723 0.4746662621359223 0.045722135007849295 0.02882281553398058
0 0.6972135007849294 0.4749696601941747 0.03610675039246468 0.022754854368932036
0 0.753434065934066 0.480885922330097 0.07201726844583987 0.0345873786407767
0 0.8254513343799058 0.47421116504854366 0.06299058084772372 0.03944174757281553
0 0.864403453689168 0.4692050970873786 0.014521193092621665 0.025182038834951456
0 0.8950156985871273 0.45873786407766987 0.04552590266875981 0.019417475728155338
0 0.5899725274725275 0.5116808252427184 0.02413657770800628 0.026395631067961164
0 0.6081240188383046 0.5047026699029126 0.013736263736263738 0.02214805825242718
0 0.6304945054945056 0.5128944174757281 0.043171114599686033 0.029429611650485434
0 0.6720957613814758 0.5072815533980582 0.031789638932496075 0.03640776699029126
0 0.7210557299843015 0.5095570388349514 0.06809262166405024 0.028216019417475726
0 0.7965070643642073 0.5056128640776698 0.07770800627943486 0.03307038834951456
0 0.8433084772370487 0.49787621359223294 0.011185243328100471 0.01395631067961165
0 0.8824568288854003 0.496510922330097 0.08124018838304553 0.03671116504854369
0 0.6052786499215072 0.5368628640776698 0.045329670329670335 0.026395631067961164
0 0.6369701726844584 0.5444478155339806 0.012558869701726845 0.0245752427184466
0 0.653453689167975 0.5353458737864077 0.018445839874411302 0.01911407766990291
0 0.6780808477237049 0.5356492718446602 0.030808477237048666 0.025182038834951456
0 0.6982927786499216 0.5436893203883495 0.013540031397174255 0.027305825242718445
0 0.714776295133438 0.5361043689320388 0.018249607535321823 0.019417475728155338
0 0.7387166405023549 0.5368628640776698 0.03198587127158556 0.022754854368932036
0 0.7783555729984302 0.5323118932038835 0.040620094191522765 0.01911407766990291
0 0.834870486656201 0.5327669902912621 0.061813186813186816 0.04186893203883495
0 0.8730376766091053 0.5221480582524272 0.009419152276295134 0.014563106796116504
0 0.896585557299843 0.5254854368932038 0.036499215070643645 0.03640776699029126
0 0.604591836734694 0.5746359223300971 0.05023547880690738 0.03640776699029126
0 0.6620879120879122 0.5690230582524272 0.052982731554160126 0.020934466019417473
0 0.7211538461538461 0.5706917475728155 0.05180533751962324 0.03398058252427184
0 0.7923861852433282 0.558252427184466 0.0859497645211931 0.023665048543689317
0 0.8490973312401884 0.5499089805825242 0.014913657770800628 0.026395631067961164
0 0.889815541601256 0.5511225728155339 0.06652276295133439 0.03246359223300971
0 0.5890894819466248 0.6058859223300971 0.0141287284144427 0.027305825242718445
0 0.6305926216640503 0.6011832524271844 0.07005494505494506 0.042172330097087374
0 0.6871075353218211 0.5963288834951456 0.03630298273155416 0.025182038834951456
0 0.7143838304552591 0.5905643203883495 0.012362637362637364 0.026395631067961164
0 0.7336145996860283 0.6020934466019418 0.035910518053375196 0.02578883495145631
0 0.7811028257456829 0.5949635922330097 0.06613029827315542 0.0424757281553398
0 0.8217229199372057 0.5967839805825242 0.011970172684458399 0.02427184466019417
0 0.8499803767660911 0.5917779126213591 0.04689952904238619 0.033677184466019416
0 0.8979591836734694 0.5822208737864077 0.05023547880690738 0.04368932038834951
0 0.6138147566718996 0.6383495145631067 0.0565149136577708 0.030339805825242715
0 0.6574764521193093 0.6277305825242718 0.03002354788069074 0.025485436893203883
0 0.7109497645211932 0.6351638349514562 0.07417582417582418 0.03671116504854369
0 0.7872841444270016 0.6256067961165048 0.07339089481946626 0.035800970873786406
0 0.8502747252747254 0.614381067961165 0.043171114599686033 0.02487864077669903
0 0.8819662480376766 0.6124089805825242 0.01785714285714286 0.02032766990291262
0 0.9054160125588697 0.6066444174757281 0.03532182103610675 0.029429611650485434
0 0.6274529042386185 0.6601941747572815 0.0794740973312402 0.028519417475728153
0 0.7038854003139717 0.6642900485436892 0.07417582417582418 0.03610436893203883
0 0.7472527472527473 0.6665655339805825 0.01216640502354788 0.026092233009708737
0 0.783751962323391 0.6550364077669902 0.06161695447409733 0.027305825242718445
0 0.8413461538461539 0.6485133495145631 0.05239403453689168 0.0245752427184466
0 0.8971742543171115 0.6476031553398057 0.05416012558869702 0.031856796116504854
0 0.6024332810047096 0.6906856796116504 0.03296703296703297 0.02336165048543689
0 0.6279434850863422 0.6874999999999999 0.0141287284144427 0.0279126213592233
0 0.6538461538461539 0.6972087378640776 0.04356357927786499 0.03640776699029126
0 0.6819073783359498 0.6976638349514562 0.012558869701726845 0.028216019417475726
0 0.6957417582417583 0.6888652912621359 0.012755102040816327 0.027002427184466018
0 0.7089874411302983 0.6928094660194174 0.01216640502354788 0.015473300970873785
0 0.7278257456828886 0.6887135922330097 0.022762951334379906 0.01820388349514563
0 0.7689364207221351 0.6878033980582524 0.05239403453689168 0.020024271844660192
0 0.8011185243328101 0.6902305825242718 0.012755102040816327 0.028519417475728153
0 0.8260400313971743 0.6878033980582524 0.03355572998430142 0.0345873786407767
0 0.883732339089482 0.6752123786407767 0.07554945054945056 0.027609223300970872
0 0.5978218210361068 0.7208737864077669 0.022566718995290426 0.029126213592233007
0 0.6197998430141287 0.7289138349514562 0.020604395604395604 0.027609223300970872
0 0.6457025117739403 0.7229975728155339 0.026491365777080063 0.019417475728155338
0 0.6709183673469388 0.7198118932038834 0.022370486656200943 0.021541262135922327
0 0.7034929356357928 0.7261832524271844 0.052590266875981166 0.03853155339805825
0 0.7653061224489797 0.7131371359223301 0.06357927786499215 0.026395631067961164
0 0.8044544740973313 0.7213288834951456 0.012362637362637364 0.028216019417475726
0 0.8292778649921507 0.7094963592233009 0.03532182103610675 0.040958737864077666
0 0.8795133437990581 0.7020631067961165 0.06514913657770802 0.02669902912621359
0 0.6158751962323391 0.7516686893203883 0.05592621664050236 0.021541262135922327
0 0.6468799058084773 0.7618325242718446 0.015894819466248038 0.03094660194174757
0 0.694368131868132 0.7489381067961164 0.0837912087912088 0.027002427184466018
0 0.7734497645211932 0.7439320388349514 0.06691522762951335 0.02973300970873786
0 0.8199568288854003 0.7456007281553397 0.01393249607535322 0.0245752427184466
0 0.8399725274725275 0.7360436893203883 0.025706436420722137 0.021844660194174755
0 0.8834379905808478 0.7314927184466019 0.06671899529042387 0.03640776699029126
0 0.6099882260596546 0.7859526699029126 0.04650706436420722 0.033677184466019416
0 0.6414835164835165 0.7815533980582524 0.015306122448979593 0.025485436893203883
0 0.676510989010989 0.7874696601941746 0.0641679748822606 0.03549757281553398
0 0.7232142857142858 0.7729065533980581 0.021781789638932497 0.022754854368932036
0 0.7563775510204082 0.777002427184466 0.04101255886970173 0.027305825242718445
0 0.7914050235478808 0.7703276699029126 0.02433281004709576 0.01699029126213592
0 0.8179945054945056 0.7666868932038834 0.032378335949764525 0.02245145631067961
0 0.8465463108320251 0.762135922330097 0.023547880690737835 0.023058252427184463
0 0.867837519623234 0.759253640776699 0.008830455259026688 0.01911407766990291
0 0.8864795918367347 0.7589502427184466 0.027276295133437992 0.017900485436893203
0 0.9077708006279436 0.7631978155339805 0.022370486656200943 0.026395631067961164
0 0.6195054945054945 0.8140169902912621 0.07417582417582418 0.02669902912621359
0 0.6827904238618525 0.8181128640776698 0.05317896389324961 0.03246359223300971
0 0.7219387755102041 0.8049150485436892 0.023940345368916798 0.01699029126213592
0 0.7543171114599686 0.8105279126213591 0.059262166405023554 0.0391383495145631
0 0.8152472527472528 0.7950546116504854 0.055533751962323394 0.03549757281553398
0 0.8443877551020409 0.7974817961165048 0.012558869701726845 0.022754854368932036
0 0.8720565149136579 0.7921723300970873 0.046703296703296704 0.030339805825242715
0 0.8993328100470959 0.789896844660194 0.00902668759811617 0.02336165048543689
0 0.91100863422292 0.7876213592233009 0.015894819466248038 0.01699029126213592
0 0.6004709576138147 0.842384708737864 0.023155416012558872 0.01911407766990291
0 0.6281397174254317 0.8431432038834951 0.029827315541601257 0.0212378640776699
0 0.6472723704866562 0.8510315533980581 0.016679748822605967 0.029126213592233007
0 0.673861852433281 0.8361650485436892 0.03218210361067504 0.020024271844660192
0 0.7163461538461539 0.8390473300970873 0.04336734693877551 0.04156553398058252
0 0.7758045525902669 0.8249393203883495 0.07083987441130299 0.03216019417475728
0 0.8334968602825746 0.8185679611650485 0.03787284144427002 0.019417475728155338
0 0.8642072213500785 0.8165958737864077 0.024725274725274728 0.022754854368932036
0 0.8968799058084773 0.8200849514563107 0.05239403453689168 0.03640776699029126
0 0.5960557299843015 0.8725728155339805 0.01510989010989011 0.020024271844660192
0 0.6302001569858713 0.8689320388349514 0.05160910518053376 0.023665048543689317
0 0.6634615384615385 0.8742415048543689 0.01216640502354788 0.028216019417475726
0 0.6989795918367347 0.8636225728155339 0.0565149136577708 0.02882281553398058
0 0.752649136577708 0.855885922330097 0.04768445839874411 0.02973300970873786
0 0.8074960753532182 0.862257281553398 0.057692307692307696 0.03762135922330097
0 0.8526295133437991 0.8566444174757281 0.04042386185243328 0.03731796116504854
0 0.8940345368916798 0.8476941747572815 0.05847723704866562 0.03398058252427184
0 0.5908555729984302 0.9114077669902911 0.0141287284144427 0.030339805825242715
0 0.6296114599686029 0.90063713592233 0.05906593406593407 0.0245752427184466
0 0.6692503924646782 0.9080703883495145 0.013540031397174255 0.030339805825242715
0 0.6885792778649922 0.9076152912621358 0.030612244897959186 0.029429611650485434
0 0.7332221350078494 0.9015473300970873 0.0641679748822606 0.033677184466019416
0 0.7914050235478808 0.8916868932038834 0.05023547880690738 0.043082524271844655
0 0.8413461538461539 0.8819781553398057 0.045329670329670335 0.03094660194174757
0 0.9047291993720565 0.8745449029126213 0.03473312401883831 0.029429611650485434
