0 0.1780808477237049 0.11362257281553396 0.03669544740973313 0.031856796116504854
0 0.22566718995290425 0.11134708737864077 0.06122448979591837 0.029126213592233007
0 0.29915620094191525 0.11195388349514562 0.05710361067503925 0.03337378640776699
0 0.3827511773940346 0.10907160194174756 0.07083987441130299 0.03671116504854369
0 0.44750784929356363 0.1084648058252427 0.045722135007849295 0.031249999999999997
0 0.18956043956043958 0.13334344660194172 0.044740973312401885 0.03003640776699029
0 0.24411302982731556 0.13243325242718446 0.060832025117739406 0.03003640776699029
0 0.40620094191522765 0.14305218446601942 0.04356357927786499 0.023968446601941744
0 0.4468210361067504 0.14472087378640774 0.0423861852433281 0.027305825242718445
0 0.1826923076923077 0.16383495145631066 0.033751962323390894 0.027305825242718445
0 0.22998430141287285 0.16368325242718446 0.06789638932496075 0.030643203883495142
0 0.2800235478806908 0.15625 0.019623233908948195 0.027305825242718445
0 0.3038657770800628 0.1632281553398058 0.028453689167974885 0.025485436893203883
0 0.35567111459968603 0.1621662621359223 0.07123233908948196 0.023968446601941744
0 0.4048273155416013 0.1721783980582524 0.04003139717425432 0.026395631067961164
0 0.44554552590266877 0.16337985436893201 0.03983516483516484 0.026395631067961164
0 0.1803375196232339 0.18401092233009708 0.027472527472527476 0.027609223300970872
0 0.21458006279434852 0.1865898058252427 0.032770800627943485 0.018810679611650484
0 0.277668759811617 0.18901699029126212 0.08437990580847725 0.03398058252427184
0 0.3440934065934066 0.18871359223300968 0.03669544740973313 0.02245145631067961
0 0.378041601255887 0.18977548543689318 0.031200941915227633 0.02214805825242718
0 0.4182692307692308 0.18901699029126212 0.0402276295133438 0.02487864077669903
0 0.4532967032967033 0.19599514563106796 0.031789638932496075 0.03337378640776699
0 0.20300235478806908 0.2101031553398058 0.07162480376766091 0.026395631067961164
0 0.27923861852433285 0.22087378640776698 0.04866562009419152 0.029126213592233007
0 0.32986656200941916 0.21526092233009708 0.04905808477237049 0.0245752427184466
0 0.37146781789638933 0.2257281553398058 0.03296703296703297 0.028519417475728153
0 0.4152276295133438 0.21283373786407764 0.05337519623233909 0.0245752427184466
0 0.456828885400314 0.21222694174757278 0.024725274725274728 0.020934466019417473
0 0.1781789638932496 0.23589199029126212 0.02197802197802198 0.019720873786407765
0 0.21801412872841447 0.2392293689320388 0.051412872841444274 0.022754854368932036
0 0.2679552590266876 0.24362864077669902 0.045722135007849295 0.0279126213592233
0 0.3321232339089482 0.24287014563106793 0.07554945054945056 0.01911407766990291
0 0.3872645211930926 0.23953276699029125 0.02099686028257457 0.027609223300970872
0 0.41915227629513346 0.24605582524271843 0.04748822605965464 0.03640776699029126
0 0.2078100470957614 0.26865898058252424 0.07535321821036108 0.02214805825242718
0 0.27207613814756676 0.2792779126213592 0.05906593406593407 0.03307038834951456
0 0.32319466248037676 0.2724514563106796 0.04003139717425432 0.025485436893203883
0 0.3671507064364207 0.2783677184466019 0.05847723704866562 0.03853155339805825
0 0.4316130298273156 0.26850728155339804 0.06770015698587127 0.03094660194174757
0 0.1824960753532182 0.2938410194174757 0.02197802197802198 0.026395631067961164
0 0.22282182103610676 0.29657160194174753 0.05160910518053376 0.026395631067961164
0 0.29081632653061223 0.30188106796116504 0.07378335949764521 0.032766990291262135
0 0.36469780219780223 0.30036407766990286 0.06730769230769232 0.02427184466019417
0 0.4357339089481947 0.2938410194174757 0.06534536891679749 0.026395631067961164
0 0.18848116169544743 0.3273665048543689 0.037480376766091054 0.020024271844660192
0 0.24264128728414444 0.33373786407766987 0.06299058084772372 0.03094660194174757
0 0.3042582417582418 0.3382888349514563 0.060243328100470964 0.0279126213592233
0 0.3620486656200942 0.3296419902912621 0.05533751962323391 0.023968446601941744
0 0.43494897959183676 0.32979368932038833 0.06299058084772372 0.03216019417475728
0 0.18347723704866564 0.3557342233009708 0.023155416012558872 0.02882281553398058
0 0.20947802197802198 0.3607402912621359 0.02806122448979592 0.028519417475728153
0 0.24264128728414444 0.3619538834951456 0.03512558869701727 0.018810679611650484
0 0.27992543171114603 0.3598300970873786 0.029631083202511777 0.021844660194174755
0 0.3248626373626374 0.3698422330097087 0.05945839874411303 0.0424757281553398
0 0.3665620094191523 0.36286407766990286 0.02590266875981162 0.02487864077669903
0 0.41552197802197804 0.355127427184466 0.045722135007849295 0.02214805825242718
0 0.45074568288854006 0.3554308252427184 0.024725274725274728 0.0245752427184466
0 0.2044740973312402 0.39153519417475724 0.06946624803767662 0.021541262135922327
0 0.26128335949764525 0.4010922330097087 0.05278649921507065 0.028519417475728153
0 0.31230376766091056 0.39820995145631066 0.048861852433281006 0.03428398058252427
0 0.36577708006279436 0.39563106796116504 0.05612244897959184 0.01699029126213592
0 0.41768053375196235 0.39714805825242716 0.0402276295133438 0.03822815533980582
0 0.1896585557299843 0.42263349514563103 0.03512558869701727 0.020631067961165046
0 0.2428375196232339 0.4276395631067961 0.06809262166405024 0.03003640776699029
0 0.33241758241758246 0.4347694174757281 0.10518053375196233 0.04126213592233009
0 0.3964874411302983 0.42081310679611644 0.021781789638932497 0.025485436893203883
0 0.42268445839874413 0.4192961165048543 0.030612244897959186 0.0212378640776699
0 0.18426216640502355 0.4523665048543689 0.022762951334379906 0.020631067961165046
0 0.2181122448979592 0.4497876213592233 0.039050235478806906 0.02214805825242718
0 0.29964678178963894 0.451001213592233 0.026687598116169546 0.030643203883495142
0 0.34281789638932497 0.4588895631067961 0.06004709576138148 0.031856796116504854
0 0.4084576138147567 0.45206310679611644 0.06573783359497645 0.032766990291262135
0 0.2066326530612245 0.4913531553398058 0.03218210361067504 0.031856796116504854
0 0.2375392464678179 0.4817961165048543 0.025706436420722137 0.02245145631067961
0 0.2798273155416013 0.48407160194174753 0.05729984301412873 0.028216019417475726
0 0.32309654631083207 0.4817961165048543 0.021389324960753534 0.02669902912621359
0 0.36253924646781793 0.48225121359223294 0.05592621664050236 0.020934466019417473
0 0.42651098901098905 0.4778519417475728 0.06809262166405024 0.02669902912621359
0 0.1941718995290424 0.5109223300970873 0.037480376766091054 0.01699029126213592
0 0.24695839874411304 0.5133495145631067 0.05945839874411303 0.027305825242718445
0 0.3125 0.5116808252427184 0.028453689167974885 0.019720873786407765
0 0.3847135007849294 0.5182038834951456 0.09438775510204082 0.04065533980582524
0 0.20574960753532184 0.5493021844660194 0.07515698587127159 0.03428398058252427
0 0.2696232339089482 0.5402002427184466 0.043171114599686033 0.027609223300970872
0 0.32957221350078497 0.551881067961165 0.07083987441130299 0.04065533980582524
0 0.4007064364207222 0.5391383495145631 0.06475667189952905 0.027305825242718445
0 0.4506475667189953 0.5371662621359223 0.030416012558869703 0.01729368932038835
0 0.21752354788069075 0.5769114077669902 0.053571428571428575 0.03307038834951456
0 0.2755102040816327 0.5720570388349514 0.05886970172684459 0.02032766990291262
0 0.3224097331240189 0.5841929611650485 0.04003139717425432 0.03671116504854369
0 0.37097723704866564 0.5816140776699028 0.06887755102040817 0.03519417475728155
0 0.44299450549450553 0.5743325242718446 0.042189952904238624 0.029126213592233007
0 0.1948587127158556 0.598756067961165 0.041601255886970175 0.03246359223300971
0 0.23018053375196235 0.6001213592233009 0.020800627943485087 0.029126213592233007
0 0.3376177394034537 0.6130157766990291 0.09360282574568289 0.03974514563106796
0 0.41032182103610676 0.6016383495145631 0.04513343799058085 0.021844660194174755
0 0.23292778649921508 0.6412317961165048 0.08751962323390895 0.031249999999999997
0 0.440934065934066 0.5961771844660194 0.012558869701726845 0.02427184466019417
0 0.31446232339089486 0.641383495145631 0.07751177394034538 0.04126213592233009
0 0.3840266875981162 0.6365291262135921 0.060832025117739406 0.03155339805825243
0 0.4344583987441131 0.6381978155339805 0.04827315541601256 0.03549757281553398
0 0.20153061224489796 0.6641383495145631 0.04827315541601256 0.019417475728155338
0 0.25137362637362637 0.6624696601941747 0.03728414442700157 0.025182038834951456
0 0.28728414442700156 0.6683859223300971 0.031397174254317116 0.018810679611650484
0 0.334085557299843 0.6664138349514562 0.052001569858712716 0.023968446601941744
0 0.39737048665620095 0.6592839805825242 0.06475667189952905 0.02487864077669903
0 0.45643642072213503 0.6606492718446602 0.02786499215070644 0.016686893203883495
0 0.18602825745682888 0.6976638349514562 0.01883830455259027 0.0245752427184466
0 0.22017268445839877 0.7002427184466019 0.04709576138147567 0.02487864077669903
0 0.26824960753532184 0.6972087378640776 0.04199372056514914 0.025485436893203883
0 0.3050431711145997 0.6990291262135921 0.024529042386185244 0.026092233009708737
0 0.36234301412872844 0.6962985436893203 0.04336734693877551 0.02973300970873786
0 0.4333791208791209 0.6914441747572815 0.07162480376766091 0.03337378640776699
0 0.2092817896389325 0.7304308252427184 0.025313971742543174 0.02032766990291262
0 0.27501962323390894 0.7346783980582524 0.0979199372056515 0.04277912621359223
0 0.33899136577708006 0.7245145631067961 0.022566718995290426 0.0279126213592233
0 0.4335753532182104 0.7245145631067961 0.06691522762951335 0.04126213592233009
0 0.19593799058084774 0.7589502427184466 0.03787284144427002 0.020934466019417473
0 0.27423469387755106 0.7703276699029126 0.11832810047095763 0.03216019417475728
0 0.3699960753532182 0.7654733009708737 0.08614599686028258 0.04065533980582524
0 0.4393642072213501 0.7615291262135921 0.05690737833594977 0.03398058252427184
0 0.20417974882260598 0.7956614077669902 0.056711145996860286 0.03246359223300971
0 0.2823783359497645 0.7886832524271844 0.04513343799058085 0.022754854368932036
0 0.3236852433281005 0.8008191747572815 0.048861852433281006 0.02882281553398058
0 0.3800039246467818 0.7921723300970873 0.06887755102040817 0.03944174757281553
0 0.44211145996860285 0.7880764563106796 0.05572998430141288 0.031249999999999997
0 0.33575353218210363 0.821753640776699 0.05886970172684459 0.02214805825242718
0 0.40453296703296704 0.819629854368932 0.052001569858712716 0.033677184466019416
0 0.45162872841444274 0.8091626213592232 0.032378335949764525 0.020024271844660192
0 0.3316326530612245 0.8486043689320387 0.049450549450549455 0.0212378640776699
0 0.3792189952904239 0.8590716019417475 0.03630298273155416 0.03307038834951456
0 0.4104199372056515 0.8460254854368932 0.025313971742543174 0.02214805825242718
0 0.4432888540031397 0.8382888349514562 0.03728414442700157 0.028519417475728153
0 0.6213697017268446 0.08206917475728155 0.031200941915227633 0.023968446601941744
0 0.6653257456828886 0.0926881067961165 0.04925431711145997 0.025182038834951456
0 0.7088893249607535 0.0882888349514563 0.035910518053375196 0.01820388349514563
0 0.7933673469387755 0.08662014563106796 0.022370486656200943 0.02336165048543689
0 0.8323194662480378 0.09405339805825241 0.05317896389324961 0.027305825242718445
0 0.891287284144427 0.09117111650485436 0.05572998430141288 0.03003640776699029
0 0.6215659340659341 0.11574635922330095 0.045722135007849295 0.033677184466019416
0 0.6792582417582418 0.1162014563106796 0.06259811616954475 0.028519417475728153
0 0.7334183673469388 0.11392597087378639 0.03865777080062795 0.017900485436893203
0 0.7686420722135008 0.11529126213592232 0.022370486656200943 0.021844660194174755
0 0.8062205651491366 0.12075242718446601 0.05828100470957614 0.03398058252427184
0 0.8493916797488227 0.11559466019417475 0.028453689167974885 0.020631067961165046
0 0.8941326530612246 0.11802184466019416 0.037480376766091054 0.03337378640776699
0 0.6210753532182104 0.13683252427184464 0.03571428571428572 0.01820388349514563
0 0.657967032967033 0.13561893203883493 0.02708006279434851 0.0212378640776699
0 0.6917189952904239 0.14563106796116504 0.05062794348508635 0.03398058252427184
0 0.7301805337519623 0.1453276699029126 0.023940345368916798 0.03155339805825243
0 0.7722723704866562 0.1472997572815534 0.056711145996860286 0.03731796116504854
0 0.832221350078493 0.14699635922330095 0.05886970172684459 0.033677184466019416
0 0.878041601255887 0.14805825242718446 0.030416012558869703 0.023665048543689317
0 0.6766091051805337 0.17233009708737862 0.0773155416012559 0.03519417475728155
0 0.7364599686028258 0.1765776699029126 0.0423861852433281 0.02427184466019417
0 0.7729591836734694 0.17718446601941745 0.03610675039246468 0.028519417475728153
0 0.8205455259026688 0.1685376213592233 0.05121664050235479 0.02336165048543689
0 0.8576334379905809 0.16702063106796114 0.01785714285714286 0.02336165048543689
0 0.8804945054945056 0.16398665048543687 0.027472527472527476 0.020934466019417473
0 0.9075745682888541 0.1700546116504854 0.023155416012558872 0.02214805825242718
0 0.6221546310832026 0.19371966019417475 0.039050235478806906 0.026395631067961164
0 0.6631671899529042 0.19129247572815533 0.018642072213500786 0.020934466019417473
0 0.7021193092621665 0.1920509708737864 0.05572998430141288 0.023058252427184463
0 0.753434065934066 0.19250606796116504 0.034340659340659344 0.019720873786407765
0 0.8051412872841445 0.19720873786407767 0.06593406593406594 0.01820388349514563
0 0.868229984301413 0.19584344660194172 0.056711145996860286 0.0245752427184466
0 0.6184262166405023 0.21859830097087377 0.027276295133437992 0.018507281553398057
0 0.6603218210361068 0.22148058252427183 0.029827315541601257 0.017597087378640776
0 0.7032967032967034 0.230127427184466 0.06750392464678179 0.031856796116504854
0 0.7762951334379906 0.22785194174757278 0.07417582417582418 0.035800970873786406
0 0.8395800627943486 0.23209951456310676 0.05788854003139718 0.035800970873786406
0 0.8959968602825746 0.22072208737864077 0.049450549450549455 0.025182038834951456
0 0.6186224489795918 0.24893810679611647 0.032770800627943485 0.020934466019417473
0 0.6623822605965464 0.2534890776699029 0.047291993720565154 0.015473300970873785
0 0.7131083202511774 0.25212378640776695 0.028649921507064365 0.015776699029126214
0 0.759124803767661 0.24939320388349512 0.032378335949764525 0.019417475728155338
0 0.8073979591836735 0.25106189320388345 0.06259811616954475 0.01911407766990291
0 0.6317700156985872 0.2759405339805825 0.05710361067503925 0.0391383495145631
0 0.7627551020408164 0.2768507281553398 0.06397174254317112 0.022754854368932036
0 0.8154434850863422 0.2724514563106796 0.03512558869701727 0.021844660194174755
0 0.8456632653061225 0.27275485436893204 0.025313971742543174 0.020024271844660192
0 0.8877551020408164 0.26956917475728154 0.057692307692307696 0.028216019417475726
0 0.6145015698587127 0.29990898058252424 0.02374411302982732 0.01729368932038835
0 0.6532574568288855 0.30142597087378636 0.04827315541601256 0.022754854368932036
0 0.7063383045525903 0.3058252427184466 0.05514128728414443 0.02669902912621359
0 0.7545133437990581 0.304004854368932 0.03532182103610675 0.02245145631067961
0 0.7934654631083203 0.30430825242718446 0.040620094191522765 0.01699029126213592
0 0.8487048665620095 0.3064320388349514 0.06475667189952905 0.04186893203883495
0 0.6289246467817897 0.32812499999999994 0.054552590266875985 0.030643203883495142
0 0.6724882260596546 0.33085558252427183 0.021585557299843017 0.026395631067961164
0 0.6982927786499216 0.33373786407766987 0.02806122448979592 0.02427184466019417
0 0.7315541601255887 0.33798543689320387 0.029827315541601257 0.019417475728155338
0 0.7626569858712716 0.3426881067961165 0.03630298273155416 0.031856796116504854
0 0.8173076923076924 0.3387439320388349 0.05102040816326531 0.030643203883495142
0 0.8807888540031398 0.3235740291262136 0.042582417582417584 0.0245752427184466
0 0.6221546310832026 0.36392597087378636 0.04768445839874411 0.03003640776699029
0 0.6894623233908949 0.36680825242718446 0.053571428571428575 0.01820388349514563
0 0.7655023547880692 0.36802184466019416 0.08791208791208792 0.023058252427184463
0 0.8530219780219781 0.36028519417475724 0.07927786499215071 0.02214805825242718
0 0.6152864992150707 0.3979065533980582 0.02806122448979592 0.019720873786407765
0 0.6714089481946626 0.4032160194174757 0.07280219780219781 0.03640776699029126
0 0.7369505494505495 0.3966929611650485 0.04650706436420722 0.02882281553398058
0 0.7874803767660911 0.39487257281553395 0.04003139717425432 0.027609223300970872
0 0.8416405023547882 0.39138349514563103 0.057692307692307696 0.02487864077669903
0 0.891287284144427 0.3872876213592233 0.03728414442700157 0.027609223300970872
0 0.6241169544740973 0.42703276699029125 0.05317896389324961 0.028216019417475726
0 0.6766091051805337 0.43749999999999994 0.0521978021978022 0.03155339805825243
0 0.7275313971742544 0.42369538834951453 0.048469387755102046 0.027002427184466018
0 0.782967032967033 0.43871359223300965 0.07260596546310832 0.03094660194174757
0 0.8372252747252747 0.4344660194174757 0.037480376766091054 0.03337378640776699
0 0.8699960753532182 0.4321905339805825 0.03787284144427002 0.034890776699029125
0 0.9038461538461539 0.4189927184466019 0.027472527472527476 0.0279126213592233
0 0.6204866562009419 0.45600728155339804 0.04120879120879121 0.023058252427184463
0 0.66100863422292 0.45949635922330095 0.030808477237048666 0.016686893203883495
0 0.7117346938775511 0.4588895631067961 0.06868131868131869 0.02032766990291262
0 0.7949372056514914 0.45873786407766987 0.0859497645211931 0.025485436893203883
0 0.8692111459968603 0.45540048543689315 0.048861852433281006 0.023665048543689317
0 0.6287284144427002 0.49089805825242716 0.05376766091051806 0.03398058252427184
0 0.6949568288854003 0.4924150485436893 0.07280219780219781 0.035800970873786406
0 0.7562794348508635 0.48665048543689315 0.043171114599686033 0.02427184466019417
0 0.802295918367347 0.48725728155339804 0.04415227629513344 0.0212378640776699
0 0.837519623233909 0.4858919902912621 0.028649921507064365 0.020934466019417473
0 0.8994309262166406 0.48862257281553395 0.043759811616954476 0.027609223300970872
0 0.6151883830455259 0.5180521844660194 0.02786499215070644 0.01911407766990291
0 0.6775902668759812 0.5189623786407767 0.05808477237048666 0.031249999999999997
0 0.7360675039246468 0.5254854368932038 0.05847723704866562 0.03519417475728155
0 0.7915031397174255 0.5188106796116504 0.04964678178963894 0.017597087378640776
0 0.8407574568288855 0.5277609223300971 0.050824175824175824 0.033677184466019416
0 0.8351648351648352 0.5053094660194174 0.05886970172684459 0.015473300970873785
0 0.8941326530612246 0.5087985436893203 0.05514128728414443 0.028519417475728153
0 0.6604199372056515 0.551881067961165 0.0684850863422292 0.04429611650485436
0 0.7309654631083203 0.5567354368932038 0.07417582417582418 0.02973300970873786
0 0.8222135007849294 0.5517293689320388 0.09811616954474098 0.043992718446601936
0 0.8949175824175825 0.547633495145631 0.05828100470957614 0.04186893203883495
0 0.6273547880690739 0.5814623786407767 0.06554160125588697 0.031856796116504854
0 0.6832810047095762 0.5778216019417475 0.04199372056514914 0.03610436893203883
0 0.744701726844584 0.5775182038834951 0.07221350078492936 0.02336165048543689
0 0.8328100470957615 0.5858616504854368 0.06868131868131869 0.03398058252427184
0 0.8938383045525903 0.5773665048543689 0.0565149136577708 0.04126213592233009
0 0.6311813186813188 0.6151395631067961 0.0782967032967033 0.034890776699029125
0 0.6997645211930926 0.6089199029126213 0.04905808477237049 0.019417475728155338
0 0.737146781789639 0.6166565533980582 0.03316326530612245 0.028216019417475726
0 0.7782574568288855 0.6063410194174756 0.049450549450549455 0.02578883495145631
0 0.864010989010989 0.6057342233009708 0.11145996860282575 0.033677184466019416
0 0.6492346938775511 0.6438106796116504 0.05788854003139718 0.0345873786407767
0 0.7052590266875982 0.6427487864077669 0.05102040816326531 0.034890776699029125
0 0.755690737833595 0.6410800970873786 0.05847723704866562 0.02669902912621359
0 0.8217229199372057 0.6324332524271844 0.022174254317111463 0.021541262135922327
0 0.8901098901098902 0.6381978155339805 0.062401883830455265 0.04035194174757281
0 0.6339285714285715 0.6706614077669902 0.07437205651491366 0.03671116504854369
0 0.7026098901098902 0.6689927184466019 0.030808477237048666 0.017597087378640776
0 0.756083202511774 0.665503640776699 0.07182103610675039 0.02882281553398058
0 0.8251569858712716 0.6752123786407767 0.062401883830455265 0.027609223300970872
0 0.8723508634222921 0.6630764563106796 0.03355572998430142 0.02214805825242718
0 0.9059065934065934 0.6642900485436892 0.03159340659340659 0.0245752427184466
0 0.6235282574568289 0.6905339805825242 0.050431711145996864 0.02487864077669903
0 0.671605180533752 0.6949332524271844 0.042582417582417584 0.02032766990291262
0 0.717032967032967 0.6966019417475727 0.04709576138147567 0.02669902912621359
0 0.7806122448979592 0.7013046116504854 0.07417582417582418 0.03307038834951456
0 0.8735282574568289 0.701001213592233 0.09635007849293564 0.04277912621359223
0 0.6352040816326531 0.7231492718446602 0.07339089481946626 0.01729368932038835
0 0.6870094191522763 0.7217839805825242 0.023940345368916798 0.025485436893203883
0 0.7139913657770801 0.7264866504854368 0.028846153846153848 0.0245752427184466
0 0.7469583987441131 0.7281553398058251 0.034340659340659344 0.015776699029126214
0 0.8168171114599686 0.7229975728155339 0.10145211930926218 0.020024271844660192
0 0.8905023547880692 0.7292172330097086 0.052590266875981166 0.034890776699029125
0 0.6328492935635793 0.7581917475728155 0.08281004709576138 0.0345873786407767
0 0.7096742543171115 0.7609223300970873 0.07633437990580848 0.040048543689320384
0 0.7647174254317112 0.7521237864077669 0.03218210361067504 0.025485436893203883
0 0.793563579277865 0.7510618932038834 0.02433281004709576 0.02214805825242718
0 0.6164638932496076 0.7821601941747572 0.042189952904238624 0.023058252427184463
0 0.6702315541601256 0.7900485436893203 0.05710361067503925 0.019417475728155338
0 0.7258634222919937 0.7973300970873786 0.06397174254317112 0.029126213592233007
0 0.7720761381475668 0.7847390776699028 0.025706436420722137 0.019720873786407765
0 0.6223508634222921 0.8143203883495145 0.05121664050235479 0.03337378640776699
0 0.6661106750392465 0.8279733009708737 0.03708791208791209 0.03337378640776699
0 0.7210557299843015 0.823877427184466 0.07044740973312402 0.020934466019417473
0 0.7972919937205653 0.8203883495145631 0.07299843014128729 0.0345873786407767
0 0.6312794348508635 0.8393507281553397 0.06868131868131869 0.030643203883495142
0 0.6831828885400314 0.8557342233009708 0.037480376766091054 0.028216019417475726
0 0.7281200941915228 0.8473907766990291 0.05278649921507065 0.023058252427184463
0 0.7883634222919937 0.8502730582524272 0.05592621664050236 0.01729368932038835
0 0.646585557299843 0.8753033980582523 0.054552590266875985 0.02427184466019417
0 0.7456828885400314 0.8762135922330097 0.052590266875981166 0.023058252427184463
0 0.7885596546310832 0.8818264563106796 0.03865777080062795 0.027609223300970872
0 0.6163657770800628 0.8980582524271844 0.03885400313971743 0.020631067961165046
0 0.6502158555729984 0.8989684466019416 0.022566718995290426 0.017597087378640776
0 0.6870094191522763 0.9054915048543688 0.06043956043956044 0.033677184466019416
0 0.7325353218210362 0.8957827669902911 0.026295133437990583 0.02214805825242718
