0 0.17278257456828885 0.08388956310679611 0.02374411302982732 0.016686893203883495
0 0.21438383045525905 0.08540655339805825 0.05788854003139718 0.042172330097087374
0 0.29101255886970173 0.08586165048543688 0.08673469387755102 0.03398058252427184
0 0.3548861852433281 0.08510315533980582 0.03473312401883831 0.013046116504854368
0 0.38912872841444274 0.08586165048543688 0.03100470957613815 0.01699029126213592
0 0.4206240188383046 0.07751820388349513 0.03473312401883831 0.025182038834951456
0 0.21055729984301413 0.12166262135922329 0.11028257456828885 0.04186893203883495
0 0.27953296703296704 0.11908373786407767 0.03316326530612245 0.02578883495145631
0 0.32859105180533754 0.10998179611650484 0.06102825745682889 0.02032766990291262
0 0.39972527472527475 0.10861650485436893 0.06789638932496075 0.02245145631067961
0 0.45054945054945056 0.1151395631067961 0.046703296703296704 0.030643203883495142
0 0.1735675039246468 0.13910800970873785 0.021389324960753534 0.02578883495145631
0 0.21173469387755103 0.14699635922330095 0.05886970172684459 0.040958737864077666
0 0.2667778649921507 0.1409283980582524 0.04336734693877551 0.016686893203883495
0 0.31387362637362637 0.13895631067961164 0.04925431711145997 0.025485436893203883
0 0.35625981161695447 0.13880461165048544 0.02806122448979592 0.01911407766990291
0 0.3981554160125589 0.13425364077669902 0.04709576138147567 0.02336165048543689
0 0.45162872841444274 0.13910800970873785 0.056711145996860286 0.029429611650485434
0 0.17768838304552592 0.17384708737864077 0.031200941915227633 0.019417475728155338
0 0.21585557299843017 0.1688410194174757 0.04277864992150707 0.018507281553398057
0 0.25588697017268447 0.1700546116504854 0.027472527472527476 0.01729368932038835
0 0.2979788069073784 0.16899271844660194 0.05631868131868132 0.023058252427184463
0 0.3667582417582418 0.16656553398058252 0.04513343799058085 0.025485436893203883
0 0.4364207221350079 0.1699029126213592 0.09144427001569859 0.037014563106796114
0 0.18848116169544743 0.20251820388349512 0.035910518053375196 0.01911407766990291
0 0.23027864992150707 0.21313713592233008 0.05239403453689168 0.03246359223300971
0 0.2861067503924647 0.19599514563106796 0.04827315541601256 0.027305825242718445
0 0.3479199372056515 0.20266990291262135 0.06946624803767662 0.03519417475728155
0 0.40168759811616955 0.20358009708737862 0.0423861852433281 0.02973300970873786
0 0.4521193092621664 0.20266990291262135 0.06789638932496075 0.03094660194174757
0 0.2013343799058085 0.22876213592233008 0.07299843014128729 0.025485436893203883
0 0.2566718995290424 0.23604368932038833 0.04748822605965464 0.04186893203883495
0 0.3067111459968603 0.22770024271844658 0.0565149136577708 0.02032766990291262
0 0.3648940345368917 0.23194781553398056 0.06377551020408163 0.042172330097087374
0 0.4192503924646782 0.2248179611650485 0.03944270015698587 0.015776699029126214
0 0.45722135007849296 0.232251213592233 0.051412872841444274 0.03246359223300971
0 0.18828492935635793 0.2633495145631068 0.05121664050235479 0.028519417475728153
0 0.2332221350078493 0.2724514563106796 0.03983516483516484 0.03519417475728155
0 0.27001569858712715 0.25743325242718446 0.033359497645211934 0.01911407766990291
0 0.3378139717425432 0.2606189320388349 0.10027472527472528 0.025485436893203883
0 0.40924254317111464 0.26850728155339804 0.03865777080062795 0.032766990291262135
0 0.45702511773940346 0.2589502427184466 0.052982731554160126 0.04035194174757281
0 0.18848116169544743 0.29672330097087374 0.05160910518053376 0.03216019417475728
0 0.24097331240188385 0.2932342233009709 0.04356357927786499 0.03974514563106796
0 0.2837519623233909 0.29778519417475724 0.031789638932496075 0.030643203883495142
0 0.33653846153846156 0.2882281553398058 0.06868131868131869 0.02427184466019417
0 0.43995290423861855 0.2924757281553398 0.0773155416012559 0.03944174757281553
0 0.18857927786499215 0.31993325242718446 0.05690737833594977 0.019720873786407765
0 0.2461734693877551 0.32008495145631066 0.05474882260596547 0.018810679611650484
0 0.32407770800627944 0.32023665048543687 0.092425431711146 0.023968446601941744
0 0.40885007849293564 0.3296419902912621 0.07594191522762951 0.042172330097087374
0 0.46909340659340665 0.3118932038834951 0.03669544740973313 0.02245145631067961
0 0.1752354788069074 0.34845266990291257 0.02433281004709576 0.025182038834951456
0 0.21575745682888542 0.357251213592233 0.06102825745682889 0.04459951456310679
0 0.29788069073783363 0.35103155339805825 0.07535321821036108 0.028519417475728153
0 0.37421507064364207 0.34723907766990286 0.06554160125588697 0.0245752427184466
0 0.18779434850863425 0.38152305825242716 0.05180533751962324 0.02214805825242718
0 0.23881475667189955 0.3900182038834951 0.0521978021978022 0.030643203883495142
0 0.3048469387755102 0.38000606796116504 0.06927001569858714 0.02882281553398058
0 0.36558084772370486 0.382129854368932 0.041601255886970175 0.023968446601941744
0 0.39884222919937207 0.37682038834951453 0.02295918367346939 0.029126213592233007
0 0.4446624803767661 0.37363470873786403 0.06318681318681318 0.030643203883495142
0 0.1973116169544741 0.41944781553398053 0.07515698587127159 0.03731796116504854
0 0.2536302982731554 0.4214199029126213 0.03826530612244898 0.029126213592233007
0 0.2995486656200942 0.419751213592233 0.0500392464678179 0.03549757281553398
0 0.34870486656200944 0.418385922330097 0.04905808477237049 0.03519417475728155
0 0.4012951334379906 0.4162621359223301 0.0663265306122449 0.04126213592233009
0 0.46212715855573 0.4042779126213592 0.044740973312401885 0.028216019417475726
0 0.1757260596546311 0.44174757281553395 0.02374411302982732 0.017597087378640776
0 0.22635400313971743 0.4390169902912621 0.050431711145996864 0.0212378640776699
0 0.26932888540031397 0.45449029126213586 0.040620094191522765 0.032766990291262135
0 0.3110282574568289 0.43916868932038833 0.04120879120879121 0.02214805825242718
0 0.358712715855573 0.4458434466019417 0.06397174254317112 0.048847087378640776
0 0.4341640502354788 0.44007888349514557 0.08928571428571429 0.03974514563106796
0 0.20908555729984302 0.4772451456310679 0.09831240188383046 0.035800970873786406
0 0.2980769230769231 0.47345266990291257 0.06789638932496075 0.027609223300970872
0 0.3569466248037677 0.4755764563106796 0.04905808477237049 0.04035194174757281
0 0.40257064364207223 0.4638956310679611 0.042189952904238624 0.025485436893203883
0 0.4565345368916798 0.4610133495145631 0.05788854003139718 0.022754854368932036
0 0.2343995290423862 0.5048543689320388 0.0881083202511774 0.03519417475728155
0 0.3141679748822606 0.5054611650485437 0.07221350078492936 0.023665048543689317
0 0.37333202511773944 0.5078883495145631 0.04964678178963894 0.03155339805825243
0 0.42268445839874413 0.5027305825242718 0.04513343799058085 0.03337378640776699
0 0.19054160125588698 0.5257888349514562 0.054552590266875985 0.02973300970873786
0 0.2711930926216641 0.5338288834951456 0.09536891679748823 0.040958737864077666
0 0.3550824175824176 0.5326152912621359 0.04336734693877551 0.02336165048543689
0 0.39256279434850866 0.5250303398058253 0.02295918367346939 0.028216019417475726
0 0.44731161695447413 0.5215412621359223 0.0794740973312402 0.03155339805825243
0 0.1982927786499215 0.5585558252427184 0.06730769230769232 0.02487864077669903
0 0.28502747252747257 0.5688713592233009 0.07319466248037677 0.04490291262135922
0 0.3470368916797488 0.5712985436893203 0.05631868131868132 0.035800970873786406
0 0.43759811616954475 0.5576456310679612 0.09811616954474098 0.03822815533980582
0 0.20408163265306123 0.5951152912621359 0.07692307692307693 0.0245752427184466
0 0.27953296703296704 0.5970873786407767 0.07633437990580848 0.04672330097087378
0 0.36077315541601257 0.5879854368932038 0.07397959183673469 0.028519417475728153
0 0.4188579277864992 0.5838895631067961 0.034340659340659344 0.027002427184466018
0 0.4612441130298273 0.5940533980582524 0.055533751962323394 0.0345873786407767
0 0.20172684458398746 0.6233313106796116 0.07025117739403454 0.027609223300970872
0 0.2550039246467818 0.6266686893203883 0.023351648351648352 0.021541262135922327
0 0.30808477237048665 0.6231796116504854 0.076138147566719 0.03337378640776699
0 0.3900117739403454 0.6149878640776698 0.05788854003139718 0.023058252427184463
0 0.4556514913657771 0.6084648058252426 0.06593406593406594 0.021541262135922327
0 0.21232339089481947 0.661256067961165 0.10400313971742543 0.042172330097087374
0 0.32790423861852436 0.6542779126213591 0.10047095761381476 0.03003640776699029
0 0.3974686028257457 0.6583737864077669 0.03787284144427002 0.030339805825242715
0 0.46673861852433285 0.6433555825242718 0.0445447409733124 0.028216019417475726
0 0.2133045525902669 0.6961468446601942 0.09536891679748823 0.03671116504854369
0 0.2915031397174255 0.6846177184466019 0.05121664050235479 0.027609223300970872
0 0.34762558869701726 0.686134708737864 0.059850863422292 0.037924757281553395
0 0.39952904238618525 0.6785497572815533 0.03924646781789639 0.0245752427184466
0 0.4346546310832025 0.6755157766990291 0.029827315541601257 0.023968446601941744
0 0.1867150706436421 0.714502427184466 0.04336734693877551 0.03094660194174757
0 0.23793171114599687 0.7161711165048543 0.060243328100470964 0.02214805825242718
0 0.3276098901098901 0.7122269417475727 0.07476452119309263 0.026395631067961164
0 0.4117935635792779 0.7179915048543689 0.09478021978021979 0.042172330097087374
0 0.2032967032967033 0.7452973300970873 0.08281004709576138 0.030643203883495142
0 0.3416405023547881 0.7389259708737863 0.04081632653061225 0.025182038834951456
0 0.378434065934066 0.7395327669902912 0.032378335949764525 0.02032766990291262
0 0.42719780219780223 0.733009708737864 0.052982731554160126 0.02669902912621359
0 0.20722135007849296 0.7797330097087378 0.04081632653061225 0.02487864077669903
0 0.26707221350078497 0.7906553398058251 0.06475667189952905 0.037014563106796114
0 0.3414442700156986 0.7757888349514562 0.07888540031397175 0.023058252427184463
0 0.4231750392464678 0.7660800970873786 0.032378335949764525 0.02487864077669903
0 0.46458006279434855 0.7729065533980581 0.045722135007849295 0.031249999999999997
0 0.22596153846153846 0.8222087378640776 0.07044740973312402 0.032766990291262135
0 0.2968995290423862 0.8158373786407767 0.05847723704866562 0.03944174757281553
0 0.407574568288854 0.7971783980582524 0.07967032967032968 0.029429611650485434
0 0.1896585557299843 0.8572512135922329 0.04297488226059655 0.03671116504854369
0 0.38392857142857145 0.8398058252427184 0.06377551020408163 0.018810679611650484
0 0.4619309262166405 0.8294902912621358 0.031397174254317116 0.026092233009708737
0 0.2006475667189953 0.8919902912621358 0.08182888540031398 0.035800970873786406
0 0.29660518053375196 0.882129854368932 0.10302197802197803 0.04459951456310679
0 0.38912872841444274 0.8681735436893203 0.07574568288854004 0.02578883495145631
0 0.4633045525902669 0.8637742718446602 0.039638932496075356 0.020024271844660192
0 0.2415620094191523 0.9173240291262135 0.05886970172684459 0.034890776699029125
0 0.3066130298273156 0.9171723300970873 0.06770015698587127 0.03398058252427184
0 0.38392857142857145 0.9059466019417475 0.0881083202511774 0.0424757281553398
0 0.4588893249607536 0.8950242718446602 0.043759811616954476 0.027305825242718445
0 0.29248430141287285 0.9399271844660193 0.03198587127158556 0.023058252427184463
0 0.3360478806907379 0.9414441747572815 0.053571428571428575 0.046116504854368925
0 0.38657770800627944 0.9415958737864076 0.05847723704866562 0.04035194174757281
0 0.6808281004709577 0.07933859223300971 0.06377551020408163 0.020934466019417473
0 0.7404827315541602 0.08009708737864077 0.05160910518053376 0.019417475728155338
0 0.8262362637362638 0.07933859223300971 0.08182888540031398 0.033677184466019416
0 0.892072213500785 0.07888349514563106 0.03100470957613815 0.015776699029126214
0 0.6090070643642073 0.1195388349514563 0.055533751962323394 0.03337378640776699
0 0.6658163265306123 0.10922330097087378 0.047880690737833596 0.037014563106796114
0 0.7100667189952905 0.10224514563106796 0.035910518053375196 0.02427184466019417
0 0.7728610675039247 0.11453276699029125 0.08653846153846155 0.03428398058252427
0 0.8694073783359498 0.10603762135922329 0.07790423861852434 0.027609223300970872
0 0.6353021978021979 0.14456917475728154 0.04964678178963894 0.03610436893203883
0 0.6978021978021979 0.1330400485436893 0.02904238618524333 0.028216019417475726
0 0.7602040816326531 0.14365898058252427 0.09811616954474098 0.04035194174757281
0 0.8360478806907379 0.13364684466019416 0.037480376766091054 0.02032766990291262
0 0.877649136577708 0.13425364077669902 0.042582417582417584 0.03549757281553398
0 0.606456043956044 0.17581917475728154 0.0641679748822606 0.034890776699029125
0 0.6849489795918368 0.1700546116504854 0.08653846153846155 0.03428398058252427
0 0.7801216640502355 0.16565533980582522 0.10027472527472528 0.02487864077669903
0 0.8669544740973313 0.16717233009708737 0.08006279434850865 0.032766990291262135
0 0.6223508634222921 0.2020631067961165 0.0684850863422292 0.032766990291262135
0 0.6760204081632654 0.1923543689320388 0.02708006279434851 0.020024271844660192
0 0.7051609105180534 0.19159587378640774 0.03002354788069074 0.021541262135922327
0 0.7529434850863422 0.19629854368932037 0.06750392464678179 0.025485436893203883
0 0.8142660910518054 0.19265776699029125 0.045329670329670335 0.014563106796116504
0 0.870486656200942 0.20069781553398056 0.07810047095761381 0.03610436893203883
0 0.6344191522762952 0.22072208737864077 0.09497645211930927 0.03731796116504854
0 0.7187990580847724 0.23088592233009705 0.07574568288854004 0.03398058252427184
0 0.7946428571428572 0.2234526699029126 0.07044740973312402 0.03003640776699029
0 0.8717621664050236 0.21814320388349512 0.059850863422292 0.03337378640776699
0 0.6053767660910518 0.2534890776699029 0.03571428571428572 0.020934466019417473
0 0.6366758241758242 0.2615291262135922 0.03630298273155416 0.029126213592233007
0 0.6759222919937206 0.2536407766990291 0.04297488226059655 0.027305825242718445
0 0.7400902668759812 0.2557645631067961 0.048861852433281006 0.017597087378640776
0 0.7894427001569859 0.2615291262135922 0.06397174254317112 0.0424757281553398
0 0.8386970172684459 0.24833131067961162 0.03218210361067504 0.02214805825242718
0 0.8802001569858713 0.2515169902912621 0.04768445839874411 0.030339805825242715
0 0.6093995290423863 0.2804915048543689 0.043759811616954476 0.023968446601941744
0 0.6636577708006279 0.2891383495145631 0.060832025117739406 0.04490291262135922
0 0.7124215070643642 0.2944478155339806 0.04493720565149137 0.03549757281553398
0 0.7669740973312402 0.28504247572815533 0.05239403453689168 0.018507281553398057
0 0.8076923076923077 0.2783677184466019 0.027472527472527476 0.02578883495145631
0 0.8790227629513344 0.277002427184466 0.04807692307692308 0.025485436893203883
0 0.6025313971742543 0.3076456310679611 0.027668759811616955 0.0212378640776699
0 0.6302001569858713 0.3079490291262136 0.02374411302982732 0.015776699029126214
0 0.6561028257456829 0.31341019417475724 0.02806122448979592 0.016383495145631068
0 0.7119309262166406 0.3161407766990291 0.044348508634222926 0.016383495145631068
0 0.7606946624803768 0.3114381067961165 0.0500392464678179 0.020934466019417473
0 0.826138147566719 0.3140169902912621 0.08006279434850865 0.03640776699029126
0 0.8909929356357928 0.3038531553398058 0.025706436420722137 0.022754854368932036
0 0.6128335949764522 0.34602548543689315 0.05729984301412873 0.03307038834951456
0 0.6741562009419153 0.34663228155339804 0.06338304552590267 0.03246359223300971
0 0.8031789638932496 0.33692354368932037 0.034929356357927786 0.01486650485436893
0 0.8415423861852434 0.3422330097087378 0.060243328100470964 0.037014563106796114
0 0.6093014128728415 0.37484830097087374 0.06043956043956044 0.03246359223300971
0 0.6780808477237049 0.36347087378640774 0.06259811616954475 0.023665048543689317
0 0.7281200941915228 0.3663531553398058 0.032770800627943485 0.01911407766990291
0 0.8010204081632654 0.36559466019417475 0.05102040816326531 0.023665048543689317
0 0.8645996860282575 0.3577063106796116 0.0706436420722135 0.027305825242718445
0 0.6284340659340659 0.4006371359223301 0.08732339089481947 0.029429611650485434
0 0.7027080062794349 0.39532766990291257 0.054552590266875985 0.02973300970873786
0 0.7791405023547882 0.4035194174757281 0.09556514913657771 0.043082524271844655
0 0.8689167974882261 0.39259708737864074 0.06514913657770802 0.03944174757281553
0 0.6162676609105181 0.42430218446601936 0.05749607535321821 0.025182038834951456
0 0.6888736263736264 0.44007888349514557 0.03512558869701727 0.029429611650485434
0 0.7321428571428572 0.42809466019417475 0.043171114599686033 0.02487864077669903
0 0.7820839874411304 0.43628640776699024 0.05631868131868132 0.03822815533980582
0 0.8421310832025118 0.42202669902912615 0.056711145996860286 0.018810679611650484
0 0.605671114599686 0.4526699029126213 0.03512558869701727 0.023058252427184463
0 0.6766091051805337 0.460254854368932 0.10164835164835165 0.025485436893203883
0 0.7527472527472527 0.4588895631067961 0.049450549450549455 0.025182038834951456
0 0.8170133437990581 0.4601031553398058 0.07123233908948196 0.0245752427184466
0 0.8785321821036107 0.45494538834951453 0.038461538461538464 0.03671116504854369
0 0.6149921507064364 0.4943871359223301 0.08124018838304553 0.033677184466019416
0 0.6770996860282575 0.4924150485436893 0.03787284144427002 0.023058252427184463
0 0.7258634222919937 0.4969660194174757 0.05886970172684459 0.03822815533980582
0 0.8135792778649922 0.48771237864077666 0.10753532182103612 0.028216019417475726
0 0.6159733124018839 0.5191140776699029 0.05102040816326531 0.03640776699029126
0 0.67425431711146 0.5232099514563107 0.05847723704866562 0.03974514563106796
0 0.7325353218210362 0.5314016990291262 0.051412872841444274 0.03003640776699029
0 0.7853218210361068 0.5282160194174756 0.05808477237048666 0.03398058252427184
0 0.8437990580847724 0.5212378640776698 0.05729984301412873 0.037014563106796114
0 0.8901098901098902 0.516383495145631 0.031789638932496075 0.023058252427184463
0 0.6234301412872841 0.5558252427184466 0.05572998430141288 0.04065533980582524
0 0.6776883830455259 0.561134708737864 0.06220565149136578 0.03671116504854369
0 0.7449960753532182 0.5550667475728155 0.06573783359497645 0.02882281553398058
0 0.8402668759811618 0.556128640776699 0.12676609105180534 0.046116504854368925
0 0.6097919937205651 0.5826759708737863 0.03983516483516484 0.02214805825242718
0 0.6559065934065934 0.5811589805825242 0.052001569858712716 0.03003640776699029
0 0.7203689167974883 0.5844963592233009 0.07299843014128729 0.020934466019417473
0 0.790914442700157 0.5901092233009708 0.05945839874411303 0.035800970873786406
0 0.8645996860282575 0.5752427184466019 0.0804552590266876 0.03094660194174757
0 0.631868131868132 0.6177184466019416 0.08398744113029828 0.030339805825242715
0 0.7144819466248038 0.6142293689320388 0.06318681318681318 0.021541262135922327
0 0.7771781789638933 0.6128640776699028 0.050824175824175824 0.02973300970873786
0 0.8289835164835165 0.609375 0.04415227629513344 0.022754854368932036
0 0.878434065934066 0.6039138349514562 0.04807692307692308 0.028216019417475726
0 0.6262755102040817 0.6391080097087378 0.07437205651491366 0.021541262135922327
0 0.703394819466248 0.6422936893203883 0.07633437990580848 0.028519417475728153
0 0.7865973312401884 0.6357706310679611 0.07986656200941916 0.027002427184466018
0 0.869309262166405 0.6389563106796116 0.0804552590266876 0.03398058252427184
0 0.6061616954474097 0.6755157766990291 0.05180533751962324 0.04702669902912621
0 0.6544348508634223 0.6776395631067961 0.05729984301412873 0.040958737864077666
0 0.728806907378336 0.6720266990291262 0.07967032967032968 0.023665048543689317
0 0.8289835164835165 0.6709648058252426 0.09007064364207222 0.042172330097087374
0 0.8882456828885401 0.6573118932038834 0.026491365777080063 0.023968446601941744
0 0.6274529042386185 0.7064623786407767 0.07397959183673469 0.031856796116504854
0 0.6965266875981162 0.7006978155339805 0.06259811616954475 0.0245752427184466
0 0.7604984301412874 0.7019114077669902 0.05631868131868132 0.02214805825242718
0 0.804945054945055 0.6964502427184466 0.030612244897959186 0.026395631067961164
0 0.8676412872841445 0.7003944174757281 0.06377551020408163 0.02336165048543689
0 0.6598312401883831 0.7290655339805825 0.14266091051805338 0.0279126213592233
0 0.7527472527472527 0.730885922330097 0.04081632653061225 0.01820388349514563
0 0.8272174254317112 0.7252730582524272 0.09635007849293564 0.025182038834951456
0 0.8919740973312402 0.7310376213592232 0.03669544740973313 0.03307038834951456
0 0.6388343799058085 0.7557645631067961 0.10027472527472528 0.02973300970873786
0 0.7229199372056515 0.759253640776699 0.03924646781789639 0.02578883495145631
0 0.7585361067503925 0.7581917475728155 0.02413657770800628 0.028519417475728153
0 0.7944466248037677 0.7604672330097086 0.03865777080062795 0.023968446601941744
0 0.8325156985871273 0.7565230582524272 0.03394819466248038 0.02336165048543689
0 0.6358908948194663 0.7918689320388349 0.10930141287284145 0.04490291262135922
0 0.7215463108320251 0.7880764563106796 0.04591836734693878 0.02578883495145631
0 0.7623626373626374 0.7941444174757281 0.039638932496075356 0.03428398058252427
0 0.8083791208791209 0.7944478155339805 0.04493720565149137 0.037924757281553395
0 0.6137166405023549 0.8200849514563107 0.0641679748822606 0.02487864077669903
0 0.6794544740973313 0.8299453883495145 0.08300627943485087 0.04459951456310679
0 0.769721350078493 0.819629854368932 0.07201726844583987 0.023968446601941744
0 0.8329081632653061 0.8134101941747572 0.04689952904238619 0.02427184466019417
0 0.6876962323390895 0.8501213592233009 0.11479591836734694 0.030339805825242715
0 0.7838500784929356 0.8476941747572815 0.06691522762951335 0.029126213592233007
0 0.6179356357927787 0.8819781553398057 0.05808477237048666 0.03155339805825243
0 0.6956436420722135 0.8793992718446602 0.0847723704866562 0.02578883495145631
0 0.778061224489796 0.8789441747572815 0.07260596546310832 0.020024271844660192
0 0.6106750392464678 0.9023058252427184 0.04120879120879121 0.026092233009708737
0 0.6557103610675039 0.9082220873786407 0.04611459968602826 0.019720873786407765
0 0.701138147566719 0.9077669902912621 0.04395604395604396 0.01820388349514563
0 0.744309262166405 0.9185376213592232 0.04003139717425432 0.03731796116504854
0 0.6028257456828886 0.9373483009708737 0.030612244897959186 0.030643203883495142
0 0.6510007849293564 0.9365898058252426 0.06338304552590267 0.027305825242718445
0 0.7342032967032968 0.944629854368932 0.06770015698587127 0.02882281553398058
