0 0.08457613814756672 0.1777912621359223 0.029434850863422294 0.015776699029126214
0 0.11685635792778651 0.17354368932038833 0.03708791208791209 0.013349514563106795
0 0.08192700156985872 0.1931128640776699 0.0260989010989011 0.011832524271844658
0 0.11322605965463109 0.19296116504854366 0.04003139717425432 0.0212378640776699
0 0.2564756671899529 0.062196601941747566 0.05180533751962324 0.023058252427184463
0 0.3157378335949765 0.06689927184466019 0.06514913657770802 0.018507281553398057
0 0.37745290423861855 0.05628033980582524 0.052001569858712716 0.02336165048543689
0 0.43543956043956045 0.06295509708737863 0.06828885400313972 0.027609223300970872
0 0.1824960753532182 0.0847997572815534 0.04866562009419152 0.03671116504854369
0 0.24097331240188385 0.08176577669902912 0.04905808477237049 0.02882281553398058
0 0.28512558869701726 0.07979368932038834 0.03414442700156986 0.016383495145631068
0 0.32967032967032966 0.08009708737864077 0.05494505494505495 0.02245145631067961
0 0.3758830455259027 0.08055218446601942 0.035910518053375196 0.0245752427184466
0 0.43180926216640503 0.07933859223300971 0.07476452119309263 0.022754854368932036
0 0.18014128728414444 0.10361043689320387 0.04866562009419152 0.022754854368932036
0 0.24411302982731556 0.1116504854368932 0.07025117739403454 0.02973300970873786
0 0.29768445839874413 0.10603762135922329 0.036891679748822605 0.014259708737864077
0 0.3280023547880691 0.10467233009708737 0.02021193092621664 0.020631067961165046
0 0.36685635792778654 0.1049757281553398 0.05514128728414443 0.0212378640776699
0 0.43602825745682894 0.1039138349514563 0.0816326530612245 0.02214805825242718
0 0.17464678178963894 0.1295509708737864 0.03257456828885401 0.019417475728155338
0 0.25922291993720564 0.13000606796116504 0.06475667189952905 0.02214805825242718
0 0.3387951334379906 0.1330400485436893 0.0402276295133438 0.016686893203883495
0 0.37794348508634223 0.1306128640776699 0.03571428571428572 0.017900485436893203
0 0.4407378335949765 0.12939927184466019 0.054552590266875985 0.019720873786407765
0 0.19034536891679749 0.16368325242718446 0.08241758241758242 0.03307038834951456
0 0.2890502354788069 0.15867718446601942 0.06318681318681318 0.018810679611650484
0 0.3728414442700157 0.1621662621359223 0.08124018838304553 0.03307038834951456
0 0.17896389324960754 0.183252427184466 0.05180533751962324 0.03640776699029126
0 0.2262558869701727 0.1876516990291262 0.04356357927786499 0.037924757281553395
0 0.2629513343799058 0.1856796116504854 0.03100470957613815 0.028519417475728153
0 0.3177001569858713 0.18461771844660194 0.07299843014128729 0.01911407766990291
0 0.3852040816326531 0.18143203883495143 0.06043956043956044 0.01699029126213592
0 0.4436813186813187 0.1831007281553398 0.06828885400313972 0.04338592233009708
0 0.17042778649921508 0.20843446601941745 0.03002354788069074 0.025485436893203883
0 0.2099686028257457 0.20934466019417475 0.05062794348508635 0.030339805825242715
0 0.2765894819466248 0.20600728155339804 0.08065149136577708 0.023058252427184463
0 0.5220761381475667 0.13804611650485435 0.03355572998430142 0.01699029126213592
0 0.5622056514913658 0.1397148058252427 0.046703296703296704 0.01486650485436893
0 0.5165816326530612 0.15625 0.016679748822605967 0.013349514563106795
0 0.571232339089482 0.15124393203883493 0.02786499215070644 0.014259708737864077
0 0.5179552590266876 0.1711165048543689 0.01707221350078493 0.012135922330097085
0 0.5667189952904239 0.17415048543689318 0.052982731554160126 0.023058252427184463
0 0.612146781789639 0.07129854368932038 0.0684850863422292 0.06067961165048543
0 0.6657182103610676 0.0928398058252427 0.053571428571428575 0.03216019417475728
0 0.7226255886970173 0.0816140776699029 0.05828100470957614 0.014563106796116504
0 0.771585557299843 0.0782766990291262 0.043171114599686033 0.017597087378640776
0 0.8129905808477238 0.08434466019417475 0.039638932496075356 0.023665048543689317
0 0.6105769230769231 0.10937499999999999 0.035518053375196236 0.01729368932038835
0 0.6630690737833596 0.10998179611650484 0.06789638932496075 0.01911407766990291
0 0.7181122448979592 0.10603762135922329 0.03512558869701727 0.021541262135922327
0 0.7532378335949765 0.10588592233009708 0.03355572998430142 0.016383495145631068
0 0.8327119309262166 0.10179004854368931 0.07986656200941916 0.017900485436893203
0 0.8975667189952905 0.10983009708737863 0.046703296703296704 0.02427184466019417
0 0.630690737833595 0.13152305825242716 0.05416012558869702 0.022754854368932036
0 0.674646781789639 0.13759101941747573 0.029434850863422294 0.022754854368932036
0 0.7119309262166406 0.13774271844660194 0.03610675039246468 0.02427184466019417
0 0.7669740973312402 0.13501213592233008 0.045722135007849295 0.02669902912621359
0 0.8168171114599686 0.13607402912621358 0.050824175824175824 0.03246359223300971
0 0.8787284144427002 0.13258495145631066 0.07299843014128729 0.032766990291262135
0 0.609105180533752 0.16155946601941745 0.04120879120879121 0.034890776699029125
0 0.694368131868132 0.16489684466019416 0.045722135007849295 0.02882281553398058
0 0.729591836734694 0.16398665048543687 0.024725274725274728 0.0245752427184466
0 0.7845368916797488 0.16520024271844658 0.04591836734693878 0.029429611650485434
0 0.8280023547880692 0.15003033980582522 0.03630298273155416 0.022754854368932036
0 0.8942307692307693 0.15215412621359223 0.038461538461538464 0.019720873786407765
0 0.6075353218210361 0.1843143203883495 0.03885400313971743 0.01911407766990291
0 0.6499215070643642 0.1864381067961165 0.044348508634222926 0.027609223300970872
0 0.7027080062794349 0.18886529126213591 0.05416012558869702 0.02882281553398058
0 0.7492150706436421 0.1911407766990291 0.038461538461538464 0.028519417475728153
0 0.7808084772370487 0.18492111650485435 0.025510204081632654 0.02032766990291262
0 0.8356554160125589 0.17672936893203883 0.07672684458398744 0.018507281553398057
0 0.9016875981161696 0.17809466019417475 0.041601255886970175 0.025485436893203883
0 0.6157770800627944 0.20403519417475727 0.05376766091051806 0.016686893203883495
0 0.6664050235478808 0.21374393203883493 0.036891679748822605 0.025182038834951456
0 0.6984890109890111 0.21253033980582522 0.03630298273155416 0.030643203883495142
0 0.7407770800627944 0.21586771844660194 0.05416012558869702 0.0245752427184466
0 0.8086734693877552 0.20251820388349512 0.076138147566719 0.019720873786407765
0 0.8840266875981162 0.19948422330097085 0.030612244897959186 0.014259708737864077
0 0.6041012558869702 0.22603155339805822 0.02806122448979592 0.015776699029126214
0 0.6311813186813188 0.22982402912621358 0.031200941915227633 0.027002427184466018
0 0.6688579277864992 0.23164441747572814 0.04493720565149137 0.02336165048543689
0 0.7103610675039247 0.23543689320388347 0.039638932496075356 0.023665048543689317
0 0.7523547880690739 0.23088592233009705 0.03100470957613815 0.02669902912621359
0 0.7797291993720565 0.232251213592233 0.02413657770800628 0.018507281553398057
0 0.8145604395604396 0.22512135922330095 0.04513343799058085 0.018810679611650484
0 0.8552786499215072 0.22284587378640774 0.035910518053375196 0.017900485436893203
0 0.8958987441130298 0.22390776699029125 0.050824175824175824 0.03398058252427184
0 0.5988029827315542 0.24954490291262132 0.021781789638932497 0.025182038834951456
0 0.6275510204081634 0.2492415048543689 0.016875981161695447 0.01911407766990291
0 0.6510989010989011 0.24969660194174756 0.026687598116169546 0.021844660194174755
0 0.6801412872841445 0.2604672330097087 0.039638932496075356 0.02214805825242718
0 0.7230180533751963 0.25500606796116504 0.04493720565149137 0.02336165048543689
0 0.7672684458398744 0.25273058252427183 0.04042386185243328 0.016383495145631068
0 0.8004317111459969 0.2503033980582524 0.020408163265306124 0.018810679611650484
0 0.8381083202511774 0.25288228155339804 0.05062794348508635 0.02882281553398058
0 0.8873626373626374 0.24939320388349512 0.05376766091051806 0.037014563106796114
0 0.606063579277865 0.2738167475728155 0.03394819466248038 0.016686893203883495
0 0.6562009419152277 0.2782160194174757 0.06318681318681318 0.025485436893203883
0 0.7132064364207221 0.28200849514563103 0.050431711145996864 0.027002427184466018
0 0.7549058084772371 0.2777609223300971 0.028649921507064365 0.017900485436893203
0 0.7849293563579278 0.2815533980582524 0.04081632653061225 0.03337378640776699
0 0.8576334379905809 0.27412014563106796 0.103414442700157 0.023968446601941744
0 0.6423665620094192 0.30354975728155337 0.06220565149136578 0.025182038834951456
0 0.7082025117739403 0.3087075242718446 0.07535321821036108 0.031249999999999997
0 0.7686420722135008 0.30309466019417475 0.043171114599686033 0.019417475728155338
0 0.8042582417582418 0.3068871359223301 0.03316326530612245 0.03003640776699029
0 0.8476255886970173 0.3073422330097087 0.05710361067503925 0.029126213592233007
0 0.9017857142857143 0.30339805825242716 0.045329670329670335 0.02669902912621359
0 0.6168563579277865 0.33449635922330095 0.06259811616954475 0.0245752427184466
0 0.6927982731554161 0.3364684466019417 0.06613029827315542 0.026092233009708737
0 0.7558869701726845 0.33146237864077666 0.052982731554160126 0.022754854368932036
0 0.8211342229199372 0.32933859223300965 0.059850863422292 0.02032766990291262
0 0.8975667189952905 0.3193264563106796 0.05886970172684459 0.023968446601941744
0 0.617837519623234 0.3558859223300971 0.05278649921507065 0.02427184466019417
0 0.6654238618524333 0.3674150485436893 0.0423861852433281 0.03094660194174757
0 0.7166405023547882 0.36316747572815533 0.05690737833594977 0.023058252427184463
0 0.770113814756672 0.35907160194174753 0.04611459968602826 0.02214805825242718
0 0.8099489795918368 0.3552791262135922 0.030808477237048666 0.023058252427184463
0 0.8413461538461539 0.35694781553398053 0.028453689167974885 0.014259708737864077
0 0.8887362637362638 0.3531553398058252 0.06514913657770802 0.020024271844660192
0 0.6176412872841445 0.38379854368932037 0.05710361067503925 0.035800970873786406
0 0.6761185243328101 0.3875910194174757 0.0543563579277865 0.021541262135922327
0 0.7277276295133438 0.38941140776699024 0.045329670329670335 0.022754854368932036
0 0.7713893249607536 0.3912317961165048 0.039638932496075356 0.014259708737864077
0 0.8177982731554161 0.39244538834951453 0.05396389324960754 0.02882281553398058
0 0.8749018838304553 0.3763652912621359 0.055533751962323394 0.0245752427184466
0 0.595467032967033 0.4214199029126213 0.03316326530612245 0.027305825242718445
0 0.6282378335949765 0.4135315533980582 0.027276295133437992 0.01699029126213592
0 0.6690541601255887 0.4185376213592233 0.056711145996860286 0.033677184466019416
0 0.7393053375196232 0.4171723300970873 0.06495290423861853 0.029126213592233007
0 0.790914442700157 0.4159587378640776 0.03394819466248038 0.014563106796116504
0 0.8323194662480378 0.40867718446601936 0.045329670329670335 0.02245145631067961
0 0.891287284144427 0.402760922330097 0.04277864992150707 0.02032766990291262
0 0.6119505494505495 0.4493325242718446 0.04768445839874411 0.03398058252427184
0 0.6483516483516484 0.4516080097087378 0.02708006279434851 0.027609223300970872
0 0.693190737833595 0.444629854368932 0.058673469387755105 0.015473300970873785
0 0.7391091051805337 0.451001213592233 0.04336734693877551 0.028216019417475726
0 0.7940541601255887 0.44007888349514557 0.058673469387755105 0.01486650485436893
0 0.8404631083202512 0.4461468446601941 0.04552590266875981 0.031249999999999997
0 0.8925627943485087 0.43173543689320387 0.05749607535321821 0.023058252427184463
0 0.6268642072213502 0.4693567961165048 0.07240973312401884 0.015169902912621358
0 0.6860282574568289 0.4693567961165048 0.033359497645211934 0.013349514563106795
0 0.7430337519623235 0.46966019417475724 0.0782967032967033 0.02487864077669903
0 0.8103414442700158 0.47178398058252424 0.04611459968602826 0.02669902912621359
0 0.8554748822605966 0.4620752427184466 0.04415227629513344 0.02973300970873786
0 0.897370486656201 0.45524878640776695 0.036891679748822605 0.020934466019417473
0 0.6093995290423863 0.5059162621359223 0.04964678178963894 0.03428398058252427
0 0.6711145996860283 0.4956007281553398 0.07260596546310832 0.01729368932038835
0 0.7293956043956045 0.4927184466019417 0.041601255886970175 0.019417475728155338
0 0.8020015698587127 0.4925667475728155 0.07221350078492936 0.01911407766990291
0 0.8811813186813188 0.4951456310679611 0.0837912087912088 0.03640776699029126
0 0.6216640502354789 0.5276092233009708 0.06828885400313972 0.028519417475728153
0 0.6699372056514914 0.522754854368932 0.023547880690737835 0.01820388349514563
0 0.7128139717425432 0.5213895631067961 0.042582417582417584 0.020934466019417473
0 0.7633437990580848 0.5271541262135921 0.060832025117739406 0.03246359223300971
0 0.8363422291993721 0.527002427184466 0.07770800627943486 0.028519417475728153
0 0.8997252747252747 0.5097087378640777 0.030612244897959186 0.02245145631067961
0 0.6024332810047096 0.5596177184466019 0.031397174254317116 0.025182038834951456
0 0.6501177394034537 0.5515776699029126 0.06436420722135008 0.026092233009708737
0 0.7156593406593407 0.5514259708737863 0.046310832025117744 0.02032766990291262
0 0.7588304552590267 0.5496055825242718 0.036499215070643645 0.018507281553398057
0 0.8074960753532182 0.5502123786407767 0.052590266875981166 0.01729368932038835
0 0.8608712715855573 0.5499089805825242 0.0521978021978022 0.03246359223300971
0 0.9024725274725275 0.5414138349514562 0.028649921507064365 0.027002427184466018
0 0.6105769230769231 0.5878337378640777 0.04611459968602826 0.031249999999999997
0 0.654532967032967 0.5782766990291262 0.03159340659340659 0.02245145631067961
0 0.7003532182103611 0.5775182038834951 0.033751962323390894 0.025182038834951456
0 0.7439167974882261 0.5782766990291262 0.051412872841444274 0.028519417475728153
0 0.8040620094191523 0.5794902912621359 0.0641679748822606 0.026092233009708737
0 0.8789246467817897 0.5703883495145631 0.07849293563579278 0.021844660194174755
0 0.617052590266876 0.6104368932038834 0.04807692307692308 0.023058252427184463
0 0.6578689167974883 0.6048240291262136 0.032378335949764525 0.022754854368932036
0 0.7057496075353219 0.6133191747572815 0.07083987441130299 0.033677184466019416
0 0.7608908948194663 0.612257281553398 0.04179748822605966 0.037014563106796114
0 0.7989599686028258 0.6023968446601942 0.032378335949764525 0.01911407766990291
0 0.843210361067504 0.6036104368932038 0.05416012558869702 0.028216019417475726
0 0.8971742543171115 0.592384708737864 0.031789638932496075 0.02336165048543689
0 0.6075353218210361 0.6336468446601942 0.029827315541601257 0.014259708737864077
0 0.6731750392464678 0.6374393203883495 0.10851648351648352 0.03337378640776699
0 0.7635400313971743 0.6309162621359222 0.06514913657770802 0.02032766990291262
0 0.826530612244898 0.6290958737864077 0.054552590266875985 0.02882281553398058
0 0.8976648351648352 0.6184769417475727 0.05592621664050236 0.016686893203883495
0 0.6103806907378336 0.6603458737864077 0.037480376766091054 0.013652912621359222
0 0.6536499215070644 0.6620145631067961 0.05337519623233909 0.03822815533980582
0 0.6967229199372057 0.6641383495145631 0.040620094191522765 0.03337378640776699
0 0.7384222919937206 0.6588288834951456 0.04866562009419152 0.03549757281553398
0 0.813284929356358 0.6494235436893203 0.031200941915227633 0.027002427184466018
0 0.8663657770800628 0.6482099514563107 0.07770800627943486 0.023968446601941744
0 0.6167582417582418 0.6874999999999999 0.044740973312401885 0.02487864077669903
0 0.6535518053375197 0.6893203883495145 0.027276295133437992 0.018810679611650484
0 0.7012362637362638 0.6885618932038834 0.04650706436420722 0.03246359223300971
0 0.7805141287284145 0.6855279126213591 0.08536106750392465 0.030643203883495142
0 0.8685243328100472 0.6683859223300971 0.06946624803767662 0.028519417475728153
0 0.9145408163265306 0.6688410194174756 0.021781789638932497 0.013652912621359222
0 0.6186224489795918 0.7240594660194174 0.061813186813186816 0.03610436893203883
0 0.6655219780219781 0.7185983009708737 0.029631083202511777 0.01486650485436893
0 0.7283163265306123 0.7198118932038834 0.09517268445839874 0.03671116504854369
0 0.8236852433281006 0.712378640776699 0.10262951334379906 0.043082524271844655
0 0.8971742543171115 0.6912924757281553 0.043171114599686033 0.019720873786407765
0 0.6153846153846154 0.7468143203883495 0.05533751962323391 0.029429611650485434
0 0.6773940345368917 0.7424150485436892 0.060832025117739406 0.023058252427184463
0 0.7553963893249608 0.7358919902912621 0.07280219780219781 0.01911407766990291
0 0.8116169544740974 0.7313410194174756 0.03414442700156986 0.015473300970873785
0 0.8768642072213502 0.7343749999999999 0.09635007849293564 0.04035194174757281
0 0.6347135007849294 0.770631067961165 0.0782967032967033 0.023665048543689317
0 0.7048665620094192 0.7726031553398057 0.057692307692307696 0.031856796116504854
0 0.7716836734693878 0.7691140776699028 0.07476452119309263 0.03155339805825243
0 0.8400706436420723 0.7638046116504854 0.059654631083202514 0.03307038834951456
0 0.8984497645211932 0.7481796116504854 0.048469387755102046 0.0212378640776699
0 0.6395211930926217 0.7973300970873786 0.08634222919937207 0.0279126213592233
0 0.7338108320251178 0.7952063106796116 0.10302197802197803 0.027305825242718445
0 0.8096546310832026 0.788379854368932 0.04552590266875981 0.02032766990291262
0 0.869701726844584 0.7812499999999999 0.05808477237048666 0.023665048543689317
0 0.6146978021978022 0.817506067961165 0.035518053375196236 0.023968446601941744
0 0.6551216640502355 0.8284283980582523 0.042582417582417584 0.0245752427184466
0 0.7110478806907379 0.8225121359223301 0.06927001569858714 0.023058252427184463
0 0.7907182103610676 0.8225121359223301 0.06652276295133439 0.03155339805825243
0 0.6185243328100472 0.8531553398058251 0.05572998430141288 0.035800970873786406
0 0.6890698587127159 0.8492111650485437 0.0826138147566719 0.029126213592233007
0 0.7641287284144428 0.8446601941747572 0.05808477237048666 0.0212378640776699
0 0.8106357927786499 0.8431432038834951 0.03100470957613815 0.03155339805825243
0 0.6350078492935636 0.8766686893203883 0.051412872841444274 0.03003640776699029
0 0.7016287284144428 0.8784890776699028 0.07437205651491366 0.0391383495145631
0 0.7605965463108321 0.8687803398058251 0.03767660910518054 0.02336165048543689
0 0.8122056514913658 0.8675667475728155 0.043171114599686033 0.023968446601941744
0 0.6077315541601256 0.902002427184466 0.02433281004709576 0.01820388349514563
0 0.6651295133437991 0.9003337378640776 0.07986656200941916 0.031249999999999997
0 0.7668759811616955 0.8997269417475727 0.11577708006279436 0.03003640776699029
