0 0.19770408163265307 0.09314320388349513 0.0543563579277865 0.0212378640776699
0 0.29248430141287285 0.09572208737864077 0.12970957613814757 0.029429611650485434
0 0.4048273155416013 0.10224514563106796 0.08673469387755102 0.03822815533980582
0 0.18681318681318682 0.11984223300970873 0.04199372056514914 0.020631067961165046
0 0.22282182103610676 0.11938713592233009 0.0260989010989011 0.02214805825242718
0 0.29375981161695447 0.12348300970873785 0.043171114599686033 0.020024271844660192
0 0.3323194662480377 0.1309162621359223 0.03630298273155416 0.02882281553398058
0 0.37362637362637363 0.12378640776699028 0.0423861852433281 0.02973300970873786
0 0.41601255886970173 0.12378640776699028 0.03728414442700157 0.020024271844660192
0 0.45987048665620095 0.12575849514563106 0.045722135007849295 0.02578883495145631
0 0.19476059654631084 0.14957524271844658 0.05396389324960754 0.028519417475728153
0 0.24784144427001573 0.14836165048543687 0.05062794348508635 0.026092233009708737
0 0.30082417582417587 0.1564016990291262 0.04199372056514914 0.027002427184466018
0 0.3502747252747253 0.1518507281553398 0.051412872841444274 0.0245752427184466
0 0.4278846153846154 0.15761529126213591 0.10262951334379906 0.037924757281553395
0 0.21575745682888542 0.17612257281553398 0.09007064364207222 0.027002427184466018
0 0.27433281004709575 0.18112864077669902 0.026295133437990583 0.023058252427184463
0 0.3486067503924647 0.18613470873786406 0.06691522762951335 0.01729368932038835
0 0.43229984301412877 0.19083737864077668 0.09497645211930927 0.03337378640776699
0 0.1981946624803768 0.2079793689320388 0.05494505494505495 0.030643203883495142
0 0.2681514913657771 0.2134405339805825 0.07868916797488226 0.03428398058252427
0 0.34203296703296704 0.21404733009708737 0.06750392464678179 0.03671116504854369
0 0.40139324960753536 0.20964805825242716 0.0445447409733124 0.0279126213592233
0 0.45398351648351654 0.21283373786407764 0.05239403453689168 0.022754854368932036
0 0.18602825745682888 0.2345266990291262 0.033751962323390894 0.02669902912621359
0 0.27168367346938777 0.2468143203883495 0.08614599686028258 0.031856796116504854
0 0.3552786499215071 0.23953276699029125 0.07397959183673469 0.020934466019417473
0 0.41915227629513346 0.23756067961165048 0.041601255886970175 0.023665048543689317
0 0.1853414442700157 0.2618325242718446 0.031200941915227633 0.023665048543689317
0 0.2262558869701727 0.26896237864077666 0.04395604395604396 0.021541262135922327
0 0.2837519623233909 0.26865898058252424 0.06671899529042387 0.023968446601941744
0 0.3710753532182104 0.27214805825242716 0.04748822605965464 0.04126213592233009
0 0.4362244897959184 0.27184466019417475 0.08948194662480377 0.043082524271844655
0 0.1870094191522763 0.288379854368932 0.039638932496075356 0.02214805825242718
0 0.22311616954474098 0.28974514563106796 0.0282574568288854 0.023665048543689317
0 0.3168171114599686 0.2973300970873786 0.15600470957613816 0.03398058252427184
0 0.43082810047095765 0.2924757281553398 0.04493720565149137 0.027305825242718445
0 0.19044348508634223 0.31902305825242716 0.04297488226059655 0.0245752427184466
0 0.23528257456828885 0.32129854368932037 0.03218210361067504 0.025485436893203883
0 0.2940541601255887 0.33464805825242716 0.08300627943485087 0.038834951456310676
0 0.3813775510204082 0.3252427184466019 0.0912480376766091 0.02245145631067961
0 0.4569270015698587 0.3208434466019417 0.04768445839874411 0.025182038834951456
0 0.20722135007849296 0.3552791262135922 0.07653061224489796 0.038834951456310676
0 0.2737441130298273 0.36559466019417475 0.0565149136577708 0.030339805825242715
0 0.329179748822606 0.3552791262135922 0.050431711145996864 0.0279126213592233
0 0.426903453689168 0.3570995145631068 0.10969387755102042 0.03640776699029126
0 0.17896389324960754 0.38121966019417475 0.026295133437990583 0.02578883495145631
0 0.21938775510204084 0.3856189320388349 0.04277864992150707 0.03337378640776699
0 0.28120094191522765 0.3857706310679611 0.04199372056514914 0.027002427184466018
0 0.388638147566719 0.38834951456310673 0.11989795918367348 0.032766990291262135
0 0.4655612244897959 0.39274878640776695 0.034340659340659344 0.02882281553398058
0 0.1888736263736264 0.41246966019417475 0.04179748822605966 0.03003640776699029
0 0.2342032967032967 0.4182342233009708 0.03787284144427002 0.01911407766990291
0 0.28600863422291994 0.4224817961165048 0.061813186813186816 0.02032766990291262
0 0.35105965463108324 0.4300667475728155 0.08437990580847725 0.03428398058252427
0 0.43759811616954475 0.42642597087378636 0.09262166405023549 0.04277912621359223
0 0.1802394034536892 0.4435679611650485 0.026491365777080063 0.02427184466019417
0 0.22105572998430142 0.4494842233009708 0.04101255886970173 0.03003640776699029
0 0.2949372056514914 0.4525182038834951 0.08869701726844585 0.0391383495145631
0 0.3948194662480377 0.45722087378640774 0.11499215070643642 0.04065533980582524
0 0.1953492935635793 0.47512135922330095 0.05631868131868132 0.021844660194174755
0 0.2741365777080063 0.4773968446601941 0.06671899529042387 0.025182038834951456
0 0.3516483516483517 0.4849817961165048 0.0773155416012559 0.031249999999999997
0 0.4179748822605966 0.48862257281553395 0.05533751962323391 0.028216019417475726
0 0.20408163265306123 0.511377427184466 0.076138147566719 0.029429611650485434
0 0.2586342229199372 0.5238167475728155 0.0423861852433281 0.033677184466019416
0 0.3220172684458399 0.5098604368932038 0.07810047095761381 0.026395631067961164
0 0.394328885400314 0.5091019417475727 0.058673469387755105 0.021844660194174755
0 0.45162872841444274 0.5103155339805825 0.052001569858712716 0.029126213592233007
0 0.1961342229199372 0.5406553398058251 0.05396389324960754 0.026092233009708737
0 0.3444858712715856 0.5442961165048543 0.053571428571428575 0.019417475728155338
0 0.40139324960753536 0.538379854368932 0.048861852433281006 0.027609223300970872
0 0.4542778649921507 0.5386832524271844 0.04552590266875981 0.030643203883495142
0 0.21222527472527475 0.5764563106796116 0.092425431711146 0.03640776699029126
0 0.3050431711145997 0.5740291262135921 0.092425431711146 0.027305825242718445
0 0.3897174254317112 0.578125 0.06828885400313972 0.03549757281553398
0 0.4538854003139718 0.5706917475728155 0.05416012558869702 0.032766990291262135
0 0.18906985871271587 0.6113470873786407 0.052001569858712716 0.032766990291262135
0 0.2387166405023548 0.6063410194174756 0.042189952904238624 0.022754854368932036
0 0.30416012558869704 0.6140776699029126 0.07692307692307693 0.0345873786407767
0 0.3895211930926217 0.6107402912621359 0.1000784929356358 0.04429611650485436
0 0.4612441130298273 0.6107402912621359 0.04140502354788069 0.032766990291262135
0 0.21261773940345371 0.6465412621359222 0.053571428571428575 0.032766990291262135
0 0.26609105180533754 0.6388046116504854 0.04552590266875981 0.020934466019417473
0 0.32741365777080067 0.6466929611650485 0.07751177394034538 0.03610436893203883
0 0.3903061224489796 0.6432038834951456 0.057692307692307696 0.03640776699029126
0 0.4393642072213501 0.6375910194174756 0.03610675039246468 0.03307038834951456
0 0.2026098901098901 0.6691444174757281 0.07594191522762951 0.03307038834951456
0 0.260989010989011 0.6652002427184466 0.03924646781789639 0.029429611650485434
0 0.29748822605965464 0.6650485436893203 0.03296703296703297 0.0212378640776699
0 0.33791208791208793 0.6738470873786407 0.04042386185243328 0.02973300970873786
0 0.38893249607535324 0.6636832524271844 0.04905808477237049 0.03246359223300971
0 0.43328100470957615 0.6671723300970873 0.041601255886970175 0.03519417475728155
0 0.1876962323390895 0.6964502427184466 0.04336734693877551 0.018507281553398057
0 0.2332221350078493 0.6950849514563107 0.042582417582417584 0.0212378640776699
0 0.3527276295133438 0.6955400485436892 0.06730769230769232 0.028216019417475726
0 0.4316130298273156 0.6902305825242718 0.0912480376766091 0.0279126213592233
0 0.1826923076923077 0.7287621359223301 0.04905808477237049 0.03822815533980582
0 0.25264913657770804 0.7267900485436892 0.0869309262166405 0.029429611650485434
0 0.358712715855573 0.7213288834951456 0.11695447409733124 0.02336165048543689
0 0.45339481946624804 0.7213288834951456 0.05514128728414443 0.01729368932038835
0 0.2056514913657771 0.7531856796116504 0.09144427001569859 0.02882281553398058
0 0.29532967032967034 0.7595570388349514 0.08830455259026689 0.04459951456310679
0 0.3974686028257457 0.7490898058252426 0.06691522762951335 0.025485436893203883
0 0.2657967032967033 0.7929308252427184 0.06259811616954475 0.026395631067961164
0 0.3316326530612245 0.779884708737864 0.04866562009419152 0.027609223300970872
0 0.5327708006279435 0.10709951456310679 0.039638932496075356 0.02973300970873786
0 0.5728021978021979 0.11438106796116504 0.03924646781789639 0.025485436893203883
0 0.5306122448979592 0.13379854368932037 0.031397174254317116 0.017597087378640776
0 0.5422880690737834 0.16686893203883493 0.042189952904238624 0.03094660194174757
0 0.5773155416012559 0.16262135922330095 0.028649921507064365 0.014563106796116504
0 0.5148155416012559 0.18916868932038833 0.030416012558869703 0.02214805825242718
0 0.5698587127158556 0.1843143203883495 0.046310832025117744 0.02578883495145631
0 0.5459183673469388 0.20449029126213591 0.03021978021978022 0.01699029126213592
0 0.5740777080062794 0.20843446601941745 0.0260989010989011 0.015169902912621358
0 0.508339874411303 0.2236043689320388 0.019819466248037678 0.013349514563106795
0 0.6304945054945056 0.08434466019417475 0.08751962323390895 0.0703883495145631
0 0.6967229199372057 0.10345873786407767 0.05945839874411303 0.038834951456310676
0 0.7694270015698588 0.09010922330097086 0.07299843014128729 0.029126213592233007
0 0.8288854003139718 0.08009708737864077 0.04003139717425432 0.02245145631067961
0 0.8794152276295134 0.08707524271844659 0.04925431711145997 0.029126213592233007
0 0.6151883830455259 0.12864077669902912 0.034929356357927786 0.03337378640776699
0 0.6561028257456829 0.12469660194174756 0.042189952904238624 0.02669902912621359
0 0.7065345368916798 0.12348300970873785 0.05514128728414443 0.030339805825242715
0 0.7559850863422293 0.11074029126213591 0.035910518053375196 0.023665048543689317
0 0.7930729984301413 0.10907160194174756 0.032378335949764525 0.015473300970873785
0 0.8506671899529042 0.1116504854368932 0.03767660910518054 0.025485436893203883
0 0.8909929356357928 0.1116504854368932 0.03944270015698587 0.02669902912621359
0 0.6095957613814758 0.1553398058252427 0.026491365777080063 0.025485436893203883
0 0.6518838304552591 0.14790655339805825 0.05376766091051806 0.02032766990291262
0 0.7118328100470958 0.14593446601941745 0.06730769230769232 0.03398058252427184
0 0.7588304552590267 0.1485133495145631 0.03218210361067504 0.03003640776699029
0 0.842817896389325 0.1398665048543689 0.08987441130298274 0.040048543689320384
0 0.6211734693877551 0.17688106796116504 0.04925431711145997 0.026092233009708737
0 0.7277276295133438 0.169751213592233 0.08496860282574568 0.020934466019417473
0 0.7848312401883831 0.17475728155339804 0.029631083202511777 0.02245145631067961
0 0.8125 0.16702063106796114 0.02374411302982732 0.01608009708737864
0 0.867052590266876 0.16626213592233008 0.09517268445839874 0.040048543689320384
0 0.6098901098901099 0.2000910194174757 0.02786499215070644 0.01608009708737864
0 0.66100863422292 0.19705703883495143 0.06770015698587127 0.02032766990291262
0 0.7623626373626374 0.2000910194174757 0.029827315541601257 0.0245752427184466
0 0.8165227629513344 0.19038228155339804 0.06436420722135008 0.020934466019417473
0 0.8685243328100472 0.18507281553398056 0.03767660910518054 0.01820388349514563
0 0.9021781789638933 0.18112864077669902 0.030416012558869703 0.0212378640776699
0 0.6453100470957615 0.23316140776699026 0.04925431711145997 0.031249999999999997
0 0.7575549450549451 0.2234526699029126 0.04925431711145997 0.01486650485436893
0 0.8060243328100472 0.2257281553398058 0.04768445839874411 0.026092233009708737
0 0.8464481946624804 0.21601941747572814 0.031200941915227633 0.01820388349514563
0 0.8760792778649922 0.21920509708737862 0.03316326530612245 0.02882281553398058
0 0.9041405023547882 0.21070995145631066 0.02413657770800628 0.01486650485436893
0 0.603806907378336 0.2616808252427184 0.03414442700156986 0.029429611650485434
0 0.6357927786499216 0.2471177184466019 0.02708006279434851 0.022754854368932036
0 0.6890698587127159 0.2504550970873786 0.04925431711145997 0.018507281553398057
0 0.7261577708006279 0.2504550970873786 0.024921507064364207 0.017900485436893203
0 0.7631475667189953 0.25075849514563103 0.04513343799058085 0.023968446601941744
0 0.8158359497645212 0.2466626213592233 0.05710361067503925 0.030339805825242715
0 0.8790227629513344 0.23862257281553395 0.06495290423861853 0.02214805825242718
0 0.6805337519623235 0.28413228155339804 0.05376766091051806 0.023968446601941744
0 0.7237048665620095 0.2745752427184466 0.03296703296703297 0.01699029126213592
0 0.7731554160125589 0.2788228155339806 0.07339089481946626 0.038834951456310676
0 0.8280023547880692 0.26896237864077666 0.03159340659340659 0.015473300970873785
0 0.8797095761381476 0.2603155339805825 0.03414442700156986 0.01699029126213592
0 0.6263736263736264 0.30354975728155337 0.057692307692307696 0.025182038834951456
0 0.7006475667189953 0.3064320388349514 0.08300627943485087 0.026092233009708737
0 0.780317896389325 0.30218446601941745 0.06966248037676609 0.027305825242718445
0 0.8638147566718996 0.2970266990291262 0.09340659340659341 0.030339805825242715
0 0.6252943485086343 0.33115898058252424 0.061813186813186816 0.021541262135922327
0 0.6764128728414444 0.32812499999999994 0.03532182103610675 0.020934466019417473
0 0.7115384615384616 0.33024878640776695 0.034929356357927786 0.015473300970873785
0 0.7552982731554161 0.3317657766990291 0.05180533751962324 0.031249999999999997
0 0.8120094191522763 0.31902305825242716 0.05690737833594977 0.02336165048543689
0 0.8598901098901099 0.3184162621359223 0.039638932496075356 0.01608009708737864
0 0.8985478806907379 0.3126516990291262 0.036891679748822605 0.021541262135922327
0 0.6307888540031398 0.3674150485436893 0.03316326530612245 0.029126213592233007
0 0.6592425431711146 0.3651395631067961 0.023351648351648352 0.0245752427184466
0 0.6967229199372057 0.3558859223300971 0.045329670329670335 0.0279126213592233
0 0.7607927786499216 0.350879854368932 0.036891679748822605 0.020934466019417473
0 0.7955259026687599 0.34678398058252424 0.026295133437990583 0.021844660194174755
0 0.8263343799058085 0.34875606796116504 0.034929356357927786 0.023968446601941744
0 0.8842229199372057 0.33783373786407767 0.05376766091051806 0.02336165048543689
0 0.6069466248037677 0.3901699029126213 0.027472527472527476 0.02669902912621359
0 0.6460949764521193 0.37864077669902907 0.04611459968602826 0.020024271844660192
0 0.6983908948194663 0.38258495145631066 0.04709576138147567 0.015776699029126214
0 0.7415620094191523 0.37697208737864074 0.033751962323390894 0.02032766990291262
0 0.7769819466248038 0.37848907766990286 0.030416012558869703 0.028216019417475726
0 0.8281985871271587 0.3702973300970874 0.04768445839874411 0.01911407766990291
0 0.8831436420722135 0.36134708737864074 0.058673469387755105 0.021844660194174755
0 0.6459968602825746 0.41004247572815533 0.06593406593406594 0.03003640776699029
0 0.7044740973312402 0.40731189320388345 0.049843014128728415 0.028216019417475726
0 0.7453885400313972 0.40898058252427183 0.028846153846153848 0.027305825242718445
0 0.769721350078493 0.4006371359223301 0.016679748822605967 0.020934466019417473
0 0.807986656200942 0.4036711165048543 0.055533751962323394 0.03307038834951456
0 0.8798076923076924 0.3834951456310679 0.07868916797488226 0.028519417475728153
0 0.6783751962323391 0.4315837378640776 0.06828885400313972 0.02032766990291262
0 0.7272370486656201 0.4390169902912621 0.033359497645211934 0.030339805825242715
0 0.7577511773940346 0.42718446601941745 0.021781789638932497 0.01395631067961165
0 0.7827708006279436 0.42324029126213586 0.025510204081632654 0.017597087378640776
0 0.8121075353218211 0.42202669902912615 0.02413657770800628 0.014563106796116504
0 0.8377158555729984 0.41959951456310673 0.026295133437990583 0.012742718446601941
0 0.8639128728414444 0.41368325242718446 0.024921507064364207 0.013652912621359222
0 0.9031593406593407 0.41262135922330095 0.026491365777080063 0.028519417475728153
0 0.6102825745682889 0.4610133495145631 0.023547880690737835 0.020934466019417473
0 0.6448194662480378 0.45979975728155337 0.043171114599686033 0.023968446601941744
0 0.6885792778649922 0.45509708737864074 0.044740973312401885 0.020631067961165046
0 0.730671114599686 0.4526699029126213 0.032770800627943485 0.020024271844660192
0 0.7771781789638933 0.4469053398058252 0.05749607535321821 0.020024271844660192
0 0.8333987441130298 0.4485740291262136 0.05337519623233909 0.034890776699029125
0 0.8871664050235479 0.44098907766990286 0.05690737833594977 0.025182038834951456
0 0.6102825745682889 0.48756067961165045 0.023547880690737835 0.01395631067961165
0 0.6448194662480378 0.4814927184466019 0.044740973312401885 0.021844660194174755
0 0.7128139717425432 0.48725728155339804 0.09478021978021979 0.040048543689320384
0 0.7756083202511774 0.47117718446601936 0.02374411302982732 0.02427184466019417
0 0.819368131868132 0.47132888349514557 0.060243328100470964 0.029429611650485434
0 0.8626373626373627 0.4617718446601941 0.024725274725274728 0.023058252427184463
0 0.8948194662480378 0.4646541262135922 0.0380690737833595 0.01486650485436893
0 0.6215659340659341 0.5119842233009708 0.0445447409733124 0.02032766990291262
0 0.6874018838304553 0.5127427184466019 0.08241758241758242 0.03094660194174757
0 0.7484301412872841 0.5003033980582524 0.03100470957613815 0.020024271844660192
0 0.7916012558869702 0.5066747572815533 0.05572998430141288 0.03822815533980582
0 0.8410518053375197 0.4912014563106796 0.03885400313971743 0.020631067961165046
0 0.8927590266875982 0.49104975728155337 0.04140502354788069 0.028216019417475726
0 0.614403453689168 0.5420206310679612 0.030612244897959186 0.016686893203883495
0 0.673861852433281 0.5449029126213591 0.07849293563579278 0.03337378640776699
0 0.750392464678179 0.532008495145631 0.07456828885400314 0.0245752427184466
0 0.826138147566719 0.5298847087378641 0.05337519623233909 0.030643203883495142
0 0.8862833594976453 0.5138046116504854 0.06377551020408163 0.02214805825242718
0 0.6145996860282575 0.5766080097087378 0.038461538461538464 0.027002427184466018
0 0.6506083202511774 0.576759708737864 0.031200941915227633 0.02427184466019417
0 0.7001569858712716 0.5722087378640777 0.06789638932496075 0.03337378640776699
0 0.7472527472527473 0.5620449029126213 0.024725274725274728 0.017900485436893203
0 0.7760007849293564 0.5573422330097086 0.03198587127158556 0.023058252427184463
0 0.8140698587127159 0.5532463592233009 0.0445447409733124 0.02214805825242718
0 0.870094191522763 0.5474817961165048 0.03728414442700157 0.03003640776699029
0 0.9040423861852434 0.5392900485436892 0.030612244897959186 0.021541262135922327
0 0.6246075353218211 0.5996662621359222 0.046703296703296704 0.02214805825242718
0 0.6840659340659341 0.6002730582524272 0.07025117739403454 0.026395631067961164
0 0.7392072213500785 0.5888956310679612 0.04003139717425432 0.019417475728155338
0 0.7810047095761382 0.5855582524271844 0.03571428571428572 0.028519417475728153
0 0.8292778649921507 0.5804004854368932 0.03571428571428572 0.016383495145631068
0 0.8797095761381476 0.581007281553398 0.07496075353218211 0.03519417475728155
0 0.6338304552590267 0.625 0.06789638932496075 0.0212378640776699
0 0.6928963893249608 0.6293992718446602 0.04513343799058085 0.03549757281553398
0 0.7372448979591837 0.6269720873786407 0.04199372056514914 0.028216019417475726
0 0.7929748822605966 0.6140776699029126 0.04120879120879121 0.023665048543689317
0 0.8342817896389325 0.6070995145631067 0.03944270015698587 0.023058252427184463
0 0.8715659340659341 0.6017900485436892 0.027276295133437992 0.017900485436893203
0 0.9046310832025118 0.6040655339805825 0.03532182103610675 0.038834951456310676
0 0.614010989010989 0.6568567961165048 0.026295133437990583 0.02973300970873786
0 0.6640502354788069 0.6635315533980582 0.062401883830455265 0.03822815533980582
0 0.7294937205651492 0.6551881067961165 0.06456043956043957 0.03853155339805825
0 0.783751962323391 0.6400182038834951 0.03924646781789639 0.018507281553398057
0 0.8221153846153847 0.6371359223300971 0.03708791208791209 0.021844660194174755
0 0.875392464678179 0.6386529126213591 0.06750392464678179 0.02973300970873786
0 0.6371664050235479 0.6847694174757281 0.07653061224489796 0.023058252427184463
0 0.7092817896389325 0.6891686893203883 0.06259811616954475 0.04338592233009708
0 0.7695251177394035 0.6796116504854368 0.06730769230769232 0.038834951456310676
0 0.8315345368916798 0.6638349514563107 0.05788854003139718 0.021844660194174755
0 0.8897174254317112 0.6621662621359222 0.05847723704866562 0.03731796116504854
0 0.6158751962323391 0.7179915048543689 0.02688383045525903 0.014259708737864077
0 0.6466836734693878 0.7181432038834951 0.03355572998430142 0.028519417475728153
0 0.7002551020408163 0.7128337378640776 0.06887755102040817 0.021541262135922327
0 0.7659929356357928 0.7157160194174756 0.05828100470957614 0.03640776699029126
0 0.8162284144427002 0.6961468446601942 0.03826530612244898 0.025182038834951456
0 0.8794152276295134 0.696753640776699 0.08457613814756672 0.02578883495145631
0 0.6229395604395604 0.748634708737864 0.03865777080062795 0.029429611650485434
0 0.6640502354788069 0.7540958737864077 0.038461538461538464 0.031249999999999997
0 0.7248822605965464 0.7524271844660193 0.05533751962323391 0.032766990291262135
0 0.8308477237048666 0.7360436893203883 0.15502354788069075 0.04672330097087378
0 0.6204866562009419 0.7682038834951456 0.03728414442700157 0.027305825242718445
0 0.681809262166405 0.7735133495145631 0.07751177394034538 0.015473300970873785
0 0.7525510204081634 0.7747269417475727 0.07456828885400314 0.037924757281553395
0 0.8063186813186813 0.7680521844660193 0.044348508634222926 0.040958737864077666
0 0.8456632653061225 0.752882281553398 0.032770800627943485 0.0245752427184466
0 0.8909929356357928 0.7510618932038834 0.05239403453689168 0.027002427184466018
0 0.6231357927786499 0.7999089805825242 0.03865777080062795 0.023968446601941744
0 0.6845565149136578 0.8077973300970873 0.07711930926216641 0.03428398058252427
0 0.752649136577708 0.8074939320388349 0.06456043956043957 0.043992718446601936
0 0.798861852433281 0.7917172330097086 0.02708006279434851 0.022754854368932036
0 0.8347723704866562 0.7867111650485437 0.044348508634222926 0.021844660194174755
0 0.8875588697017269 0.7914138349514562 0.06122448979591837 0.029429611650485434
0 0.6139128728414444 0.8322208737864077 0.03198587127158556 0.030339805825242715
0 0.6437401883830456 0.8391990291262135 0.035910518053375196 0.02973300970873786
0 0.6842621664050236 0.8284283980582523 0.04552590266875981 0.025182038834951456
0 0.7381279434850864 0.8297936893203883 0.05906593406593407 0.019417475728155338
0 0.7976844583987441 0.8323725728155339 0.05416012558869702 0.03610436893203883
0 0.8550824175824177 0.8165958737864077 0.048861852433281006 0.02578883495145631
0 0.622743328100471 0.8672633495145631 0.05749607535321821 0.033677184466019416
0 0.6771978021978022 0.8611953883495145 0.05337519623233909 0.04338592233009708
0 0.7250784929356359 0.8584648058252426 0.03924646781789639 0.027609223300970872
0 0.7601059654631084 0.8586165048543689 0.02688383045525903 0.0279126213592233
0 0.7928767660910518 0.8607402912621358 0.032770800627943485 0.019417475728155338
0 0.8311420722135008 0.8631674757281552 0.04336734693877551 0.03155339805825243
0 0.6202904238618525 0.8963895631067961 0.034929356357927786 0.020934466019417473
0 0.6735675039246468 0.8985133495145631 0.07123233908948196 0.033677184466019416
0 0.7479395604395604 0.8969963592233009 0.06770015698587127 0.033677184466019416
0 0.8116169544740974 0.8938106796116504 0.052590266875981166 0.03398058252427184
0 0.6237244897959184 0.9229368932038834 0.03983516483516484 0.02427184466019417
0 0.6618916797488227 0.9280946601941746 0.03021978021978022 0.019417475728155338
0 0.7123233908948196 0.9211165048543688 0.06514913657770802 0.026092233009708737
0 0.7763932496075354 0.9258191747572815 0.06377551020408163 0.02578883495145631
0 0.8360478806907379 0.9241504854368932 0.028846153846153848 0.020631067961165046
