0 0.1805337519623234 0.09420509708737863 0.0620094191522763 0.03974514563106796
0 0.25313971742543173 0.08798543689320387 0.062401883830455265 0.021844660194174755
0 0.3020996860282575 0.0949635922330097 0.045329670329670335 0.0279126213592233
0 0.34517268445839877 0.08768203883495145 0.0380690737833595 0.016383495145631068
0 0.39844976452119313 0.09359830097087378 0.0782967032967033 0.03549757281553398
0 0.46222527472527475 0.09132281553398057 0.05278649921507065 0.032766990291262135
0 0.19063971742543173 0.10876820388349513 0.04807692307692308 0.025182038834951456
0 0.23518445839874413 0.11529126213592232 0.03394819466248038 0.015169902912621358
0 0.2767857142857143 0.11787014563106796 0.04493720565149137 0.040958737864077666
0 0.3762755102040817 0.10983009708737863 0.05160910518053376 0.025485436893203883
0 0.42464678178963894 0.11453276699029125 0.04042386185243328 0.01608009708737864
0 0.46202904238618525 0.11392597087378639 0.034340659340659344 0.0245752427184466
0 0.1823979591836735 0.13395024271844658 0.03826530612244898 0.019720873786407765
0 0.285223704866562 0.1386529126213592 0.08967817896389325 0.02245145631067961
0 0.35086342229199374 0.14699635922330095 0.041601255886970175 0.02882281553398058
0 0.4089481946624804 0.13759101941747573 0.06554160125588697 0.02578883495145631
0 0.46026295133437994 0.14274878640776698 0.03787284144427002 0.031249999999999997
0 0.1815149136577708 0.16702063106796114 0.036891679748822605 0.020934466019417473
0 0.2511773940345369 0.17157160194174756 0.07456828885400314 0.03246359223300971
0 0.32505886970172687 0.17020631067961164 0.07162480376766091 0.03337378640776699
0 0.3820643642072214 0.17035800970873785 0.04042386185243328 0.0391383495145631
0 0.42955259026687603 0.16823422330097085 0.05376766091051806 0.03307038834951456
0 0.18386970172684458 0.1944781553398058 0.04003139717425432 0.018810679611650484
0 0.23459576138147567 0.19736043689320387 0.04336734693877551 0.013046116504854368
0 0.3308477237048666 0.2020631067961165 0.054552590266875985 0.01820388349514563
0 0.38304552590266877 0.1953883495145631 0.046310832025117744 0.027305825242718445
0 0.44927394034536894 0.19493325242718446 0.059850863422292 0.029429611650485434
0 0.20270800627943486 0.23528519417475727 0.051412872841444274 0.030643203883495142
0 0.24725274725274726 0.2334648058252427 0.05337519623233909 0.030643203883495142
0 0.3471350078492936 0.22618325242718446 0.10910518053375197 0.027609223300970872
0 0.4302394034536892 0.22496966019417475 0.0500392464678179 0.03671116504854369
0 0.47252747252747257 0.22087378640776698 0.03218210361067504 0.016383495145631068
0 0.19260204081632654 0.25394417475728154 0.02374411302982732 0.019417475728155338
0 0.2236067503924647 0.2615291262135922 0.04689952904238619 0.028519417475728153
0 0.2827708006279435 0.25303398058252424 0.06279434850863423 0.02427184466019417
0 0.3489992150706437 0.2568264563106796 0.07751177394034538 0.034890776699029125
0 0.3991365777080063 0.25864684466019416 0.038461538461538464 0.031249999999999997
0 0.44495682888540034 0.24833131067961162 0.04611459968602826 0.016686893203883495
0 0.2059458398744113 0.28883495145631066 0.061813186813186816 0.0345873786407767
0 0.28296703296703296 0.2824635922330097 0.06554160125588697 0.021844660194174755
0 0.3353610675039247 0.2894417475728155 0.038461538461538464 0.03216019417475728
0 0.40669152276295134 0.28307038834951453 0.0794740973312402 0.03398058252427184
0 0.46585557299843017 0.27078276699029125 0.03257456828885401 0.028216019417475726
0 0.17916012558869704 0.31432038834951453 0.02904238618524333 0.02487864077669903
0 0.21516875981161696 0.31341019417475724 0.03630298273155416 0.019417475728155338
0 0.24813579277864994 0.31447208737864074 0.032378335949764525 0.03610436893203883
0 0.2765894819466248 0.31341019417475724 0.026491365777080063 0.01699029126213592
0 0.3081828885400314 0.3102245145631068 0.024921507064364207 0.019720873786407765
0 0.3354591836734694 0.31871966019417475 0.0402276295133438 0.03246359223300971
0 0.40276687598116173 0.30658373786407767 0.06770015698587127 0.029429611650485434
0 0.45937990580847726 0.2944478155339806 0.04081632653061225 0.021541262135922327
0 0.20643642072213503 0.350879854368932 0.08241758241758242 0.03671116504854369
0 0.277668759811617 0.3402609223300971 0.039638932496075356 0.02578883495145631
0 0.31328492935635793 0.3428398058252427 0.023351648351648352 0.020631067961165046
0 0.359105180533752 0.33464805825242716 0.06711145996860284 0.025485436893203883
0 0.44377943485086346 0.33267597087378636 0.0782967032967033 0.027002427184466018
0 0.1783751962323391 0.37924757281553395 0.04042386185243328 0.0279126213592233
0 0.2131083202511774 0.3733313106796116 0.027472527472527476 0.02336165048543689
0 0.24568288854003142 0.37257281553398053 0.036499215070643645 0.020024271844660192
0 0.28051412872841447 0.3727245145631068 0.027668759811616955 0.02336165048543689
0 0.3220172684458399 0.3687803398058252 0.05337519623233909 0.02336165048543689
0 0.38657770800627944 0.36225728155339804 0.06671899529042387 0.02245145631067961
0 0.44927394034536894 0.36468446601941745 0.06691522762951335 0.0345873786407767
0 0.18072998430141288 0.4057949029126213 0.033359497645211934 0.02578883495145631
0 0.21556122448979592 0.40867718446601936 0.035910518053375196 0.03216019417475728
0 0.2568681318681319 0.4056432038834951 0.05376766091051806 0.03337378640776699
0 0.30847723704866564 0.4012439320388349 0.047880690737833596 0.03428398058252427
0 0.35498430141287285 0.399878640776699 0.04709576138147567 0.03155339805825243
0 0.41983908948194665 0.38834951456310673 0.05474882260596547 0.03640776699029126
0 0.46909340659340665 0.38243325242718446 0.04179748822605966 0.021541262135922327
0 0.1793563579277865 0.44311286407766987 0.05023547880690738 0.03246359223300971
0 0.2205651491365777 0.4381067961165048 0.03257456828885401 0.03337378640776699
0 0.25765306122448983 0.43052184466019416 0.036891679748822605 0.03519417475728155
0 0.30808477237048665 0.4326456310679611 0.05847723704866562 0.02973300970873786
0 0.3552786499215071 0.4288531553398058 0.037480376766091054 0.02882281553398058
0 0.4087519623233909 0.4162621359223301 0.06436420722135008 0.02245145631067961
0 0.46487441130298274 0.41504854368932037 0.038461538461538464 0.01699029126213592
0 0.1908359497645212 0.45494538834951453 0.04768445839874411 0.023968446601941744
0 0.29876373626373626 0.45524878640776695 0.03787284144427002 0.01608009708737864
0 0.33958006279434855 0.4526699029126213 0.04336734693877551 0.028519417475728153
0 0.3800039246467818 0.4478155339805825 0.030416012558869703 0.015169902912621358
0 0.4470172684458399 0.4487257281553398 0.08359497645211932 0.03640776699029126
0 0.18956043956043958 0.48786407766990286 0.046703296703296704 0.023058252427184463
0 0.24293563579277866 0.48649878640776695 0.03453689167974883 0.016686893203883495
0 0.32123233908948196 0.48725728155339804 0.10204081632653061 0.03944174757281553
0 0.42866954474097335 0.4787621359223301 0.11558084772370487 0.0491504854368932
0 0.18593014128728416 0.5224514563106796 0.0445447409733124 0.03337378640776699
0 0.24097331240188385 0.5201759708737863 0.05612244897959184 0.03671116504854369
0 0.29071821036106754 0.5148665048543689 0.03630298273155416 0.023058252427184463
0 0.3504709576138148 0.5104672330097086 0.08241758241758242 0.02336165048543689
0 0.415914442700157 0.5063713592233009 0.05278649921507065 0.03822815533980582
0 0.46242150706436425 0.4984830097087378 0.03944270015698587 0.020024271844660192
0 0.2171310832025118 0.5479368932038835 0.09635007849293564 0.03398058252427184
0 0.32123233908948196 0.5480885922330097 0.11185243328100472 0.040958737864077666
0 0.4264128728414443 0.5394417475728155 0.10047095761381476 0.043082524271844655
0 0.18789246467817897 0.5735740291262136 0.04415227629513344 0.021541262135922327
0 0.23214285714285715 0.5800970873786407 0.046703296703296704 0.03337378640776699
0 0.28424254317111464 0.567506067961165 0.05396389324960754 0.020934466019417473
0 0.3595957613814757 0.5726638349514562 0.09321036106750392 0.03731796116504854
0 0.423861852433281 0.5668992718446602 0.033359497645211934 0.031249999999999997
0 0.46546310832025123 0.5526395631067961 0.04905808477237049 0.021541262135922327
0 0.18877551020408165 0.5973907766990291 0.03924646781789639 0.023058252427184463
0 0.23626373626373628 0.607251213592233 0.059654631083202514 0.037924757281553395
0 0.30435635792778654 0.6031553398058251 0.06671899529042387 0.03762135922330097
0 0.3637166405023548 0.6022451456310679 0.053571428571428575 0.04186893203883495
0 0.4041405023547881 0.5913228155339806 0.028453689167974885 0.02427184466019417
0 0.4368131868131868 0.5898058252427184 0.033359497645211934 0.020024271844660192
0 0.17916012558869704 0.6292475728155339 0.02433281004709576 0.03155339805825243
0 0.2046703296703297 0.6400182038834951 0.026295133437990583 0.030643203883495142
0 0.2427394034536892 0.6292475728155339 0.046310832025117744 0.0345873786407767
0 0.29444662480376765 0.6318264563106796 0.05631868131868132 0.02032766990291262
0 0.4097331240188383 0.6275788834951456 0.05808477237048666 0.03246359223300971
0 0.48037676609105184 0.6139259708737863 0.023155416012558872 0.01911407766990291
0 0.2214481946624804 0.6683859223300971 0.103414442700157 0.03094660194174757
0 0.3351648351648352 0.6629247572815533 0.06514913657770802 0.03398058252427184
0 0.40021585557299844 0.6530643203883495 0.06063579277864992 0.04338592233009708
0 0.2089874411302983 0.6991808252427184 0.09654631083202513 0.040958737864077666
0 0.2970957613814757 0.6966019417475727 0.06868131868131869 0.03337378640776699
0 0.35213893249607536 0.6858313106796116 0.03159340659340659 0.02214805825242718
0 0.3883437990580848 0.6818871359223301 0.0380690737833595 0.03246359223300971
0 0.44642857142857145 0.6809769417475727 0.07456828885400314 0.0391383495145631
0 0.2142857142857143 0.7243628640776698 0.08555729984301413 0.02032766990291262
0 0.2798273155416013 0.721632281553398 0.036891679748822605 0.025182038834951456
0 0.3146585557299843 0.7217839805825242 0.03002354788069074 0.023058252427184463
0 0.34654631083202514 0.7184466019417475 0.03100470957613815 0.018810679611650484
0 0.4084576138147567 0.7132888349514562 0.08339874411302983 0.0212378640776699
0 0.18092621664050237 0.761377427184466 0.0380690737833595 0.031856796116504854
0 0.22331240188383047 0.7601638349514562 0.041601255886970175 0.028216019417475726
0 0.2809065934065934 0.7501516990291262 0.04297488226059655 0.02032766990291262
0 0.32574568288854006 0.7516686893203883 0.036891679748822605 0.031249999999999997
0 0.37813971742543173 0.7416565533980581 0.05690737833594977 0.027002427184466018
0 0.44662480376766095 0.7387742718446602 0.07810047095761381 0.0279126213592233
0 0.18691130298273156 0.7911104368932038 0.043759811616954476 0.029429611650485434
0 0.2449960753532182 0.788379854368932 0.06809262166405024 0.04035194174757281
0 0.31328492935635793 0.7833737864077669 0.056711145996860286 0.03640776699029126
0 0.3667582417582418 0.774878640776699 0.044348508634222926 0.019417475728155338
0 0.4166993720565149 0.7710861650485437 0.05396389324960754 0.0245752427184466
0 0.4637951334379906 0.7697208737864077 0.04415227629513344 0.03155339805825243
0 0.19937205651491366 0.811134708737864 0.05494505494505495 0.037924757281553395
0 0.25294348508634223 0.8123483009708737 0.026295133437990583 0.01608009708737864
0 0.2877747252747253 0.8140169902912621 0.04925431711145997 0.043082524271844655
0 0.340168759811617 0.8094660194174756 0.053571428571428575 0.03398058252427184
0 0.38873626373626374 0.8032463592233009 0.039638932496075356 0.034890776699029125
0 0.44750784929356363 0.8074939320388349 0.0837912087912088 0.034890776699029125
0 0.2006475667189953 0.8360133495145631 0.059850863422292 0.0245752427184466
0 0.27501962323390894 0.8439016990291262 0.0782967032967033 0.042172330097087374
0 0.3489992150706437 0.8411711165048543 0.07986656200941916 0.03549757281553398
0 0.4385792778649922 0.8344963592233009 0.09576138147566719 0.03731796116504854
0 0.19122841444270017 0.8695388349514562 0.03512558869701727 0.021844660194174755
0 0.2365580847723705 0.8645327669902911 0.043759811616954476 0.027609223300970872
0 0.2890502354788069 0.8690837378640776 0.059262166405023554 0.03610436893203883
0 0.35567111459968603 0.8698422330097086 0.06534536891679749 0.04126213592233009
0 0.4094387755102041 0.8662014563106796 0.04689952904238619 0.03337378640776699
0 0.45624018838304553 0.8602851941747572 0.04866562009419152 0.031249999999999997
0 0.19230769230769232 0.8983616504854368 0.03924646781789639 0.02487864077669903
0 0.2614795918367347 0.9050364077669902 0.09321036106750392 0.03519417475728155
0 0.34978414442700156 0.9050364077669902 0.07790423861852434 0.037014563106796114
0 0.41895604395604397 0.8898665048543688 0.05337519623233909 0.0279126213592233
0 0.46605180533751966 0.8910800970873786 0.033359497645211934 0.026092233009708737
0 0.22812009419152277 0.9320388349514562 0.03630298273155416 0.020024271844660192
0 0.28385007849293564 0.9300667475728155 0.07476452119309263 0.027609223300970872
0 0.3689167974882261 0.9346177184466019 0.08673469387755102 0.042172330097087374
0 0.4498626373626374 0.9253640776699028 0.07554945054945056 0.03094660194174757
0 0.5990973312401884 0.07433252427184465 0.031789638932496075 0.032766990291262135
0 0.6291208791208791 0.078125 0.025510204081632654 0.02214805825242718
0 0.6710164835164836 0.08055218446601942 0.05592621664050236 0.02032766990291262
0 0.7260596546310832 0.08859223300970873 0.05494505494505495 0.02427184466019417
0 0.7704081632653061 0.08813713592233009 0.04120879120879121 0.03246359223300971
0 0.8202511773940346 0.07751820388349513 0.05337519623233909 0.020934466019417473
0 0.8787284144427002 0.08388956310679611 0.062401883830455265 0.03307038834951456
0 0.6335361067503925 0.11104368932038834 0.0837912087912088 0.038834951456310676
0 0.6957417582417583 0.11225728155339805 0.03983516483516484 0.02973300970873786
0 0.7524529042386185 0.10800970873786407 0.06456043956043957 0.020631067961165046
0 0.8183869701726845 0.10376213592233009 0.06456043956043957 0.025485436893203883
0 0.8673469387755103 0.10558252427184465 0.02590266875981162 0.016383495145631068
0 0.8938383045525903 0.1084648058252427 0.02590266875981162 0.025182038834951456
0 0.603806907378336 0.13395024271844658 0.026295133437990583 0.027609223300970872
0 0.6397174254317112 0.1386529126213592 0.036891679748822605 0.019417475728155338
0 0.6723901098901099 0.14320388349514562 0.03316326530612245 0.026092233009708737
0 0.7010400313971743 0.1330400485436893 0.024529042386185244 0.019720873786407765
0 0.7433281004709577 0.13364684466019416 0.059654631083202514 0.021541262135922327
0 0.7975863422291994 0.1383495145631068 0.04611459968602826 0.03398058252427184
0 0.864795918367347 0.13258495145631066 0.06593406593406594 0.030339805825242715
0 0.6150902668759812 0.16626213592233008 0.02923861852433281 0.019417475728155338
0 0.6442307692307693 0.1618628640776699 0.024725274725274728 0.028216019417475726
0 0.6868131868131868 0.1685376213592233 0.05847723704866562 0.033677184466019416
0 0.7308673469387755 0.1709648058252427 0.03708791208791209 0.031856796116504854
0 0.7716836734693878 0.1629247572815534 0.04807692307692308 0.025485436893203883
0 0.8149529042386185 0.1597390776699029 0.03296703296703297 0.017900485436893203
0 0.853806907378336 0.15579490291262135 0.043171114599686033 0.019720873786407765
0 0.9003139717425432 0.1530643203883495 0.023155416012558872 0.018507281553398057
0 0.6092032967032968 0.19129247572815533 0.04140502354788069 0.025182038834951456
0 0.682986656200942 0.20024271844660194 0.08104395604395605 0.030339805825242715
0 0.7474489795918368 0.18856189320388347 0.03610675039246468 0.018507281553398057
0 0.7923861852433282 0.19675364077669902 0.0663265306122449 0.029429611650485434
0 0.8451726844583988 0.19038228155339804 0.043171114599686033 0.02882281553398058
0 0.8899136577708007 0.183252427184466 0.04277864992150707 0.030339805825242715
0 0.641679748822606 0.22891383495145629 0.12323390894819466 0.042172330097087374
0 0.7285125588697018 0.21950849514563106 0.052001569858712716 0.028216019417475726
0 0.7758045525902669 0.22770024271844658 0.052001569858712716 0.03003640776699029
0 0.8145604395604396 0.21404733009708737 0.023547880690737835 0.02214805825242718
0 0.8523351648351649 0.2178398058252427 0.042582417582417584 0.03398058252427184
0 0.6179356357927787 0.25970873786407767 0.07535321821036108 0.03398058252427184
0 0.6805337519623235 0.2490898058252427 0.034929356357927786 0.023665048543689317
0 0.7219387755102041 0.24347694174757278 0.04120879120879121 0.02214805825242718
0 0.7789442700156987 0.24863470873786406 0.07240973312401884 0.03610436893203883
0 0.864010989010989 0.24059466019417475 0.07496075353218211 0.02245145631067961
0 0.6302001569858713 0.2785194174757281 0.0782967032967033 0.03398058252427184
0 0.723116169544741 0.27199635922330095 0.03100470957613815 0.022754854368932036
0 0.7519623233908949 0.2785194174757281 0.027472527472527476 0.02973300970873786
0 0.7896389324960754 0.27427184466019416 0.04513343799058085 0.026092233009708737
0 0.8842229199372057 0.27533373786407767 0.06318681318681318 0.028216019417475726
0 0.6028257456828886 0.3073422330097087 0.023547880690737835 0.017597087378640776
0 0.6495290423861853 0.3131067961165048 0.0663265306122449 0.03762135922330097
0 0.703394819466248 0.306128640776699 0.035518053375196236 0.01395631067961165
0 0.7708006279434851 0.3108313106796116 0.108712715855573 0.045206310679611644
0 0.870486656200942 0.29778519417475724 0.0847723704866562 0.040958737864077666
0 0.6162676609105181 0.3399575242718446 0.07123233908948196 0.033677184466019416
0 0.6947605965463108 0.3340412621359223 0.04179748822605966 0.018810679611650484
0 0.7765894819466248 0.33297936893203883 0.11126373626373627 0.031249999999999997
0 0.869701726844584 0.32099514563106796 0.07574568288854004 0.021844660194174755
0 0.5995879120879122 0.3684769417475728 0.03002354788069074 0.027609223300970872
0 0.6429552590266876 0.3687803398058252 0.052001569858712716 0.033677184466019416
0 0.6955455259026688 0.36574635922330095 0.045329670329670335 0.01911407766990291
0 0.7342032967032968 0.3596783980582524 0.02923861852433281 0.021541262135922327
0 0.7699175824175825 0.36271237864077666 0.03983516483516484 0.03853155339805825
0 0.8276098901098902 0.355127427184466 0.07319466248037677 0.027609223300970872
0 0.8919740973312402 0.35361043689320387 0.04297488226059655 0.027609223300970872
0 0.6041012558869702 0.4033677184466019 0.03826530612244898 0.030643203883495142
0 0.6466836734693878 0.39563106796116504 0.042582417582417584 0.029126213592233007
0 0.7038854003139717 0.3912317961165048 0.06789638932496075 0.03003640776699029
0 0.7777668759811618 0.3847087378640776 0.05160910518053376 0.02487864077669903
0 0.8235871271585558 0.37773058252427183 0.033359497645211934 0.023665048543689317
0 0.8509615384615385 0.38061286407766987 0.019819466248037678 0.031856796116504854
0 0.8860871271585558 0.3856189320388349 0.053571428571428575 0.032766990291262135
0 0.6048861852433282 0.42263349514563103 0.03394819466248038 0.02245145631067961
0 0.6354003139717426 0.4323422330097087 0.031789638932496075 0.02487864077669903
0 0.6797488226059655 0.4189927184466019 0.05376766091051806 0.023665048543689317
0 0.7259615384615385 0.4173240291262136 0.03630298273155416 0.02214805825242718
0 0.7661891679748823 0.4189927184466019 0.04140502354788069 0.035800970873786406
0 0.8162284144427002 0.41004247572815533 0.05396389324960754 0.030643203883495142
0 0.8577315541601256 0.4000303398058252 0.025510204081632654 0.01911407766990291
0 0.8845172684458399 0.3997269417475728 0.03002354788069074 0.019720873786407765
0 0.6478610675039247 0.4522148058252427 0.019819466248037678 0.02336165048543689
0 0.6133241758241759 0.45069781553398053 0.05160910518053376 0.029429611650485434
0 0.6898547880690739 0.45327669902912615 0.0543563579277865 0.030339805825242715
0 0.8031789638932496 0.44053398058252424 0.08359497645211932 0.03216019417475728
0 0.8664638932496076 0.4287014563106796 0.032770800627943485 0.023665048543689317
0 0.8974686028257457 0.42703276699029125 0.02688383045525903 0.01608009708737864
0 0.6079277864992151 0.4770934466019417 0.02708006279434851 0.026395631067961164
0 0.6548273155416013 0.4777002427184466 0.05416012558869702 0.018507281553398057
0 0.7053571428571429 0.4814927184466019 0.04140502354788069 0.03155339805825243
0 0.7538265306122449 0.4702669902912621 0.034340659340659344 0.015169902912621358
0 0.8540031397174255 0.4622269417475728 0.11577708006279436 0.034890776699029125
0 0.6259811616954475 0.5109223300970873 0.07692307692307693 0.03640776699029126
0 0.7030023547880692 0.5053094660194174 0.06534536891679749 0.01911407766990291
0 0.7810047095761382 0.4983313106796116 0.08281004709576138 0.03428398058252427
0 0.8652864992150707 0.49104975728155337 0.08457613814756672 0.045206310679611644
0 0.6864207221350079 0.5400485436893203 0.046310832025117744 0.02973300970873786
0 0.7261577708006279 0.544751213592233 0.03512558869701727 0.03549757281553398
0 0.7770800627943486 0.5279126213592232 0.062401883830455265 0.018810679611650484
0 0.8607731554160126 0.5250303398058253 0.0782967032967033 0.03246359223300971
0 0.6119505494505495 0.5735740291262136 0.04179748822605966 0.028216019417475726
0 0.6491365777080064 0.5731189320388349 0.028649921507064365 0.029126213592233007
0 0.6843602825745684 0.5712985436893203 0.03630298273155416 0.021844660194174755
0 0.7186028257456829 0.5752427184466019 0.0380690737833595 0.037014563106796114
0 0.7501962323390895 0.5646237864077669 0.02433281004709576 0.02973300970873786
0 0.7835557299843015 0.5628033980582524 0.04081632653061225 0.03094660194174757
0 0.8448783359497646 0.5584041262135921 0.07201726844583987 0.03853155339805825
0 0.6315737833594977 0.6074029126213591 0.07554945054945056 0.0345873786407767
0 0.7254709576138147 0.6016383495145631 0.10321821036106751 0.03822815533980582
0 0.8173076923076924 0.5879854368932038 0.02786499215070644 0.017597087378640776
0 0.8455651491365778 0.5813106796116504 0.026687598116169546 0.0212378640776699
0 0.6290227629513344 0.6293992718446602 0.07790423861852434 0.02578883495145631
0 0.6920133437990581 0.6374393203883495 0.05514128728414443 0.03337378640776699
0 0.7549058084772371 0.6183252427184466 0.06593406593406594 0.02487864077669903
0 0.8041601255886971 0.6259101941747572 0.030612244897959186 0.02973300970873786
0 0.8677394034536893 0.6145327669902912 0.08751962323390895 0.027609223300970872
0 0.6052786499215072 0.6623179611650485 0.02923861852433281 0.023058252427184463
0 0.6384419152276295 0.6564016990291262 0.030808477237048666 0.022754854368932036
0 0.6676805337519623 0.6601941747572815 0.02806122448979592 0.018810679611650484
0 0.7109497645211932 0.663379854368932 0.05612244897959184 0.027609223300970872
0 0.7653061224489797 0.6501820388349514 0.049450549450549455 0.02245145631067961
0 0.8064167974882261 0.6582220873786407 0.035518053375196236 0.03003640776699029
0 0.8679356357927787 0.6504854368932038 0.08555729984301413 0.03216019417475728
0 0.6127354788069074 0.6987257281553397 0.05396389324960754 0.03094660194174757
0 0.6644427001569859 0.686134708737864 0.029827315541601257 0.0245752427184466
0 0.6984890109890111 0.6912924757281553 0.032378335949764525 0.01608009708737864
0 0.8306514913657771 0.6799150485436892 0.03414442700156986 0.020631067961165046
0 0.8767660910518054 0.6762742718446602 0.054552590266875985 0.0345873786407767
0 0.6321624803767661 0.7164745145631067 0.08536106750392465 0.02882281553398058
0 0.7166405023547882 0.7157160194174756 0.05808477237048666 0.023058252427184463
0 0.7794348508634223 0.7108616504854368 0.06357927786499215 0.02487864077669903
0 0.8562598116169545 0.703883495145631 0.08496860282574568 0.02669902912621359
0 0.6108712715855573 0.7493932038834951 0.044740973312401885 0.02427184466019417
0 0.6489403453689169 0.7469660194174756 0.026687598116169546 0.02245145631067961
0 0.7056514913657771 0.7557645631067961 0.052982731554160126 0.03337378640776699
0 0.7791405023547882 0.7498483009708737 0.02806122448979592 0.042172330097087374
0 0.8299646781789639 0.7449939320388349 0.07083987441130299 0.03549757281553398
0 0.883339874411303 0.7369538834951456 0.031200941915227633 0.03155339805825243
0 0.6285321821036107 0.7879247572815533 0.06828885400313972 0.03762135922330097
0 0.679552590266876 0.7880764563106796 0.039638932496075356 0.028216019417475726
0 0.7574568288854003 0.7844356796116504 0.10832025117739404 0.04035194174757281
0 0.8385989010989011 0.7683555825242718 0.03865777080062795 0.029429611650485434
0 0.8849097331240189 0.7754854368932038 0.04807692307692308 0.03094660194174757
0 0.609497645211931 0.8124999999999999 0.04120879120879121 0.017597087378640776
0 0.6538461538461539 0.8126516990291262 0.04827315541601256 0.03246359223300971
0 0.6965266875981162 0.8050667475728155 0.03355572998430142 0.026395631067961164
0 0.7576530612244898 0.8124999999999999 0.08398744113029828 0.0345873786407767
0 0.820839874411303 0.7989987864077669 0.0423861852433281 0.025182038834951456
0 0.8904042386185244 0.8038531553398057 0.042582417582417584 0.034890776699029125
0 0.6247056514913658 0.8470873786407767 0.07162480376766091 0.03762135922330097
0 0.6697409733124019 0.8343446601941746 0.020800627943485087 0.03094660194174757
0 0.696232339089482 0.836771844660194 0.03021978021978022 0.02973300970873786
0 0.7478414442700158 0.8388956310679611 0.06711145996860284 0.02487864077669903
0 0.815934065934066 0.8410194174757281 0.06397174254317112 0.03337378640776699
0 0.8773547880690739 0.8355582524271844 0.06711145996860284 0.03519417475728155
0 0.64962715855573 0.875758495145631 0.11911302982731554 0.04277912621359223
0 0.7545133437990581 0.8690837378640776 0.06828885400313972 0.02882281553398058
0 0.845859497645212 0.8677184466019416 0.11008634222919939 0.046116504854368925
0 0.6059654631083203 0.9039745145631067 0.03257456828885401 0.022754854368932036
0 0.6536499215070644 0.9083737864077669 0.06122448979591837 0.03944174757281553
0 0.7158555729984302 0.9101941747572815 0.052590266875981166 0.03944174757281553
0 0.7832613814756673 0.9033677184466019 0.08222135007849295 0.031856796116504854
0 0.8752943485086343 0.9080703883495145 0.058673469387755105 0.03519417475728155
0 0.6016483516483517 0.9429611650485437 0.03885400313971743 0.032766990291262135
0 0.6414835164835165 0.9315837378640776 0.04120879120879121 0.02214805825242718
0 0.6776883830455259 0.942506067961165 0.03394819466248038 0.02882281553398058
0 0.7376373626373627 0.9399271844660193 0.08320251177394035 0.040048543689320384
0 0.8423273155416013 0.9449332524271844 0.12225274725274726 0.04702669902912621
