0 0.108712715855573 0.0770631067961165 0.06357927786499215 0.03944174757281553
0 0.2480376766091052 0.07691140776699028 0.07967032967032968 0.04338592233009708
0 0.31779827315541603 0.08191747572815533 0.05121664050235479 0.01820388349514563
0 0.3627354788069074 0.0816140776699029 0.040620094191522765 0.0212378640776699
0 0.4062990580847724 0.09101941747572814 0.042582417582417584 0.02427184466019417
0 0.4716444270015699 0.08677184466019416 0.03983516483516484 0.030339805825242715
0 0.20987048665620095 0.11043689320388349 0.04297488226059655 0.023058252427184463
0 0.25461145996860285 0.1049757281553398 0.042189952904238624 0.018810679611650484
0 0.29395604395604397 0.10315533980582524 0.031789638932496075 0.0212378640776699
0 0.34870486656200944 0.1083131067961165 0.07653061224489796 0.029126213592233007
0 0.43180926216640503 0.11301577669902911 0.050431711145996864 0.02882281553398058
0 0.4747841444270016 0.10740291262135922 0.035518053375196236 0.023058252427184463
0 0.184850863422292 0.1394114077669903 0.029434850863422294 0.027002427184466018
0 0.22301805337519626 0.12985436893203883 0.037480376766091054 0.025485436893203883
0 0.25892857142857145 0.1304611650485437 0.03316326530612245 0.020631067961165046
0 0.312892464678179 0.12742718446601942 0.027668759811616955 0.0212378640776699
0 0.3462519623233909 0.12939927184466019 0.039050235478806906 0.018507281553398057
0 0.3838304552590267 0.1398665048543689 0.04513343799058085 0.02973300970873786
0 0.4320054945054945 0.1307645631067961 0.04807692307692308 0.021844660194174755
0 0.47341051805337525 0.13652912621359223 0.030416012558869703 0.0212378640776699
0 0.19956828885400316 0.16368325242718446 0.04199372056514914 0.027609223300970872
0 0.2342032967032967 0.16732402912621358 0.026491365777080063 0.022754854368932036
0 0.25745682888540034 0.16398665048543687 0.01883830455259027 0.029429611650485434
0 0.2806122448979592 0.15670509708737862 0.02590266875981162 0.018507281553398057
0 0.32290031397174257 0.1617111650485437 0.04768445839874411 0.03398058252427184
0 0.3734301412872842 0.16110436893203883 0.052590266875981166 0.035800970873786406
0 0.42435243328100475 0.15791868932038833 0.035910518053375196 0.03246359223300971
0 0.1886773940345369 0.19402305825242716 0.04101255886970173 0.033677184466019416
0 0.22085949764521196 0.19068567961165048 0.021389324960753534 0.02578883495145631
0 0.2553963893249608 0.18598300970873785 0.045329670329670335 0.01699029126213592
0 0.29660518053375196 0.19144417475728154 0.0402276295133438 0.0279126213592233
0 0.33712715855573 0.1809769417475728 0.031789638932496075 0.023968446601941744
0 0.3718602825745683 0.18112864077669902 0.027472527472527476 0.01699029126213592
0 0.41385400313971743 0.17718446601941745 0.04591836734693878 0.026092233009708737
0 0.4759615384615385 0.1773361650485437 0.03512558869701727 0.021541262135922327
0 0.2427394034536892 0.21253033980582522 0.044348508634222926 0.03246359223300971
0 0.2902276295133438 0.2111650485436893 0.047880690737833596 0.02427184466019417
0 0.3289835164835165 0.21859830097087377 0.026491365777080063 0.02214805825242718
0 0.3745094191522763 0.21419902912621358 0.06338304552590267 0.03398058252427184
0 0.4305337519623234 0.20358009708737862 0.04827315541601256 0.021844660194174755
0 0.47605965463108324 0.20160800970873785 0.03532182103610675 0.016686893203883495
0 0.18740188383045528 0.23422330097087377 0.023155416012558872 0.01699029126213592
0 0.23734301412872844 0.24287014563106793 0.031200941915227633 0.02336165048543689
0 0.2698194662480377 0.23695388349514562 0.02904238618524333 0.015776699029126214
0 0.315541601255887 0.2399878640776699 0.05808477237048666 0.03398058252427184
0 0.36185243328100475 0.24453883495145629 0.038461538461538464 0.027305825242718445
0 0.3913854003139718 0.23043082524271843 0.017464678178963893 0.022754854368932036
0 0.42150706436420726 0.2345266990291262 0.041601255886970175 0.0279126213592233
0 0.4698783359497645 0.23285800970873785 0.047291993720565154 0.026395631067961164
0 0.19054160125588698 0.26896237864077666 0.039638932496075356 0.02578883495145631
0 0.2355769230769231 0.2641080097087378 0.05710361067503925 0.029429611650485434
0 0.28571428571428575 0.26425970873786403 0.04513343799058085 0.02669902912621359
0 0.33702904238618525 0.2604672330097087 0.030808477237048666 0.01729368932038835
0 0.3650902668759812 0.2606189320388349 0.0260989010989011 0.019417475728155338
0 0.4062990580847724 0.2621359223300971 0.04689952904238619 0.03216019417475728
0 0.46153846153846156 0.25561286407766987 0.06357927786499215 0.03428398058252427
0 0.18730376766091053 0.28898665048543687 0.02374411302982732 0.013652912621359222
0 0.22007456828885402 0.28853155339805825 0.04415227629513344 0.03398058252427184
0 0.27286106750392464 0.2882281553398058 0.06102825745682889 0.02973300970873786
0 0.3533163265306123 0.2941444174757281 0.092425431711146 0.037924757281553395
0 0.42464678178963894 0.2891383495145631 0.0423861852433281 0.03398058252427184
0 0.4698783359497645 0.28231189320388345 0.04689952904238619 0.03610436893203883
0 0.19907770800627944 0.323877427184466 0.06063579277864992 0.02882281553398058
0 0.27992543171114603 0.3219053398058252 0.10380690737833595 0.030339805825242715
0 0.36312794348508637 0.31598907766990286 0.0543563579277865 0.03003640776699029
0 0.44230769230769235 0.31325849514563103 0.10596546310832025 0.03246359223300971
0 0.18593014128728416 0.34344660194174753 0.018642072213500786 0.019417475728155338
0 0.22331240188383047 0.3432949029126213 0.04748822605965464 0.017900485436893203
0 0.28571428571428575 0.34754247572815533 0.0706436420722135 0.028216019417475726
0 0.34674254317111464 0.34754247572815533 0.05572998430141288 0.0391383495145631
0 0.4071821036106751 0.3402609223300971 0.036891679748822605 0.017900485436893203
0 0.4606554160125589 0.33358616504854366 0.06338304552590267 0.030643203883495142
0 0.20408163265306123 0.3696905339805825 0.05062794348508635 0.028216019417475726
0 0.27776687598116173 0.37606189320388345 0.0979199372056515 0.03610436893203883
0 0.34546703296703296 0.37788228155339804 0.039050235478806906 0.027002427184466018
0 0.3843210361067504 0.3699939320388349 0.03394819466248038 0.02882281553398058
0 0.4353414442700157 0.3586165048543689 0.05592621664050236 0.02245145631067961
0 0.19427001569858715 0.3997269417475728 0.03296703296703297 0.02578883495145631
0 0.2483320251177394 0.4054915048543689 0.07083987441130299 0.03610436893203883
0 0.3184850863422292 0.4026092233009708 0.06318681318681318 0.03822815533980582
0 0.3696036106750393 0.4000303398058252 0.03865777080062795 0.03246359223300971
0 0.4170918367346939 0.39608616504854366 0.06220565149136578 0.03549757281553398
0 0.4754709576138148 0.3850121359223301 0.030612244897959186 0.019417475728155338
0 0.19603610675039249 0.42369538834951453 0.03532182103610675 0.0245752427184466
0 0.23361459968602827 0.42642597087378636 0.030808477237048666 0.01608009708737864
0 0.2834576138147567 0.4256674757281553 0.06770015698587127 0.017597087378640776
0 0.33889324960753536 0.42718446601941745 0.03257456828885401 0.01699029126213592
0 0.3953100470957614 0.4192961165048543 0.0782967032967033 0.0345873786407767
0 0.4668367346938776 0.418385922330097 0.05416012558869702 0.03155339805825243
0 0.21467817896389327 0.45767597087378636 0.07182103610675039 0.037924757281553395
0 0.3003335949764521 0.45979975728155337 0.09046310832025119 0.03974514563106796
0 0.3864795918367347 0.4458434466019417 0.07044740973312402 0.023968446601941744
0 0.4465266875981162 0.43734830097087374 0.04140502354788069 0.022754854368932036
0 0.48086734693877553 0.44311286407766987 0.028846153846153848 0.0245752427184466
0 0.2181122448979592 0.48771237864077666 0.07868916797488226 0.029429611650485434
0 0.285616169544741 0.48877427184466016 0.056711145996860286 0.03094660194174757
0 0.3249607535321821 0.489381067961165 0.029434850863422294 0.02973300970873786
0 0.36214678178963894 0.475879854368932 0.045722135007849295 0.02336165048543689
0 0.4046310832025118 0.4792172330097087 0.04513343799058085 0.03974514563106796
0 0.46271585557299844 0.4681432038834951 0.06357927786499215 0.03094660194174757
0 0.1961342229199372 0.5147148058252426 0.03708791208791209 0.016686893203883495
0 0.2578492935635793 0.5224514563106796 0.07378335949764521 0.0345873786407767
0 0.3316326530612245 0.5138046116504854 0.06711145996860284 0.029429611650485434
0 0.3842229199372057 0.5175970873786407 0.039638932496075356 0.03398058252427184
0 0.4470172684458399 0.5063713592233009 0.09458398744113031 0.05339805825242718
0 0.20800627943485087 0.5414138349514562 0.05533751962323391 0.021541262135922327
0 0.2597135007849294 0.5462682038834951 0.045722135007849295 0.03428398058252427
0 0.30327708006279436 0.5367111650485437 0.03708791208791209 0.01699029126213592
0 0.34998037676609106 0.5351941747572815 0.02806122448979592 0.02245145631067961
0 0.41463893249607536 0.5300364077669902 0.09929356357927788 0.028519417475728153
0 0.48685243328100475 0.5226031553398057 0.017660910518053376 0.016686893203883495
0 0.20839874411302983 0.5708434466019418 0.05886970172684459 0.019720873786407765
0 0.2648155416012559 0.5761529126213591 0.061813186813186816 0.03337378640776699
0 0.3243720565149137 0.5659890776699029 0.05376766091051806 0.0245752427184466
0 0.39776295133437994 0.565382281553398 0.09615384615384616 0.03853155339805825
0 0.4750784929356358 0.5547633495145631 0.043171114599686033 0.022754854368932036
0 0.2229199372056515 0.6099817961165048 0.10635792778649922 0.0391383495145631
0 0.3023940345368917 0.5946601941747572 0.049450549450549455 0.02487864077669903
0 0.34173861852433285 0.5940533980582524 0.026491365777080063 0.020631067961165046
0 0.38127943485086346 0.5931432038834951 0.049450549450549455 0.03398058252427184
0 0.45408163265306123 0.5926881067961165 0.05180533751962324 0.03246359223300971
0 0.23489010989010992 0.632129854368932 0.052982731554160126 0.02032766990291262
0 0.2848312401883831 0.6365291262135921 0.05514128728414443 0.035800970873786406
0 0.33722527472527475 0.625 0.03983516483516484 0.02427184466019417
0 0.3853021978021978 0.6183252427184466 0.048469387755102046 0.023665048543689317
0 0.4259222919937206 0.6265169902912621 0.031200941915227633 0.032766990291262135
0 0.470074568288854 0.6105885922330097 0.0543563579277865 0.02032766990291262
0 0.20643642072213503 0.6609526699029126 0.05102040816326531 0.026395631067961164
0 0.2536302982731554 0.6580703883495145 0.034340659340659344 0.0212378640776699
0 0.3174058084772371 0.6553398058252426 0.08771585557299844 0.021844660194174755
0 0.38628335949764525 0.657008495145631 0.052001569858712716 0.03549757281553398
0 0.4398547880690738 0.6389563106796116 0.05317896389324961 0.02669902912621359
0 0.4839089481946625 0.6372876213592232 0.02590266875981162 0.02214805825242718
0 0.19603610675039249 0.6914441747572815 0.033359497645211934 0.027305825242718445
0 0.24244505494505497 0.6908373786407767 0.050431711145996864 0.01699029126213592
0 0.29248430141287285 0.6879550970873786 0.04925431711145997 0.01729368932038835
0 0.33791208791208793 0.6917475728155339 0.029434850863422294 0.0279126213592233
0 0.3695054945054945 0.6826456310679611 0.0282574568288854 0.017597087378640776
0 0.4101255886970173 0.679004854368932 0.05690737833594977 0.043082524271844655
0 0.472723704866562 0.6689927184466019 0.046310832025117744 0.02427184466019417
0 0.18946232339089483 0.7222390776699028 0.02099686028257457 0.02032766990291262
0 0.22468602825745684 0.7240594660194174 0.05062794348508635 0.045206310679611644
0 0.2712912087912088 0.7267900485436892 0.05396389324960754 0.0391383495145631
0 0.3278061224489796 0.7225424757281553 0.06456043956043957 0.03307038834951456
0 0.37912087912087916 0.7088895631067961 0.036499215070643645 0.019720873786407765
0 0.4143445839874412 0.7032766990291262 0.027668759811616955 0.02487864077669903
0 0.4428963893249608 0.7003944174757281 0.0282574568288854 0.022754854368932036
0 0.4774332810047096 0.6993325242718446 0.039638932496075356 0.020631067961165046
0 0.20859497645211933 0.7503033980582524 0.05847723704866562 0.02487864077669903
0 0.2765894819466248 0.7539441747572815 0.06691522762951335 0.030339805825242715
0 0.3358516483516484 0.7428701456310679 0.04689952904238619 0.02032766990291262
0 0.3718602825745683 0.7416565533980581 0.02119309262166405 0.020934466019417473
0 0.40257064364207223 0.7352851941747572 0.03944270015698587 0.02336165048543689
0 0.45290423861852436 0.7384708737864077 0.059654631083202514 0.03944174757281553
0 0.20221742543171115 0.793385922330097 0.04925431711145997 0.037014563106796114
0 0.24970565149136578 0.7788228155339805 0.034340659340659344 0.027305825242718445
0 0.3229984301412873 0.7760922330097086 0.08634222919937207 0.02973300970873786
0 0.40620094191522765 0.7724514563106796 0.06907378335949765 0.03337378640776699
0 0.456828885400314 0.7616808252427184 0.024725274725274728 0.015473300970873785
0 0.22429356357927788 0.8191747572815533 0.08084772370486656 0.02669902912621359
0 0.32142857142857145 0.8140169902912621 0.10675039246467818 0.04490291262135922
0 0.40237441130298274 0.8052184466019416 0.03355572998430142 0.03762135922330097
0 0.4383830455259027 0.7897451456310679 0.03453689167974883 0.02487864077669903
0 0.47586342229199374 0.7870145631067961 0.04081632653061225 0.023058252427184463
0 0.2651098901098901 0.8542172330097086 0.0706436420722135 0.03853155339805825
0 0.31887755102040816 0.8398058252427184 0.03532182103610675 0.025485436893203883
0 0.3665620094191523 0.8360133495145631 0.05376766091051806 0.023968446601941744
0 0.43063186813186816 0.8284283980582523 0.06652276295133439 0.028216019417475726
0 0.48381083202511777 0.8287317961165048 0.030808477237048666 0.033677184466019416
0 0.1989795918367347 0.880006067961165 0.03257456828885401 0.01911407766990291
0 0.22978806907378338 0.8866808252427184 0.031397174254317116 0.031856796116504854
0 0.33594976452119313 0.86938713592233 0.06593406593406594 0.023968446601941744
0 0.3998233908948195 0.8660497572815533 0.059850863422292 0.034890776699029125
0 0.48734301412872844 0.8546723300970873 0.022566718995290426 0.016383495145631068
0 0.20094191522762953 0.9094356796116504 0.03728414442700157 0.016686893203883495
0 0.24215070643642073 0.9117111650485437 0.05690737833594977 0.04490291262135922
0 0.31946624803767665 0.9056432038834951 0.09968602825745683 0.050970873786407765
0 0.4247448979591837 0.8912317961165048 0.02923861852433281 0.026395631067961164
0 0.45486656200941916 0.8916868932038834 0.03100470957613815 0.0345873786407767
0 0.6042974882260597 0.07099514563106796 0.029631083202511777 0.01699029126213592
0 0.6358908948194663 0.07205703883495145 0.030808477237048666 0.01608009708737864
0 0.6867150706436421 0.07357402912621358 0.06063579277864992 0.02214805825242718
0 0.7483320251177394 0.07615291262135922 0.043759811616954476 0.03398058252427184
0 0.818583202511774 0.076001213592233 0.0912480376766091 0.028216019417475726
0 0.8927590266875982 0.06689927184466019 0.03630298273155416 0.023968446601941744
0 0.6049843014128728 0.09693567961165048 0.03453689167974883 0.02578883495145631
0 0.6422684458398744 0.09708737864077668 0.03296703296703297 0.015776699029126214
0 0.6973116169544742 0.10482402912621358 0.08300627943485087 0.031249999999999997
0 0.7810047095761382 0.09996966019417475 0.08006279434850865 0.034890776699029125
0 0.8623430141287285 0.09845266990291261 0.08143642072213501 0.037924757281553395
0 0.5955651491365778 0.12469660194174756 0.01805337519623234 0.017597087378640776
0 0.6354984301412874 0.12606189320388347 0.059850863422292 0.030643203883495142
0 0.6888736263736264 0.12257281553398057 0.02374411302982732 0.015169902912621358
0 0.7205651491365778 0.12697208737864077 0.04709576138147567 0.02882281553398058
0 0.7610871271585558 0.12864077669902912 0.028846153846153848 0.0345873786407767
0 0.7953296703296704 0.12424150485436893 0.034929356357927786 0.03610436893203883
0 0.8561616954474098 0.12166262135922329 0.06711145996860284 0.03337378640776699
0 0.9029631083202513 0.11711165048543688 0.022566718995290426 0.012742718446601941
0 0.6101844583987441 0.14927184466019416 0.04336734693877551 0.01820388349514563
0 0.654532967032967 0.15169902912621358 0.045329670329670335 0.02669902912621359
0 0.7247841444270016 0.15579490291262135 0.09674254317111461 0.03428398058252427
0 0.8098508634222921 0.15625 0.06554160125588697 0.03398058252427184
0 0.876177394034537 0.14305218446601942 0.06122448979591837 0.023968446601941744
0 0.617837519623234 0.18021844660194172 0.055533751962323394 0.03519417475728155
0 0.6919152276295134 0.18052184466019416 0.0706436420722135 0.032766990291262135
0 0.7582417582417583 0.18143203883495143 0.06357927786499215 0.037014563106796114
0 0.8190737833594977 0.17020631067961164 0.05416012558869702 0.021844660194174755
0 0.8788265306122449 0.16656553398058252 0.05945839874411303 0.030339805825242715
0 0.6047880690737834 0.2022148058252427 0.03453689167974883 0.021541262135922327
0 0.6459968602825746 0.2023665048543689 0.04591836734693878 0.023058252427184463
0 0.703787284144427 0.20722087378640774 0.07437205651491366 0.032766990291262135
0 0.7722723704866562 0.19918082524271843 0.05631868131868132 0.023968446601941744
0 0.8461538461538463 0.1966019417475728 0.08712715855572999 0.032766990291262135
0 0.6192111459968603 0.23543689320388347 0.0641679748822606 0.0424757281553398
0 0.7049646781789639 0.23968446601941745 0.07751177394034538 0.03094660194174757
0 0.7708006279434851 0.23649878640776698 0.059262166405023554 0.03307038834951456
0 0.8479199372056515 0.2290655339805825 0.09262166405023549 0.0424757281553398
0 0.6367739403453689 0.2650182038834951 0.11538461538461539 0.03853155339805825
0 0.7270408163265306 0.25773665048543687 0.06043956043956044 0.020934466019417473
0 0.7899332810047096 0.25667475728155337 0.05160910518053376 0.0212378640776699
0 0.8461538461538463 0.24863470873786406 0.03257456828885401 0.018507281553398057
0 0.884124803767661 0.245752427184466 0.04101255886970173 0.0212378640776699
0 0.6008634222919937 0.28883495145631066 0.028649921507064365 0.020024271844660192
0 0.6630690737833596 0.29869538834951453 0.06750392464678179 0.031856796116504854
0 0.7168367346938775 0.28458737864077666 0.03767660910518054 0.023665048543689317
0 0.7540227629513344 0.2815533980582524 0.03394819466248038 0.026092233009708737
0 0.8213304552590267 0.28291868932038833 0.09948979591836735 0.03731796116504854
0 0.8861852433281006 0.2682038834951456 0.031397174254317116 0.028519417475728153
0 0.6189167974882261 0.32691140776699024 0.07927786499215071 0.04035194174757281
0 0.6850470957613816 0.3234223300970874 0.05494505494505495 0.038834951456310676
0 0.7426412872841445 0.31341019417475724 0.058673469387755105 0.026092233009708737
0 0.8153453689167975 0.3071905339805825 0.07810047095761381 0.026395631067961164
0 0.8834379905808478 0.2950546116504854 0.05023547880690738 0.022754854368932036
0 0.6307888540031398 0.34496359223300965 0.08143642072213501 0.025485436893203883
0 0.7322409733124019 0.3404126213592233 0.0912480376766091 0.023058252427184463
0 0.8227040816326531 0.3390473300970874 0.08889324960753532 0.04338592233009708
0 0.6016483516483517 0.3765169902912621 0.02708006279434851 0.0279126213592233
0 0.6296114599686029 0.3745449029126213 0.022174254317111463 0.03003640776699029
0 0.654532967032967 0.3847087378640776 0.029631083202511777 0.02669902912621359
0 0.680337519623234 0.3739381067961165 0.018445839874411302 0.025182038834951456
0 0.7290031397174255 0.37924757281553395 0.08281004709576138 0.043082524271844655
0 0.7954277864992151 0.3734830097087378 0.059850863422292 0.04854368932038834
0 0.8410518053375197 0.3566444174757281 0.029434850863422294 0.01608009708737864
0 0.8850078492935636 0.34905946601941745 0.052982731554160126 0.027002427184466018
0 0.6423665620094192 0.41004247572815533 0.125 0.03974514563106796
0 0.7413657770800628 0.4021541262135922 0.06554160125588697 0.03610436893203883
0 0.7961145996860283 0.38941140776699024 0.0423861852433281 0.025182038834951456
0 0.842425431711146 0.3874393203883495 0.05376766091051806 0.03822815533980582
0 0.88638147566719 0.3854672330097087 0.0380690737833595 0.04338592233009708
0 0.600765306122449 0.43613470873786403 0.027276295133437992 0.016686893203883495
0 0.6459968602825746 0.434010922330097 0.06397174254317112 0.028216019417475726
0 0.7136970172684459 0.434010922330097 0.07142857142857144 0.033677184466019416
0 0.805729984301413 0.4287014563106796 0.1043956043956044 0.04672330097087378
0 0.6043956043956045 0.45873786407766987 0.027472527472527476 0.02427184466019417
0 0.652276295133438 0.4610133495145631 0.046310832025117744 0.017900485436893203
0 0.6974097331240189 0.460254854368932 0.03414442700156986 0.01820388349514563
0 0.7433281004709577 0.45979975728155337 0.047880690737833596 0.03610436893203883
0 0.8071036106750393 0.45722087378640774 0.07182103610675039 0.03640776699029126
0 0.8720565149136579 0.4412924757281553 0.04905808477237049 0.0245752427184466
0 0.6145015698587127 0.4971177184466019 0.050824175824175824 0.03246359223300971
0 0.6779827315541601 0.48771237864077666 0.07456828885400314 0.022754854368932036
0 0.7650117739403454 0.4837682038834951 0.06730769230769232 0.030643203883495142
0 0.8406593406593407 0.4786104368932038 0.05808477237048666 0.04035194174757281
0 0.8914835164835165 0.46753640776699024 0.039638932496075356 0.02487864077669903
0 0.646978021978022 0.5212378640776698 0.08948194662480377 0.040048543689320384
0 0.7333202511773941 0.5197208737864077 0.060832025117739406 0.03762135922330097
0 0.796997645211931 0.5081917475728155 0.05592621664050236 0.030339805825242715
0 0.8701923076923077 0.5024271844660194 0.08339874411302983 0.035800970873786406
0 0.6211734693877551 0.5503640776699029 0.07437205651491366 0.03822815533980582
0 0.6811224489795918 0.5403519417475727 0.03728414442700157 0.02427184466019417
0 0.725765306122449 0.5402002427184466 0.050431711145996864 0.03549757281553398
0 0.7902276295133438 0.5344356796116504 0.07339089481946626 0.02578883495145631
0 0.8649921507064364 0.5289745145631067 0.07574568288854004 0.040958737864077666
0 0.618229984301413 0.5797936893203883 0.06887755102040817 0.035800970873786406
0 0.6782770800627944 0.5728155339805825 0.050824175824175824 0.032766990291262135
0 0.7580455259026688 0.5667475728155339 0.06514913657770802 0.023058252427184463
0 0.8047488226059655 0.5662924757281553 0.02511773940345369 0.02882281553398058
0 0.8630298273155417 0.5626516990291262 0.0890894819466248 0.03974514563106796
0 0.6216640502354789 0.6057342233009708 0.062401883830455265 0.037924757281553395
0 0.6677786499215072 0.596632281553398 0.02904238618524333 0.02578883495145631
0 0.7136970172684459 0.5963288834951456 0.05808477237048666 0.02336165048543689
0 0.7582417582417583 0.5946601941747572 0.027472527472527476 0.01820388349514563
0 0.7980769230769231 0.5913228155339806 0.04827315541601256 0.027305825242718445
0 0.8633241758241759 0.5879854368932038 0.08065149136577708 0.032766990291262135
0 0.6515894819466248 0.627882281553398 0.05239403453689168 0.020934466019417473
0 0.7070251177394035 0.6297026699029126 0.059262166405023554 0.03610436893203883
0 0.7490188383045526 0.6233313106796116 0.024725274725274728 0.020934466019417473
0 0.7936616954474098 0.6269720873786407 0.06259811616954475 0.03974514563106796
0 0.8407574568288855 0.6139259708737863 0.03630298273155416 0.016686893203883495
0 0.8815737833594977 0.6086165048543689 0.04179748822605966 0.018810679611650484
0 0.6283359497645212 0.6630764563106796 0.07770800627943486 0.03671116504854369
0 0.6890698587127159 0.6638349514563107 0.04689952904238619 0.03398058252427184
0 0.7228218210361068 0.6601941747572815 0.032770800627943485 0.030339805825242715
0 0.7653061224489797 0.6466929611650485 0.04866562009419152 0.019720873786407765
0 0.8166208791208792 0.6489684466019416 0.058673469387755105 0.03944174757281553
0 0.877649136577708 0.6359223300970873 0.06220565149136578 0.01820388349514563
0 0.617052590266876 0.6906856796116504 0.06063579277864992 0.030643203883495142
0 0.6679748822605965 0.6829490291262136 0.04120879120879121 0.0279126213592233
0 0.706828885400314 0.6800667475728155 0.03414442700156986 0.021541262135922327
0 0.780317896389325 0.6709648058252426 0.06299058084772372 0.02882281553398058
0 0.862539246467818 0.6685376213592232 0.09360282574568289 0.031249999999999997
0 0.6047880690737834 0.7151092233009708 0.03414442700156986 0.023058252427184463
0 0.631475667189953 0.7231492718446602 0.03100470957613815 0.02882281553398058
0 0.6718995290423863 0.7104065533980581 0.05376766091051806 0.0245752427184466
0 0.7399921507064364 0.7064623786407767 0.07692307692307693 0.019720873786407765
0 0.8113226059654631 0.6973604368932038 0.058673469387755105 0.022754854368932036
0 0.8588108320251178 0.7014563106796116 0.04493720565149137 0.03519417475728155
0 0.6089089481946626 0.7440837378640776 0.04003139717425432 0.02336165048543689
0 0.6828885400313972 0.7456007281553397 0.06122448979591837 0.037924757281553395
0 0.7263540031397174 0.7439320388349514 0.03355572998430142 0.0345873786407767
0 0.7668759811616955 0.730885922330097 0.044348508634222926 0.020024271844660192
0 0.8035714285714286 0.7384708737864077 0.033751962323390894 0.03337378640776699
0 0.864010989010989 0.7184466019417475 0.04748822605965464 0.0279126213592233
0 0.6225470957613816 0.7722997572815533 0.06613029827315542 0.023968446601941744
0 0.6895604395604396 0.7718446601941746 0.06554160125588697 0.029126213592233007
0 0.7717817896389325 0.7589502427184466 0.09497645211930927 0.030643203883495142
0 0.8320251177394035 0.7509101941747572 0.02197802197802198 0.03094660194174757
0 0.8635204081632654 0.757129854368932 0.045722135007849295 0.04641990291262135
0 0.6246075353218211 0.8071905339805825 0.06711145996860284 0.03549757281553398
0 0.679552590266876 0.8041565533980581 0.046703296703296704 0.033677184466019416
0 0.7154631083202512 0.8044599514563107 0.03532182103610675 0.031856796116504854
0 0.7459772370486657 0.7886832524271844 0.020604395604395604 0.027609223300970872
0 0.7751177394034537 0.7877730582524272 0.03571428571428572 0.03003640776699029
0 0.8479199372056515 0.7806432038834951 0.10949764521193094 0.02487864077669903
0 0.6010596546310832 0.8311589805825242 0.031789638932496075 0.033677184466019416
0 0.6350078492935636 0.8269114077669902 0.033751962323390894 0.025182038834951456
0 0.7435243328100472 0.8285800970873786 0.12284144427001571 0.03398058252427184
0 0.8183869701726845 0.8120449029126213 0.02021193092621664 0.031856796116504854
0 0.8518445839874412 0.8137135922330097 0.03571428571428572 0.03216019417475728
0 0.6139128728414444 0.8543689320388349 0.042189952904238624 0.02427184466019417
0 0.6599293563579278 0.8540655339805825 0.04866562009419152 0.030339805825242715
0 0.7336145996860283 0.8546723300970873 0.09478021978021979 0.03337378640776699
0 0.8139717425431712 0.8496662621359222 0.06004709576138148 0.033677184466019416
0 0.6005690737833596 0.8865291262135921 0.027668759811616955 0.020024271844660192
0 0.6285321821036107 0.8856189320388349 0.02708006279434851 0.02245145631067961
0 0.6651295133437991 0.8844053398058251 0.0500392464678179 0.02669902912621359
0 0.7256671899529042 0.8841019417475727 0.06161695447409733 0.023058252427184463
0 0.7973901098901099 0.8868325242718446 0.0794740973312402 0.03216019417475728
0 0.5997841444270016 0.9126213592233009 0.02374411302982732 0.02973300970873786
0 0.6304945054945056 0.9138349514563106 0.03414442700156986 0.027305825242718445
0 0.6835753532182104 0.9165655339805825 0.06730769230769232 0.02669902912621359
0 0.7307692307692308 0.902760922330097 0.033359497645211934 0.015473300970873785
0 0.7361656200941916 0.9130764563106796 0.027668759811616955 0.022754854368932036
0 0.7710949764521193 0.9141383495145631 0.037480376766091054 0.021844660194174755
