0 0.5311028257456829 0.11422936893203882 0.04415227629513344 0.027002427184466018
0 0.582613814756672 0.11347087378640776 0.05102040816326531 0.029126213592233007
0 0.521585557299843 0.13121966019417475 0.020800627943485087 0.025182038834951456
0 0.5491562009419153 0.13759101941747573 0.03473312401883831 0.019720873786407765
0 0.6466836734693878 0.09086771844660194 0.06927001569858714 0.062196601941747566
0 0.702315541601256 0.11756674757281553 0.044348508634222926 0.02578883495145631
0 0.7412676609105181 0.11392597087378639 0.024529042386185244 0.020934466019417473
0 0.792091836734694 0.11756674757281553 0.07751177394034538 0.03428398058252427
0 0.7458791208791209 0.14669296116504854 0.09065934065934067 0.03246359223300971
0 0.8220172684458399 0.14896844660194172 0.05808477237048666 0.03094660194174757
0 0.6218602825745684 0.1653519417475728 0.03924646781789639 0.021844660194174755
0 0.7247841444270016 0.16595873786407767 0.05239403453689168 0.020024271844660192
0 0.837519623233909 0.17066140776699026 0.06161695447409733 0.02336165048543689
0 0.617837519623234 0.19781553398058252 0.04179748822605966 0.029126213592233007
0 0.6868131868131868 0.23179611650485435 0.05337519623233909 0.03640776699029126
0 0.7720761381475668 0.3387439320388349 0.025313971742543174 0.021541262135922327
0 0.8276098901098902 0.22254247572815533 0.03787284144427002 0.02336165048543689
0 0.8551805337519623 0.368628640776699 0.05337519623233909 0.023665048543689317
0 0.8076923076923077 0.39563106796116504 0.031789638932496075 0.025485436893203883
0 0.8011185243328101 0.4355279126213592 0.03394819466248038 0.03307038834951456
0 0.8381083202511774 0.42536407766990286 0.03924646781789639 0.02427184466019417
