0 0.18632260596546313 0.0849514563106796 0.04807692307692308 0.02973300970873786
0 0.23018053375196235 0.0860133495145631 0.04748822605965464 0.031249999999999997
0 0.28944270015698587 0.07493932038834951 0.0706436420722135 0.023058252427184463
0 0.3576334379905809 0.07660800970873785 0.045722135007849295 0.01608009708737864
0 0.4141483516483517 0.07736650485436893 0.07240973312401884 0.032766990291262135
0 0.1790620094191523 0.1172633495145631 0.048469387755102046 0.03307038834951456
0 0.2586342229199372 0.10588592233009708 0.04081632653061225 0.03155339805825243
0 0.31671899529042385 0.10785800970873785 0.06750392464678179 0.03853155339805825
0 0.3741169544740974 0.10679611650485436 0.037480376766091054 0.03216019417475728
0 0.18386970172684458 0.12788228155339804 0.036499215070643645 0.0245752427184466
0 0.2247841444270016 0.12773058252427183 0.042582417582417584 0.020631067961165046
0 0.26255886970172687 0.12682038834951456 0.03257456828885401 0.019417475728155338
0 0.29984301412872844 0.12636529126213591 0.038461538461538464 0.0245752427184466
0 0.35753532182103615 0.12742718446601942 0.07378335949764521 0.020631067961165046
0 0.42288069073783363 0.12682038834951456 0.05337519623233909 0.017597087378640776
0 0.17611852433281006 0.15367111650485435 0.02099686028257457 0.016686893203883495
0 0.2234105180533752 0.15685679611650485 0.07397959183673469 0.03519417475728155
0 0.2780612244897959 0.15094053398058252 0.03218210361067504 0.02336165048543689
0 0.33124018838304553 0.15867718446601942 0.07535321821036108 0.035800970873786406
0 0.3827511773940346 0.16049757281553398 0.03159340659340659 0.029126213592233007
0 0.41748430141287285 0.14699635922330095 0.03669544740973313 0.021541262135922327
0 0.1823979591836735 0.18370752427184464 0.04140502354788069 0.026395631067961164
0 0.22929748822605966 0.17915655339805825 0.04807692307692308 0.017900485436893203
0 0.27403846153846156 0.17581917475728154 0.032378335949764525 0.020934466019417473
0 0.3206436420722135 0.18401092233009708 0.059654631083202514 0.030643203883495142
0 0.372743328100471 0.17551577669902912 0.04101255886970173 0.019720873786407765
0 0.4151295133437991 0.18128033980582522 0.04493720565149137 0.029429611650485434
0 0.18063186813186816 0.20631067961165048 0.03002354788069074 0.017597087378640776
0 0.23930533751962324 0.2022148058252427 0.032378335949764525 0.020934466019417473
0 0.29532967032967034 0.2079793689320388 0.06907378335949765 0.03610436893203883
0 0.358712715855573 0.20479368932038833 0.05416012558869702 0.030339805825242715
0 0.410616169544741 0.20509708737864077 0.04768445839874411 0.030339805825242715
0 0.182201726844584 0.22921723300970873 0.03198587127158556 0.02032766990291262
0 0.23351648351648352 0.23695388349514562 0.0706436420722135 0.03640776699029126
0 0.30082417582417587 0.22830703883495143 0.05062794348508635 0.02214805825242718
0 0.35282574568288855 0.23209951456310676 0.05180533751962324 0.0279126213592233
0 0.4062990580847724 0.230127427184466 0.058673469387755105 0.031249999999999997
0 0.18494897959183673 0.25773665048543687 0.028453689167974885 0.016686893203883495
0 0.21968210361067506 0.25849514563106796 0.022566718995290426 0.015169902912621358
0 0.25353218210361067 0.2618325242718446 0.038461538461538464 0.0279126213592233
0 0.2927786499215071 0.25409587378640774 0.033359497645211934 0.022754854368932036
0 0.34065934065934067 0.25379247572815533 0.0565149136577708 0.022754854368932036
0 0.4007064364207222 0.24893810679611647 0.049843014128728415 0.020934466019417473
0 0.17376373626373628 0.27988470873786403 0.019427001569858715 0.022754854368932036
0 0.20574960753532184 0.28671116504854366 0.04415227629513344 0.02487864077669903
0 0.28669544740973313 0.2785194174757281 0.09458398744113031 0.023058252427184463
0 0.35017660910518056 0.27548543689320387 0.024529042386185244 0.021844660194174755
0 0.383339874411303 0.2817050970873786 0.04179748822605966 0.026395631067961164
0 0.421605180533752 0.2794296116504854 0.0402276295133438 0.032766990291262135
0 0.2372448979591837 0.3108313106796116 0.04905808477237049 0.027609223300970872
0 0.27089874411302983 0.30294296116504854 0.019427001569858715 0.014259708737864077
0 0.29925431711146 0.30294296116504854 0.03924646781789639 0.016686893203883495
0 0.3494897959183674 0.3049150485436893 0.05729984301412873 0.027305825242718445
0 0.38991365777080067 0.30248786407766987 0.022370486656200943 0.013349514563106795
0 0.4187598116169545 0.29657160194174753 0.030612244897959186 0.019720873786407765
0 0.1991758241758242 0.3305521844660194 0.06475667189952905 0.016686893203883495
0 0.25627943485086346 0.32933859223300965 0.019623233908948195 0.01608009708737864
0 0.2916993720565149 0.33040048543689315 0.05278649921507065 0.02427184466019417
0 0.34674254317111464 0.3253944174757281 0.03610675039246468 0.01911407766990291
0 0.38589089481946626 0.3258495145631068 0.04140502354788069 0.027305825242718445
0 0.42562794348508637 0.32903519417475724 0.03414442700156986 0.023968446601941744
0 0.18328100470957615 0.3558859223300971 0.03414442700156986 0.02245145631067961
0 0.21781789638932497 0.3586165048543689 0.03296703296703297 0.015169902912621358
0 0.26638540031397173 0.3570995145631068 0.060243328100470964 0.026092233009708737
0 0.32388147566718994 0.3520934466019417 0.035518053375196236 0.025182038834951456
0 0.39109105180533754 0.3517900485436893 0.09929356357927788 0.03307038834951456
0 0.18259419152276296 0.3831917475728155 0.039050235478806906 0.020024271844660192
0 0.28031789638932497 0.3819781553398058 0.04768445839874411 0.025485436893203883
0 0.32751177394034536 0.3731796116504854 0.04120879120879121 0.0212378640776699
0 0.4046310832025118 0.36680825242718446 0.04199372056514914 0.020024271844660192
0 0.19034536891679749 0.40488470873786403 0.049450549450549455 0.022754854368932036
0 0.2387166405023548 0.4044296116504854 0.04297488226059655 0.020024271844660192
0 0.2968995290423862 0.40807038834951453 0.06318681318681318 0.0279126213592233
0 0.3576334379905809 0.4007888349514563 0.055533751962323394 0.0279126213592233
0 0.4187598116169545 0.39411407766990286 0.03924646781789639 0.01699029126213592
0 0.18916797488226061 0.43734830097087374 0.06475667189952905 0.03974514563106796
0 0.2448979591836735 0.42733616504854366 0.0282574568288854 0.016686893203883495
0 0.2722723704866562 0.42657766990291257 0.02806122448979592 0.015776699029126214
0 0.3152472527472528 0.4267293689320388 0.037480376766091054 0.023968446601941744
0 0.35881083202511777 0.42308859223300965 0.026491365777080063 0.015473300970873785
0 0.3814756671899529 0.42187499999999994 0.022762951334379906 0.020934466019417473
0 0.4206240188383046 0.418385922330097 0.03394819466248038 0.02427184466019417
0 0.22566718995290425 0.45327669902912615 0.05886970172684459 0.0212378640776699
0 0.2893445839874412 0.45509708737864074 0.05474882260596547 0.02669902912621359
0 0.3336930926216641 0.44629854368932037 0.039050235478806906 0.020631067961165046
0 0.38049450549450553 0.4525182038834951 0.04827315541601256 0.030643203883495142
0 0.19495682888540034 0.4825546116504854 0.052001569858712716 0.03549757281553398
0 0.25264913657770804 0.47754854368932037 0.05749607535321821 0.02245145631067961
0 0.31024332810047095 0.47754854368932037 0.051412872841444274 0.019417475728155338
0 0.11489403453689169 0.5280643203883495 0.037480376766091054 0.01911407766990291
0 0.15021585557299844 0.5273058252427184 0.01903453689167975 0.013349514563106795
0 0.11950549450549451 0.5459648058252426 0.046310832025117744 0.013652912621359222
0 0.21556122448979592 0.5078883495145631 0.09948979591836735 0.03216019417475728
0 0.28944270015698587 0.5054611650485437 0.04748822605965464 0.01820388349514563
0 0.33850078492935637 0.5059162621359223 0.04513343799058085 0.014259708737864077
0 0.4059065934065934 0.5063713592233009 0.08889324960753532 0.03640776699029126
0 0.1773940345368917 0.536256067961165 0.019623233908948195 0.01911407766990291
0 0.20359105180533754 0.5382281553398057 0.02806122448979592 0.01820388349514563
0 0.23567503924646782 0.5361043689320388 0.03532182103610675 0.015169902912621358
0 0.34635007849293564 0.5286711165048543 0.041601255886970175 0.019720873786407765
0 0.3914835164835165 0.534132281553398 0.046703296703296704 0.025182038834951456
0 0.43494897959183676 0.524878640776699 0.035518053375196236 0.015776699029126214
0 0.18857927786499215 0.5602245145631067 0.044740973312401885 0.022754854368932036
0 0.24744897959183676 0.556128640776699 0.06475667189952905 0.023665048543689317
0 0.3152472527472528 0.5574939320388349 0.04807692307692308 0.02336165048543689
0 0.3656789638932496 0.5573422330097086 0.042582417582417584 0.027305825242718445
0 0.41915227629513346 0.5538531553398057 0.06318681318681318 0.02336165048543689
0 0.19152276295133439 0.5858616504854368 0.051412872841444274 0.017597087378640776
0 0.23616562009419154 0.5828276699029126 0.03198587127158556 0.020631067961165046
0 0.2824764521193093 0.5891990291262136 0.05514128728414443 0.028519417475728153
0 0.33359497645211933 0.5829793689320388 0.036891679748822605 0.021541262135922327
0 0.372743328100471 0.5819174757281553 0.037480376766091054 0.01699029126213592
0 0.43298665620094196 0.5737257281553397 0.034340659340659344 0.0212378640776699
0 0.1941718995290424 0.6084648058252426 0.058673469387755105 0.01911407766990291
0 0.2512755102040816 0.6168082524271844 0.05160910518053376 0.026092233009708737
0 0.3087715855572999 0.6090716019417475 0.05749607535321821 0.02214805825242718
0 0.35410125588697017 0.6157463592233009 0.03159340659340659 0.027609223300970872
0 0.4059065934065934 0.6113470873786407 0.07554945054945056 0.04186893203883495
0 0.17759026687598117 0.6333434466019416 0.02590266875981162 0.02032766990291262
0 0.20408163265306123 0.6348604368932038 0.025510204081632654 0.02032766990291262
0 0.25078492935635793 0.6386529126213591 0.06750392464678179 0.030339805825242715
0 0.33251569858712715 0.6356189320388349 0.09399529042386186 0.0279126213592233
0 0.416306907378336 0.6269720873786407 0.07083987441130299 0.023968446601941744
0 0.20310047095761383 0.6620145631067961 0.07260596546310832 0.03822815533980582
0 0.2661891679748823 0.6624696601941747 0.050824175824175824 0.02578883495145631
0 0.3770604395604396 0.6626213592233009 0.047291993720565154 0.025485436893203883
0 0.4260204081632653 0.6530643203883495 0.049450549450549455 0.025182038834951456
0 0.18759811616954475 0.6821905339805825 0.04081632653061225 0.01911407766990291
0 0.2405808477237049 0.6824939320388349 0.04356357927786499 0.021541262135922327
0 0.2869897959183674 0.6858313106796116 0.04611459968602826 0.018507281553398057
0 0.3922684458398744 0.6817354368932038 0.03414442700156986 0.020024271844660192
0 0.35949764521193095 0.686134708737864 0.026295133437990583 0.012439320388349514
0 0.3270211930926217 0.6902305825242718 0.028453689167974885 0.0279126213592233
0 0.1773940345368917 0.7129854368932038 0.027472527472527476 0.0279126213592233
0 0.21458006279434852 0.7094963592233009 0.04650706436420722 0.019720873786407765
0 0.26717032967032966 0.7164745145631067 0.05278649921507065 0.027609223300970872
0 0.31132260596546313 0.7120752427184466 0.03316326530612245 0.016383495145631068
0 0.3572409733124019 0.7093446601941747 0.05239403453689168 0.020024271844660192
0 0.4184654631083203 0.7057038834951456 0.0641679748822606 0.020631067961165046
0 0.19005102040816327 0.7371055825242718 0.04415227629513344 0.013652912621359222
0 0.2932692307692308 0.7430218446601942 0.04297488226059655 0.029126213592233007
0 0.3953100470957614 0.7368021844660193 0.07358712715855574 0.028216019417475726
0 0.18504709576138148 0.7675970873786407 0.033751962323390894 0.015776699029126214
0 0.22812009419152277 0.7669902912621358 0.045722135007849295 0.028519417475728153
0 0.27305729984301413 0.7641080097087378 0.0402276295133438 0.014259708737864077
0 0.326138147566719 0.7672936893203883 0.05572998430141288 0.027305825242718445
0 0.3745094191522763 0.7689623786407767 0.03826530612244898 0.0245752427184466
0 0.4177786499215071 0.7566747572815533 0.04199372056514914 0.023058252427184463
0 0.18445839874411304 0.7894417475728155 0.03296703296703297 0.019417475728155338
0 0.2214481946624804 0.789896844660194 0.03630298273155416 0.019720873786407765
0 0.2733516483516484 0.789896844660194 0.06789638932496075 0.01911407766990291
0 0.3373233908948195 0.788379854368932 0.05690737833594977 0.02032766990291262
0 0.39089481946624804 0.795509708737864 0.05416012558869702 0.03519417475728155
0 0.2839481946624804 0.815382281553398 0.025510204081632654 0.016686893203883495
0 0.3898155416012559 0.8108313106796116 0.0402276295133438 0.019720873786407765
0 0.4264128728414443 0.8091626213592232 0.02786499215070644 0.01699029126213592
0 0.27972919937205654 0.8443567961165048 0.04179748822605966 0.016383495145631068
0 0.32594191522762955 0.8455703883495145 0.04277864992150707 0.03822815533980582
0 0.36558084772370486 0.8390473300970873 0.03296703296703297 0.017900485436893203
0 0.4166012558869702 0.8382888349514562 0.06004709576138148 0.026092233009708737
0 0.19270015698587128 0.8712075242718446 0.04709576138147567 0.01486650485436893
0 0.24793956043956045 0.8754550970873786 0.05749607535321821 0.029429611650485434
0 0.30896781789638933 0.8695388349514562 0.05396389324960754 0.017597087378640776
0 0.3574372056514914 0.8677184466019416 0.0402276295133438 0.018810679611650484
0 0.4113029827315542 0.8689320388349514 0.06907378335949765 0.026092233009708737
0 0.19113029827315542 0.9035194174757281 0.05572998430141288 0.03822815533980582
0 0.250392464678179 0.8922936893203882 0.051412872841444274 0.0212378640776699
0 0.31043956043956045 0.8968446601941746 0.0620094191522763 0.02427184466019417
0 0.372743328100471 0.8983616504854368 0.05514128728414443 0.02669902912621359
0 0.42199764521193095 0.8951759708737863 0.04964678178963894 0.030643203883495142
0 0.2004513343799058 0.9297633495145631 0.06887755102040817 0.031856796116504854
0 0.264030612244898 0.9232402912621358 0.048469387755102046 0.023665048543689317
0 0.320447409733124 0.9277912621359222 0.06161695447409733 0.032766990291262135
0 0.3719583987441131 0.9158070388349514 0.039050235478806906 0.02032766990291262
0 0.4249411302982732 0.9220266990291262 0.05121664050235479 0.0212378640776699
0 0.5679945054945055 0.07342233009708737 0.03316326530612245 0.020024271844660192
0 0.6100863422291994 0.07554611650485436 0.04905808477237049 0.020024271844660192
0 0.6564952904238619 0.07903519417475728 0.027668759811616955 0.025182038834951456
0 0.6949568288854003 0.07630461165048542 0.048861852433281006 0.019720873786407765
0 0.7492150706436421 0.07766990291262135 0.05416012558869702 0.01820388349514563
0 0.7946428571428572 0.08085558252427184 0.031200941915227633 0.01486650485436893
0 0.8226059654631084 0.07660800970873785 0.02433281004709576 0.02032766990291262
0 0.5794740973312402 0.09587378640776698 0.05847723704866562 0.01820388349514563
0 0.6389324960753533 0.09754247572815533 0.05337519623233909 0.018507281553398057
0 0.6826923076923077 0.10649271844660194 0.04199372056514914 0.032766990291262135
0 0.7241954474097332 0.09678398058252426 0.024921507064364207 0.01395631067961165
0 0.766287284144427 0.09814927184466019 0.05494505494505495 0.01911407766990291
0 0.8135792778649922 0.09784587378640776 0.03571428571428572 0.016686893203883495
0 0.5720172684458399 0.11893203883495145 0.039638932496075356 0.02427184466019417
0 0.6049843014128728 0.1295509708737864 0.03414442700156986 0.030339805825242715
0 0.6633634222919937 0.12029733009708737 0.05945839874411303 0.020934466019417473
0 0.7264521193092622 0.12135922330097086 0.05886970172684459 0.018810679611650484
0 0.5633830455259027 0.14396237864077668 0.029434850863422294 0.018507281553398057
0 0.5887951334379906 0.15625 0.027276295133437992 0.02427184466019417
0 0.614010989010989 0.14805825242718446 0.022370486656200943 0.013349514563106795
0 0.7309654631083203 0.1441140776699029 0.023547880690737835 0.018810679611650484
0 0.7973901098901099 0.15048543689320387 0.030808477237048666 0.018810679611650484
0 0.5690737833594977 0.1686893203883495 0.03767660910518054 0.017597087378640776
0 0.6489403453689169 0.17506067961165048 0.038461538461538464 0.026092233009708737
0 0.6290227629513344 0.19766383495145629 0.03394819466248038 0.019720873786407765
0 0.6713108320251178 0.1966019417475728 0.049450549450549455 0.01699029126213592
0 0.7135989010989011 0.1935679611650485 0.02923861852433281 0.023058252427184463
0 0.8059262166405023 0.1699029126213592 0.033359497645211934 0.0279126213592233
0 0.5842817896389325 0.22512135922330095 0.07162480376766091 0.03337378640776699
0 0.6491365777080064 0.22785194174757278 0.05572998430141288 0.0279126213592233
0 0.6898547880690739 0.2211771844660194 0.021389324960753534 0.013349514563106795
0 0.7373430141287285 0.22102548543689318 0.07123233908948196 0.01729368932038835
0 0.522370486656201 0.2390776699029126 0.020800627943485087 0.014563106796116504
0 0.5626962323390895 0.2536407766990291 0.03983516483516484 0.0279126213592233
0 0.6233320251177394 0.2456007281553398 0.0782967032967033 0.019720873786407765
0 0.709870486656201 0.24256674757281552 0.0912480376766091 0.023968446601941744
0 0.5620094191522763 0.26941747572815533 0.019623233908948195 0.015776699029126214
0 0.6055729984301413 0.2669902912621359 0.015698587127158558 0.011529126213592231
0 0.6255886970172685 0.2726031553398058 0.0282574568288854 0.02336165048543689
0 0.6651295133437991 0.2660800970873786 0.050824175824175824 0.023058252427184463
0 0.7127158555729984 0.2660800970873786 0.043171114599686033 0.02245145631067961
0 0.7595172684458399 0.27275485436893204 0.05121664050235479 0.023058252427184463
0 0.5816326530612245 0.2952063106796116 0.05886970172684459 0.020631067961165046
0 0.6474686028257457 0.2983919902912621 0.07554945054945056 0.031856796116504854
0 0.709085557299843 0.292627427184466 0.02099686028257457 0.011832524271844658
0 0.7563775510204082 0.29778519417475724 0.02374411302982732 0.023968446601941744
0 0.6755298273155417 0.31780946601941745 0.03865777080062795 0.01061893203883495
0 0.7397959183673469 0.31993325242718446 0.08281004709576138 0.027609223300970872
0 0.802295918367347 0.31705097087378636 0.04179748822605966 0.02669902912621359
0 0.5665227629513344 0.3393507281553398 0.03532182103610675 0.01729368932038835
0 0.617052590266876 0.3407160194174757 0.04493720565149137 0.019417475728155338
0 0.7602040816326531 0.33555825242718446 0.03021978021978022 0.020631067961165046
0 0.5855572998430142 0.3715109223300971 0.03218210361067504 0.023968446601941744
0 0.6718995290423863 0.3704490291262136 0.03532182103610675 0.023665048543689317
0 0.7354788069073783 0.3702973300970874 0.02708006279434851 0.020934466019417473
0 0.7844387755102041 0.36043689320388345 0.01903453689167975 0.01699029126213592
0 0.8177001569858713 0.36180218446601936 0.038461538461538464 0.01608009708737864
0 0.5619113029827316 0.3891080097087378 0.02295918367346939 0.01061893203883495
0 0.6210753532182104 0.38834951456310673 0.033751962323390894 0.017597087378640776
0 0.6544348508634223 0.3891080097087378 0.03296703296703297 0.01608009708737864
0 0.5772174254317112 0.4167172330097087 0.06377551020408163 0.037924757281553395
0 0.5367935635792779 0.415503640776699 0.02021193092621664 0.017900485436893203
0 0.6376569858712716 0.417627427184466 0.04925431711145997 0.030643203883495142
0 0.7190934065934066 0.415503640776699 0.09595761381475668 0.030643203883495142
0 0.7922880690737834 0.4121662621359223 0.034340659340659344 0.02336165048543689
0 0.8253532182103611 0.40761529126213586 0.025510204081632654 0.016686893203883495
0 0.5652472527472527 0.44523665048543687 0.03355572998430142 0.028216019417475726
0 0.5892857142857143 0.4347694174757281 0.015306122448979593 0.02245145631067961
0 0.6780808477237049 0.43856189320388345 0.050824175824175824 0.01486650485436893
0 0.7350863422291994 0.43841019417475724 0.05102040816326531 0.015776699029126214
0 0.8031789638932496 0.4349211165048543 0.03257456828885401 0.01911407766990291
0 0.5734890109890111 0.4661711165048543 0.04415227629513344 0.031856796116504854
0 0.630690737833595 0.4637439320388349 0.05612244897959184 0.02032766990291262
0 0.685243328100471 0.46966019417475724 0.05886970172684459 0.025485436893203883
0 0.7330259026687599 0.4632888349514563 0.03394819466248038 0.01699029126213592
0 0.764815541601256 0.4638956310679611 0.030808477237048666 0.01699029126213592
0 0.8096546310832026 0.4638956310679611 0.03767660910518054 0.01395631067961165
0 0.5626962323390895 0.49893810679611644 0.028846153846153848 0.022754854368932036
0 0.5921310832025118 0.4924150485436893 0.032378335949764525 0.023665048543689317
0 0.6429552590266876 0.4969660194174757 0.04807692307692308 0.026092233009708737
0 0.6861263736263736 0.49317354368932037 0.03159340659340659 0.02336165048543689
0 0.7206632653061225 0.48740898058252424 0.03394819466248038 0.013652912621359222
0 0.752256671899529 0.489381067961165 0.0260989010989011 0.013349514563106795
0 0.7994505494505495 0.48892597087378636 0.06593406593406594 0.027609223300970872
0 0.5770211930926217 0.5229065533980582 0.050431711145996864 0.025182038834951456
0 0.6239207221350079 0.5210861650485437 0.04493720565149137 0.02578883495145631
0 0.6678767660910518 0.516383495145631 0.042189952904238624 0.03337378640776699
0 0.7112441130298274 0.5154733009708737 0.04415227629513344 0.027305825242718445
0 0.7620682888540032 0.5091019417475727 0.0543563579277865 0.020631067961165046
0 0.8104395604395604 0.5097087378640777 0.043171114599686033 0.02427184466019417
0 0.5690737833594977 0.5386832524271844 0.033751962323390894 0.01911407766990291
0 0.6166601255886971 0.5439927184466019 0.061813186813186816 0.029126213592233007
0 0.6785714285714286 0.5400485436893203 0.054552590266875985 0.02973300970873786
0 0.7388147566718996 0.5394417475728155 0.06436420722135008 0.03216019417475728
0 0.8071036106750393 0.527002427184466 0.038461538461538464 0.01820388349514563
0 0.5810439560439561 0.5702366504854368 0.052982731554160126 0.02882281553398058
0 0.6368720565149137 0.5673543689320388 0.058673469387755105 0.01820388349514563
0 0.6869113029827316 0.567506067961165 0.04179748822605966 0.026395631067961164
0 0.739010989010989 0.5652305825242718 0.06671899529042387 0.03155339805825243
0 0.8070054945054945 0.5571905339805825 0.06809262166405024 0.017900485436893203
0 0.5860478806907379 0.5952669902912621 0.06573783359497645 0.028519417475728153
0 0.6336342229199372 0.5885922330097086 0.022370486656200943 0.015776699029126214
0 0.6653257456828886 0.5926881067961165 0.04179748822605966 0.029429611650485434
0 0.701530612244898 0.5935983009708737 0.027472527472527476 0.023968446601941744
0 0.7437205651491366 0.5860133495145631 0.06043956043956044 0.03003640776699029
0 0.8084772370486657 0.5817657766990291 0.06514913657770802 0.031249999999999997
0 0.6468799058084773 0.6125606796116504 0.06887755102040817 0.026092233009708737
0 0.6972135007849294 0.609375 0.02786499215070644 0.01911407766990291
0 0.72350863422292 0.6119538834951456 0.021585557299843017 0.01395631067961165
0 0.7553963893249608 0.6142293689320388 0.04297488226059655 0.020934466019417473
0 0.8008241758241759 0.6096783980582524 0.04905808477237049 0.019720873786407765
0 0.5652472527472527 0.6463895631067961 0.02806122448979592 0.021541262135922327
0 0.6102825745682889 0.6442657766990291 0.06279434850863423 0.03246359223300971
0 0.5716248037676609 0.6671723300970873 0.034929356357927786 0.029126213592233007
0 0.6025313971742543 0.6733919902912621 0.032770800627943485 0.027002427184466018
0 0.6538461538461539 0.6629247572815533 0.06750392464678179 0.018810679611650484
0 0.7927786499215072 0.6729368932038834 0.08869701726844585 0.03155339805825243
0 0.5819270015698588 0.6881067961165048 0.05631868131868132 0.02245145631067961
0 0.6975078492935636 0.6890169902912621 0.023351648351648352 0.01820388349514563
0 0.737146781789639 0.6958434466019416 0.045329670329670335 0.028216019417475726
0 0.7741365777080064 0.6996359223300971 0.027472527472527476 0.02427184466019417
0 0.7994505494505495 0.6888652912621359 0.02433281004709576 0.01608009708737864
0 0.5618131868131868 0.7184466019417475 0.030612244897959186 0.029126213592233007
0 0.603806907378336 0.7193567961165048 0.0521978021978022 0.030339805825242715
0 0.6487441130298274 0.7172330097087378 0.033751962323390894 0.01699029126213592
0 0.679552590266876 0.7223907766990291 0.022762951334379906 0.02669902912621359
0 0.7917974882260597 0.719508495145631 0.09615384615384616 0.034890776699029125
0 0.5696624803767661 0.7404429611650485 0.03885400313971743 0.026395631067961164
0 0.6201923076923077 0.7424150485436892 0.05278649921507065 0.02427184466019417
0 0.6736656200941915 0.7404429611650485 0.047880690737833596 0.01911407766990291
0 0.7116365777080064 0.7413531553398057 0.030416012558869703 0.02032766990291262
0 0.7486263736263736 0.7407463592233009 0.03728414442700157 0.021541262135922327
0 0.7896389324960754 0.7389259708737863 0.044348508634222926 0.020934466019417473
0 0.8254513343799058 0.7433252427184466 0.027276295133437992 0.021844660194174755
0 0.633732339089482 0.7719963592233009 0.08339874411302983 0.034890776699029125
0 0.6940737833594977 0.7753337378640776 0.044348508634222926 0.027609223300970872
0 0.7515698587127159 0.7688106796116504 0.07260596546310832 0.026092233009708737
0 0.8091640502354789 0.7710861650485437 0.04768445839874411 0.02882281553398058
0 0.5609301412872841 0.7959648058252426 0.028453689167974885 0.034890776699029125
0 0.6222527472527473 0.7985436893203883 0.06436420722135008 0.025485436893203883
0 0.6892660910518054 0.7891383495145631 0.06770015698587127 0.0212378640776699
0 0.7442111459968603 0.7903519417475727 0.03787284144427002 0.017597087378640776
0 0.7842425431711146 0.7889866504854368 0.03708791208791209 0.017900485436893203
0 0.8169152276295134 0.793385922330097 0.0282574568288854 0.021844660194174755
0 0.5873233908948196 0.819629854368932 0.06711145996860284 0.0245752427184466
0 0.6375588697017269 0.8173543689320387 0.03610675039246468 0.030339805825242715
0 0.7078100470957615 0.8141686893203883 0.05180533751962324 0.019720873786407765
0 0.7485282574568289 0.8200849514563107 0.028453689167974885 0.023058252427184463
0 0.78600863422292 0.8114381067961164 0.03865777080062795 0.020934466019417473
0 0.8206436420722135 0.8172026699029126 0.03257456828885401 0.019720873786407765
0 0.5794740973312402 0.8379854368932038 0.05376766091051806 0.02427184466019417
0 0.6281397174254317 0.8369235436893203 0.03728414442700157 0.019720873786407765
0 0.6817111459968603 0.8390473300970873 0.05376766091051806 0.02032766990291262
0 0.7713893249607536 0.8432949029126213 0.1271585557299843 0.027609223300970872
0 0.6006671899529042 0.8595266990291262 0.03767660910518054 0.018810679611650484
0 0.6568877551020409 0.8604368932038834 0.035910518053375196 0.017597087378640776
0 0.6856357927786499 0.8593749999999999 0.020408163265306124 0.016686893203883495
0 0.707613814756672 0.8608919902912621 0.023547880690737835 0.014259708737864077
0 0.5723116169544741 0.8841019417475727 0.04297488226059655 0.028519417475728153
0 0.6166601255886971 0.8875910194174756 0.048469387755102046 0.02336165048543689
0 0.6607142857142857 0.8841019417475727 0.0380690737833595 0.029126213592233007
0 0.7005494505494506 0.8825849514563106 0.04081632653061225 0.01699029126213592
0 0.7415620094191523 0.8807645631067961 0.04003139717425432 0.01395631067961165
0 0.7816915227629514 0.8860740291262135 0.04650706436420722 0.025182038834951456
0 0.8178963893249608 0.8754550970873786 0.02511773940345369 0.017900485436893203
0 0.8406593406593407 0.8748483009708737 0.020408163265306124 0.016686893203883495
0 0.878041601255887 0.8756067961165048 0.05278649921507065 0.0212378640776699
0 0.5800627943485087 0.9041262135922329 0.0565149136577708 0.018810679611650484
0 0.6251962323390895 0.9032160194174756 0.033359497645211934 0.01820388349514563
0 0.6764128728414444 0.9088288834951456 0.06750392464678179 0.031249999999999997
0 0.7281200941915228 0.914896844660194 0.03512558869701727 0.030643203883495142
0 0.7819858712715856 0.9051881067961164 0.07417582417582418 0.02882281553398058
0 0.8479199372056515 0.9035194174757281 0.0565149136577708 0.035800970873786406
0 0.5729003139717426 0.9324939320388349 0.04101255886970173 0.026395631067961164
0 0.6294152276295134 0.9320388349514562 0.06809262166405024 0.030339805825242715
0 0.688677394034537 0.9302184466019416 0.04689952904238619 0.027305825242718445
0 0.7574568288854003 0.9317354368932038 0.08006279434850865 0.0279126213592233
0 0.8192700156985872 0.9271844660194174 0.033751962323390894 0.015776699029126214
