0 0.5458202511773941 0.07933859223300971 0.061813186813186816 0.019720873786407765
0 0.5464089481946625 0.10012135922330097 0.07044740973312402 0.021844660194174755
0 0.5191326530612245 0.1172633495145631 0.01903453689167975 0.012439320388349514
0 0.5478806907378336 0.12257281553398057 0.03610675039246468 0.030339805825242715
0 0.5328689167974883 0.13561893203883493 0.04768445839874411 0.023058252427184463
0 0.5814364207221351 0.14350728155339804 0.03767660910518054 0.025485436893203883
0 0.5298273155416013 0.15716019417475727 0.04513343799058085 0.01699029126213592
0 0.5757456828885401 0.15898058252427183 0.044348508634222926 0.01699029126213592
0 0.5425824175824177 0.17566747572815533 0.07025117739403454 0.016383495145631068
0 0.6830847723704867 0.06674757281553398 0.16836734693877553 0.0703883495145631
0 0.7846350078492936 0.09450849514563106 0.05239403453689168 0.03307038834951456
0 0.840168759811617 0.0814623786407767 0.05474882260596547 0.02032766990291262
0 0.8864795918367347 0.09056432038834951 0.03394819466248038 0.029429611650485434
0 0.6265698587127159 0.11392597087378639 0.04199372056514914 0.023968446601941744
0 0.6630690737833596 0.11559466019417475 0.026295133437990583 0.02487864077669903
0 0.690541601255887 0.11256067961165048 0.026295133437990583 0.021844660194174755
0 0.7190934065934066 0.11711165048543688 0.027668759811616955 0.01820388349514563
0 0.7581436420722135 0.11589805825242717 0.04650706436420722 0.0345873786407767
0 0.8084772370486657 0.10891990291262135 0.052982731554160126 0.023058252427184463
0 0.8711734693877552 0.11650485436893203 0.0794740973312402 0.030339805825242715
0 0.6475667189952905 0.15336771844660194 0.07574568288854004 0.03003640776699029
0 0.7101648351648352 0.14487257281553398 0.025510204081632654 0.022754854368932036
0 0.7446036106750393 0.1474514563106796 0.028453689167974885 0.014563106796116504
0 0.7926805337519623 0.15169902912621358 0.059850863422292 0.03094660194174757
0 0.8356554160125589 0.13668082524271843 0.03002354788069074 0.02032766990291262
0 0.8819662480376766 0.1372876213592233 0.06495290423861853 0.02214805825242718
0 0.6166601255886971 0.17384708737864077 0.030808477237048666 0.021844660194174755
0 0.6596350078492936 0.17809466019417475 0.05121664050235479 0.028519417475728153
0 0.7163461538461539 0.17839805825242716 0.05710361067503925 0.028519417475728153
0 0.7744309262166406 0.17369538834951453 0.0500392464678179 0.02032766990291262
0 0.8253532182103611 0.17233009708737862 0.05886970172684459 0.02973300970873786
0 0.9021781789638933 0.17157160194174756 0.03473312401883831 0.020934466019417473
0 0.6147959183673469 0.1997876213592233 0.022370486656200943 0.01729368932038835
0 0.647370486656201 0.1997876213592233 0.036499215070643645 0.02032766990291262
0 0.7006475667189953 0.20464199029126212 0.06652276295133439 0.033677184466019416
0 0.7758045525902669 0.20570388349514562 0.08536106750392465 0.03519417475728155
0 0.8414442700156987 0.1935679611650485 0.036891679748822605 0.020631067961165046
0 0.8738226059654631 0.19857402912621358 0.038461538461538464 0.027609223300970872
0 0.6112637362637363 0.22542475728155337 0.023155416012558872 0.018810679611650484
0 0.6548273155416013 0.2255764563106796 0.05690737833594977 0.025182038834951456
0 0.7070251177394035 0.22830703883495143 0.049843014128728415 0.025182038834951456
0 0.7770800627943486 0.22527305825242716 0.07810047095761381 0.02032766990291262
0 0.8910910518053375 0.22618325242718446 0.046703296703296704 0.03549757281553398
0 0.6358908948194663 0.25424757281553395 0.07437205651491366 0.029126213592233007
0 0.6941718995290425 0.2547026699029126 0.03826530612244898 0.022754854368932036
0 0.7461734693877552 0.25530946601941745 0.060243328100470964 0.0245752427184466
0 0.8207417582417583 0.25288228155339804 0.03394819466248038 0.02214805825242718
0 0.8978610675039247 0.24999999999999997 0.023351648351648352 0.0212378640776699
0 0.6392268445839875 0.28291868932038833 0.05749607535321821 0.026395631067961164
0 0.6842621664050236 0.2903519417475728 0.03021978021978022 0.023058252427184463
0 0.7185047095761382 0.28762135922330095 0.037480376766091054 0.01699029126213592
0 0.7761970172684459 0.28564927184466016 0.06887755102040817 0.027002427184466018
0 0.8554748822605966 0.28109830097087374 0.05514128728414443 0.015473300970873785
0 0.8941326530612246 0.2797330097087378 0.020604395604395604 0.0212378640776699
0 0.614403453689168 0.30415655339805825 0.02590266875981162 0.022754854368932036
0 0.6591444270015699 0.3131067961165048 0.060832025117739406 0.020024271844660192
0 0.703394819466248 0.32099514563106796 0.029631083202511777 0.023665048543689317
0 0.7442111459968603 0.3115898058252427 0.02021193092621664 0.019417475728155338
0 0.7752158555729984 0.31902305825242716 0.045722135007849295 0.033677184466019416
0 0.8253532182103611 0.3115898058252427 0.04748822605965464 0.020024271844660192
0 0.8668563579277866 0.31887135922330095 0.03865777080062795 0.03337378640776699
0 0.631083202511774 0.3414745145631068 0.06122448979591837 0.020934466019417473
0 0.694368131868132 0.3429915048543689 0.05749607535321821 0.023968446601941744
0 0.7453885400313972 0.34466019417475724 0.03473312401883831 0.018810679611650484
0 0.7786499215070644 0.3442050970873786 0.02590266875981162 0.033677184466019416
0 0.8245682888540032 0.3463288834951456 0.044348508634222926 0.019720873786407765
0 0.8629317111459969 0.3376820388349514 0.02806122448979592 0.029126213592233007
0 0.64962715855573 0.3709041262135922 0.05121664050235479 0.02336165048543689
0 0.7684458398744114 0.3751516990291262 0.05690737833594977 0.019720873786407765
0 0.8380102040816327 0.3722694174757281 0.07711930926216641 0.023058252427184463
0 0.8945251177394035 0.37682038834951453 0.035910518053375196 0.03216019417475728
0 0.6375588697017269 0.4026092233009708 0.06868131868131869 0.02427184466019417
0 0.6946624803767661 0.40898058252427183 0.04120879120879121 0.02245145631067961
0 0.7441130298273155 0.404126213592233 0.052982731554160126 0.025485436893203883
0 0.7924843014128728 0.402760922330097 0.03669544740973313 0.016686893203883495
0 0.842032967032967 0.3991201456310679 0.060832025117739406 0.023968446601941744
0 0.8942307692307693 0.399878640776699 0.03728414442700157 0.0345873786407767
0 0.6324568288854003 0.42839805825242716 0.05847723704866562 0.028519417475728153
0 0.6834772370486657 0.43173543689320387 0.03571428571428572 0.0279126213592233
0 0.7242935635792779 0.4334041262135922 0.03885400313971743 0.02578883495145631
0 0.7582417582417583 0.44007888349514557 0.03257456828885401 0.027002427184466018
0 0.8046507064364208 0.43628640776699024 0.07240973312401884 0.032766990291262135
0 0.8595957613814758 0.43825849514563103 0.03394819466248038 0.03003640776699029
0 0.8931514913657771 0.42961165048543687 0.037480376766091054 0.02973300970873786
0 0.6379513343799058 0.4626820388349514 0.05847723704866562 0.020631067961165046
0 0.6877943485086343 0.4617718446601941 0.03728414442700157 0.023058252427184463
0 0.7210557299843015 0.4637439320388349 0.021781789638932497 0.02032766990291262
0 0.7538265306122449 0.47132888349514557 0.05710361067503925 0.03549757281553398
0 0.8080847723704867 0.45509708737864074 0.02197802197802198 0.021844660194174755
0 0.8591051805337521 0.4628337378640776 0.09379905808477237 0.03671116504854369
0 0.6263736263736264 0.4930218446601941 0.0521978021978022 0.023665048543689317
0 0.668563579277865 0.5022754854368932 0.031397174254317116 0.030643203883495142
0 0.7001569858712716 0.491504854368932 0.028649921507064365 0.017597087378640776
0 0.7301805337519623 0.4983313106796116 0.02904238618524333 0.025182038834951456
0 0.7836538461538461 0.4927184466019417 0.06966248037676609 0.01820388349514563
0 0.850765306122449 0.48968446601941745 0.06259811616954475 0.0345873786407767
0 0.904532967032967 0.4825546116504854 0.023351648351648352 0.01911407766990291
0 0.6725863422291994 0.5150182038834951 0.03394819466248038 0.022754854368932036
0 0.7088893249607535 0.5247269417475727 0.03983516483516484 0.03671116504854369
0 0.7691326530612246 0.5188106796116504 0.047291993720565154 0.0212378640776699
0 0.8098508634222921 0.5268507281553397 0.03532182103610675 0.031856796116504854
0 0.8468406593406594 0.513501213592233 0.037480376766091054 0.02336165048543689
0 0.8993328100470959 0.5077366504854368 0.026295133437990583 0.026395631067961164
0 0.6391287284144428 0.5489987864077669 0.08437990580847725 0.03307038834951456
0 0.721251962323391 0.5568871359223301 0.0782967032967033 0.03610436893203883
0 0.8406593406593407 0.5521844660194174 0.03414442700156986 0.03094660194174757
0 0.8874607535321821 0.5467233009708737 0.06573783359497645 0.03762135922330097
0 0.6422684458398744 0.5776699029126213 0.08281004709576138 0.026092233009708737
0 0.6968210361067504 0.587378640776699 0.03532182103610675 0.03094660194174757
0 0.7892464678178964 0.5453580097087378 0.05572998430141288 0.02578883495145631
0 0.753434065934066 0.5737257281553397 0.07240973312401884 0.02427184466019417
0 0.8307496075353219 0.5725121359223301 0.07319466248037677 0.02245145631067961
0 0.895506279434851 0.5667475728155339 0.04807692307692308 0.020024271844660192
0 0.6319662480376766 0.6136225728155339 0.07397959183673469 0.02882281553398058
0 0.6921114599686029 0.6155946601941747 0.049843014128728415 0.029126213592233007
0 0.7333202511773941 0.6133191747572815 0.03218210361067504 0.027002427184466018
0 0.793171114599686 0.6119538834951456 0.10204081632653061 0.03640776699029126
0 0.9068877551020409 0.5901092233009708 0.027276295133437992 0.023665048543689317
0 0.6243131868131868 0.6372876213592232 0.048861852433281006 0.025182038834951456
0 0.7006475667189953 0.6350121359223301 0.06063579277864992 0.020024271844660192
0 0.7461734693877552 0.643507281553398 0.03198587127158556 0.03094660194174757
0 0.7809065934065934 0.6330400485436892 0.031200941915227633 0.016686893203883495
0 0.8266287284144428 0.6378944174757281 0.06927001569858714 0.034890776699029125
0 0.8771585557299844 0.6348604368932038 0.033359497645211934 0.02882281553398058
0 0.9056122448979592 0.6318264563106796 0.03532182103610675 0.029429611650485434
0 0.6207810047095762 0.6674757281553397 0.03787284144427002 0.02487864077669903
0 0.6747448979591837 0.6741504854368932 0.061420722135007856 0.03337378640776699
0 0.7423469387755103 0.6668689320388349 0.06318681318681318 0.02669902912621359
0 0.8427197802197802 0.6689927184466019 0.07672684458398744 0.038834951456310676
0 0.9016875981161696 0.6512439320388349 0.03571428571428572 0.013652912621359222
0 0.64962715855573 0.7028216019417475 0.09281789638932497 0.031856796116504854
0 0.7198783359497646 0.7016080097087378 0.0260989010989011 0.013046116504854368
0 0.7502943485086343 0.6979672330097086 0.030416012558869703 0.02214805825242718
0 0.7945447409733124 0.6994842233009708 0.0380690737833595 0.03671116504854369
0 0.8368328100470959 0.6941747572815533 0.037480376766091054 0.016383495145631068
0 0.8762755102040817 0.6826456310679611 0.03669544740973313 0.02487864077669903
0 0.6202904238618525 0.7366504854368932 0.05690737833594977 0.037014563106796114
0 0.6838697017268446 0.7263349514563107 0.06279434850863423 0.02245145631067961
0 0.8143642072213502 0.7208737864077669 0.044740973312401885 0.02669902912621359
0 0.8571428571428572 0.7185983009708737 0.0282574568288854 0.016686893203883495
0 0.8985478806907379 0.7113167475728155 0.03021978021978022 0.018507281553398057
0 0.6095957613814758 0.7669902912621358 0.037480376766091054 0.029126213592233007
0 0.6815149136577708 0.7566747572815533 0.10164835164835165 0.023058252427184463
0 0.7820839874411304 0.7572815533980581 0.0979199372056515 0.02973300970873786
0 0.638638147566719 0.7864077669902912 0.06887755102040817 0.02427184466019417
0 0.7044740973312402 0.7947512135922329 0.06711145996860284 0.03974514563106796
0 0.7617739403453689 0.7871662621359222 0.038461538461538464 0.01486650485436893
0 0.8141679748822607 0.7844356796116504 0.031397174254317116 0.03003640776699029
0 0.8516483516483517 0.784132281553398 0.052982731554160126 0.03307038834951456
0 0.6220565149136578 0.8162924757281552 0.039638932496075356 0.023968446601941744
0 0.6773940345368917 0.8185679611650485 0.06868131868131869 0.025485436893203883
0 0.7279238618524333 0.8269114077669902 0.03708791208791209 0.031249999999999997
0 0.7686420722135008 0.8128033980582523 0.04199372056514914 0.02427184466019417
0 0.8262362637362638 0.8099211165048543 0.06259811616954475 0.019720873786407765
0 0.6198979591836735 0.8448118932038834 0.04199372056514914 0.02882281553398058
0 0.7221350078492936 0.8411711165048543 0.03885400313971743 0.02882281553398058
0 0.7673665620094192 0.8446601941747572 0.05121664050235479 0.0212378640776699
0 0.8161302982731554 0.8361650485436892 0.04042386185243328 0.02487864077669903
0 0.6126373626373627 0.8781856796116504 0.03453689167974883 0.02882281553398058
0 0.6449175824175825 0.8730279126213591 0.02923861852433281 0.022754854368932036
0 0.6715070643642073 0.8749999999999999 0.02433281004709576 0.026092233009708737
0 0.7403846153846154 0.8804611650485437 0.04866562009419152 0.03216019417475728
0 0.8024921507064364 0.8663531553398057 0.06573783359497645 0.02336165048543689
0 0.6139128728414444 0.9007888349514562 0.02413657770800628 0.026092233009708737
0 0.6520800627943485 0.9035194174757281 0.04552590266875981 0.03216019417475728
0 0.7207613814756673 0.9007888349514562 0.07574568288854004 0.02427184466019417
0 0.7963108320251178 0.9010922330097086 0.06514913657770802 0.03337378640776699
0 0.6149921507064364 0.9329490291262135 0.026295133437990583 0.02487864077669903
0 0.6491365777080064 0.9352245145631067 0.04081632653061225 0.02032766990291262
0 0.6979003139717426 0.9435679611650485 0.05514128728414443 0.037014563106796114
0 0.7811028257456829 0.93188713592233 0.03708791208791209 0.016686893203883495
