0 0.13991365777080064 0.1095266990291262 0.05337519623233909 0.037014563106796114
0 0.1865188383045526 0.10937499999999999 0.02923861852433281 0.01486650485436893
0 0.2183084772370487 0.11407766990291261 0.032770800627943485 0.03094660194174757
0 0.25981161695447413 0.1084648058252427 0.04591836734693878 0.02214805825242718
0 0.32751177394034536 0.11271237864077668 0.08124018838304553 0.027609223300970872
0 0.3924646781789639 0.10816140776699028 0.02001569858712716 0.015473300970873785
0 0.1517857142857143 0.13804611650485435 0.059850863422292 0.020631067961165046
0 0.20741758241758243 0.13592233009708737 0.03414442700156986 0.021844660194174755
0 0.2418563579277865 0.13713592233009708 0.018642072213500786 0.02245145631067961
0 0.2668759811616955 0.13592233009708737 0.02590266875981162 0.020024271844660192
0 0.30543563579277866 0.1395631067961165 0.050824175824175824 0.02487864077669903
0 0.35194270015698587 0.1330400485436893 0.034340659340659344 0.01729368932038835
0 0.39128728414442704 0.1394114077669903 0.04042386185243328 0.034890776699029125
0 0.14805729984301413 0.15882888349514562 0.052001569858712716 0.02214805825242718
0 0.20104003139717427 0.16019417475728154 0.0500392464678179 0.020631067961165046
0 0.24823390894819466 0.16550364077669902 0.04866562009419152 0.030643203883495142
0 0.14452511773940346 0.18613470873786406 0.04611459968602826 0.02032766990291262
0 0.1908359497645212 0.18704490291262135 0.032770800627943485 0.020934466019417473
0 0.22252747252747254 0.18825849514563106 0.029434850863422294 0.015473300970873785
0 0.26177394034536894 0.19038228155339804 0.047880690737833596 0.031249999999999997
0 0.29846938775510207 0.18749999999999997 0.029827315541601257 0.02669902912621359
0 0.3392857142857143 0.18628640776699026 0.04709576138147567 0.0212378640776699
0 0.38108320251177397 0.18598300970873785 0.038461538461538464 0.021844660194174755
0 0.14167974882260598 0.21404733009708737 0.03728414442700157 0.01608009708737864
0 0.1757260596546311 0.21601941747572814 0.018249607535321823 0.01699029126213592
0 0.20339481946624804 0.22041868932038833 0.03512558869701727 0.017900485436893203
0 0.2523547880690738 0.21419902912621358 0.059262166405023554 0.021844660194174755
0 0.326138147566719 0.21465412621359223 0.06397174254317112 0.019720873786407765
0 0.3719583987441131 0.2179915048543689 0.027668759811616955 0.014259708737864077
0 0.14903846153846154 0.24165655339805822 0.05592621664050236 0.0245752427184466
0 0.2440149136577708 0.24893810679611647 0.03983516483516484 0.028216019417475726
0 0.31514913657770804 0.24939320388349512 0.039638932496075356 0.025485436893203883
0 0.3624411302982732 0.24302184466019416 0.03610675039246468 0.017597087378640776
0 0.138638147566719 0.2627427184466019 0.027276295133437992 0.020631067961165046
0 0.1730769230769231 0.2638046116504854 0.0423861852433281 0.020934466019417473
0 0.20653453689167975 0.2648665048543689 0.02413657770800628 0.017597087378640776
0 0.14050235478806908 0.28640776699029125 0.03885400313971743 0.01699029126213592
0 0.19289638932496075 0.28989684466019416 0.047880690737833596 0.023968446601941744
0 0.23410518053375198 0.2914138349514563 0.017268445839874413 0.01729368932038835
0 0.26824960753532184 0.2891383495145631 0.049843014128728415 0.021844660194174755
0 0.3196624803767661 0.28974514563106796 0.052982731554160126 0.02427184466019417
0 0.37244897959183676 0.28853155339805825 0.049843014128728415 0.021844660194174755
0 0.14737048665620095 0.3120449029126213 0.05102040816326531 0.01911407766990291
0 0.1431514913657771 0.33570995145631066 0.04101255886970173 0.03003640776699029
0 0.1886773940345369 0.3408677184466019 0.04140502354788069 0.02882281553398058
0 0.23381083202511777 0.33252427184466016 0.047291993720565154 0.02669902912621359
0 0.2868916797488226 0.33297936893203883 0.0521978021978022 0.025182038834951456
0 0.32790423861852436 0.33328276699029125 0.02904238618524333 0.019720873786407765
0 0.3715659340659341 0.33434466019417475 0.05631868131868132 0.028519417475728153
0 0.16512951334379908 0.3575546116504854 0.0912480376766091 0.025182038834951456
0 0.1424646781789639 0.3847087378640776 0.04356357927786499 0.03094660194174757
0 0.18720565149136578 0.38379854368932037 0.026295133437990583 0.017597087378640776
0 0.22154631083202514 0.3845570388349514 0.04395604395604396 0.025182038834951456
0 0.27776687598116173 0.3850121359223301 0.06495290423861853 0.02245145631067961
0 0.3334968602825746 0.386377427184466 0.04493720565149137 0.028216019417475726
0 0.3737244897959184 0.3831917475728155 0.031200941915227633 0.025485436893203883
0 0.13441915227629514 0.41292475728155337 0.03571428571428572 0.021844660194174755
0 0.18043563579277866 0.40807038834951453 0.05592621664050236 0.02427184466019417
0 0.1424646781789639 0.4341626213592233 0.044740973312401885 0.0279126213592233
0 0.18347723704866564 0.4335558252427184 0.019623233908948195 0.019417475728155338
0 0.21369701726844587 0.43643810679611644 0.04003139717425432 0.028216019417475726
0 0.25745682888540034 0.43932038834951453 0.04395604395604396 0.0279126213592233
0 0.31348116169544743 0.4338592233009708 0.032770800627943485 0.018810679611650484
0 0.3464481946624804 0.4337075242718446 0.031200941915227633 0.021541262135922327
0 0.15257064364207223 0.4651092233009708 0.06534536891679749 0.023665048543689317
0 0.2181122448979592 0.464502427184466 0.045329670329670335 0.0279126213592233
0 0.26893642072213503 0.46086165048543687 0.055533751962323394 0.02245145631067961
0 0.33035714285714285 0.45843446601941745 0.06220565149136578 0.023665048543689317
0 0.37941522762951335 0.4629854368932038 0.030416012558869703 0.02487864077669903
0 0.13854003139717427 0.48968446601941745 0.041601255886970175 0.027305825242718445
0 0.17768838304552592 0.48437499999999994 0.03708791208791209 0.019720873786407765
0 0.20869309262166405 0.48467839805825236 0.02806122448979592 0.01911407766990291
0 0.1326530612244898 0.5097087378640777 0.02197802197802198 0.020631067961165046
0 0.16983908948194665 0.5106189320388349 0.04689952904238619 0.023665048543689317
0 0.20947802197802198 0.5121359223300971 0.03198587127158556 0.018810679611650484
0 0.27423469387755106 0.5110740291262136 0.059850863422292 0.023968446601941744
0 0.15266875981161696 0.5438410194174756 0.06357927786499215 0.02882281553398058
0 0.2056514913657771 0.534132281553398 0.026295133437990583 0.02336165048543689
0 0.23675431711145997 0.544751213592233 0.04140502354788069 0.03003640776699029
0 0.29218995290423866 0.5403519417475727 0.06475667189952905 0.0279126213592233
0 0.3407574568288854 0.5394417475728155 0.028453689167974885 0.016383495145631068
0 0.3807888540031397 0.5374696601941747 0.023351648351648352 0.013652912621359222
0 0.4007064364207222 0.5450546116504854 0.020408163265306124 0.023968446601941744
0 0.14648744113029827 0.5658373786407767 0.04611459968602826 0.018810679611650484
0 0.1929945054945055 0.5659890776699029 0.030416012558869703 0.01608009708737864
0 0.23282967032967034 0.5640169902912621 0.047291993720565154 0.026092233009708737
0 0.27923861852433285 0.5659890776699029 0.04277864992150707 0.018507281553398057
0 0.31171507064364207 0.5652305825242718 0.024529042386185244 0.0279126213592233
0 0.34154238618524335 0.5640169902912621 0.035910518053375196 0.0212378640776699
0 0.15355180533751964 0.6004247572815533 0.061813186813186816 0.028519417475728153
0 0.20339481946624804 0.5943567961165048 0.021389324960753534 0.019417475728155338
0 0.22998430141287285 0.5931432038834951 0.028649921507064365 0.0212378640776699
0 0.2692307692307693 0.5946601941747572 0.04591836734693878 0.020631067961165046
0 0.3031789638932496 0.5949635922330097 0.02511773940345369 0.02669902912621359
0 0.3650902668759812 0.59375 0.06534536891679749 0.020024271844660192
0 0.14550627943485087 0.6234830097087378 0.0402276295133438 0.02973300970873786
0 0.19005102040816327 0.6283373786407767 0.04179748822605966 0.0279126213592233
0 0.22821821036106751 0.6254550970873786 0.03100470957613815 0.018507281553398057
0 0.27070251177394034 0.6246966019417475 0.048861852433281006 0.03337378640776699
0 0.3100470957613815 0.6219660194174756 0.031397174254317116 0.02487864077669903
0 0.36401098901098905 0.620752427184466 0.07260596546310832 0.02669902912621359
0 0.13942307692307693 0.6465412621359222 0.02806122448979592 0.018810679611650484
0 0.1673861852433281 0.6556432038834951 0.03257456828885401 0.023665048543689317
0 0.20025510204081634 0.6479065533980582 0.029631083202511777 0.017900485436893203
0 0.23086734693877553 0.6501820388349514 0.03159340659340659 0.015776699029126214
0 0.14481946624803768 0.6683859223300971 0.04277864992150707 0.02245145631067961
0 0.18543956043956045 0.6714199029126213 0.027472527472527476 0.01699029126213592
0 0.2184065934065934 0.6727851941747572 0.03453689167974883 0.014259708737864077
0 0.25981161695447413 0.6744538834951456 0.047880690737833596 0.028519417475728153
0 0.301903453689168 0.6685376213592232 0.03394819466248038 0.026395631067961164
0 0.34173861852433285 0.6659587378640777 0.04297488226059655 0.01820388349514563
0 0.37696232339089486 0.667627427184466 0.029434850863422294 0.014259708737864077
0 0.15051020408163265 0.6940230582524272 0.05376766091051806 0.026395631067961164
0 0.20751569858712718 0.6956917475728155 0.05239403453689168 0.0279126213592233
0 0.2514717425431711 0.6952366504854368 0.03159340659340659 0.021541262135922327
0 0.28718602825745687 0.6987257281553397 0.03198587127158556 0.02487864077669903
0 0.3268249607535322 0.6920509708737863 0.03316326530612245 0.01820388349514563
0 0.184850863422292 0.7199635922330097 0.03610675039246468 0.028519417475728153
0 0.23047488226059656 0.7246662621359222 0.05121664050235479 0.028216019417475726
0 0.2735478806907379 0.7239077669902912 0.033359497645211934 0.02669902912621359
0 0.30347331240188385 0.7190533980582524 0.019427001569858715 0.02427184466019417
0 0.3229984301412873 0.7205703883495145 0.01805337519623234 0.017597087378640776
0 0.3466444270015699 0.7210254854368932 0.024529042386185244 0.015473300970873785
0 0.37441130298273156 0.7270934466019416 0.03100470957613815 0.030643203883495142
0 0.4024725274725275 0.7190533980582524 0.013736263736263738 0.023665048543689317
0 0.17121271585557302 0.7445388349514562 0.018249607535321823 0.023058252427184463
0 0.19309262166405025 0.7530339805825242 0.031397174254317116 0.028519417475728153
0 0.26157770800627944 0.7736650485436892 0.046310832025117744 0.035800970873786406
0 0.3143642072213501 0.7689623786407767 0.05886970172684459 0.023968446601941744
0 0.3637166405023548 0.7682038834951456 0.035910518053375196 0.02245145631067961
0 0.26108712715855575 0.8244842233009708 0.04650706436420722 0.02578883495145631
0 0.3193681318681319 0.824635922330097 0.06613029827315542 0.03155339805825243
0 0.3797095761381476 0.8284283980582523 0.04748822605965464 0.031249999999999997
0 0.2645211930926217 0.880006067961165 0.05337519623233909 0.02032766990291262
0 0.3489992150706437 0.8790958737864077 0.11322605965463109 0.03428398058252427
0 0.23930533751962324 0.8997269417475727 0.034340659340659344 0.015473300970873785
0 0.2717817896389325 0.9001820388349514 0.029827315541601257 0.0212378640776699
0 0.5834968602825746 0.10072815533980582 0.05788854003139718 0.0345873786407767
0 0.6597331240188383 0.0960254854368932 0.0902668759811617 0.021541262135922327
0 0.7364599686028258 0.09299150485436893 0.0282574568288854 0.015473300970873785
0 0.765894819466248 0.09132281553398057 0.03257456828885401 0.021844660194174755
0 0.5776098901098902 0.12151092233009708 0.04611459968602826 0.02032766990291262
0 0.6173469387755103 0.1240898058252427 0.019230769230769232 0.019417475728155338
0 0.6377551020408163 0.12666868932038833 0.025510204081632654 0.02336165048543689
0 0.674646781789639 0.1240898058252427 0.05416012558869702 0.026092233009708737
0 0.7340070643642073 0.12120752427184465 0.048469387755102046 0.03671116504854369
0 0.8008241758241759 0.1128640776699029 0.04552590266875981 0.023058252427184463
0 0.5687794348508635 0.1465412621359223 0.030808477237048666 0.020631067961165046
0 0.6044937205651492 0.1774878640776699 0.02923861852433281 0.02669902912621359
0 0.641287284144427 0.17050970873786406 0.059262166405023554 0.03216019417475728
0 0.7192896389324961 0.15822208737864077 0.05631868131868132 0.027002427184466018
0 0.7818877551020409 0.1564016990291262 0.06770015698587127 0.026395631067961164
0 0.5744701726844584 0.1997876213592233 0.04179748822605966 0.031856796116504854
0 0.628041601255887 0.1943264563106796 0.043759811616954476 0.02336165048543689
0 0.7034929356357928 0.18810679611650483 0.04552590266875981 0.023665048543689317
0 0.7451923076923077 0.1841626213592233 0.03002354788069074 0.02245145631067961
0 0.7995486656200942 0.18052184466019416 0.04807692307692308 0.017597087378640776
0 0.5674058084772371 0.2234526699029126 0.027276295133437992 0.020934466019417473
0 0.6039050235478807 0.22254247572815533 0.030808477237048666 0.014259708737864077
0 0.6377551020408163 0.22527305825242716 0.03885400313971743 0.022754854368932036
0 0.6888736263736264 0.2155643203883495 0.06063579277864992 0.021541262135922327
0 0.7431318681318682 0.21177184466019416 0.03924646781789639 0.021844660194174755
0 0.7964089481946626 0.20631067961165048 0.024529042386185244 0.015169902912621358
0 0.8220172684458399 0.20585558252427183 0.022762951334379906 0.016686893203883495
0 0.5795722135007849 0.24362864077669902 0.0500392464678179 0.020631067961165046
0 0.6212715855572999 0.24347694174757278 0.03296703296703297 0.02336165048543689
0 0.6733712715855573 0.2392293689320388 0.06456043956043957 0.025182038834951456
0 0.7217425431711146 0.23740898058252424 0.030612244897959186 0.02032766990291262
0 0.756083202511774 0.23589199029126212 0.01883830455259027 0.02032766990291262
0 0.7782574568288855 0.24287014563106793 0.033359497645211934 0.026395631067961164
0 0.8161302982731554 0.2311893203883495 0.04042386185243328 0.02245145631067961
0 0.584478021978022 0.27427184466019416 0.061813186813186816 0.026092233009708737
0 0.6457025117739403 0.2659283980582524 0.03787284144427002 0.021541262135922327
0 0.6828885400313972 0.2671419902912621 0.029827315541601257 0.017900485436893203
0 0.7254709576138147 0.265625 0.05023547880690738 0.03246359223300971
0 0.7632456828885401 0.2662317961165048 0.02923861852433281 0.028216019417475726
0 0.8115188383045526 0.2604672330097087 0.05514128728414443 0.031249999999999997
0 0.5748626373626374 0.29111043689320387 0.045329670329670335 0.0245752427184466
0 0.6133241758241759 0.2944478155339806 0.028846153846153848 0.01608009708737864
0 0.5912480376766092 0.31720266990291257 0.06828885400313972 0.028216019417475726
0 0.6449175824175825 0.3093143203883495 0.03512558869701727 0.02578883495145631
0 0.679945054945055 0.3068871359223301 0.031789638932496075 0.019720873786407765
0 0.7209576138147568 0.3073422330097087 0.04827315541601256 0.03519417475728155
0 0.7632456828885401 0.2983919902912621 0.03355572998430142 0.02214805825242718
0 0.8153453689167975 0.2945995145631068 0.036891679748822605 0.021844660194174755
0 0.5665227629513344 0.3376820388349514 0.026295133437990583 0.025485436893203883
0 0.5953689167974883 0.3372269417475728 0.0282574568288854 0.021541262135922327
0 0.6256868131868132 0.3376820388349514 0.030808477237048666 0.016383495145631068
0 0.6772959183673469 0.33570995145631066 0.07162480376766091 0.034890776699029125
0 0.7634419152276296 0.3237257281553398 0.06220565149136578 0.025485436893203883
0 0.8198587127158556 0.32220873786407767 0.04827315541601256 0.02427184466019417
0 0.5671114599686029 0.3683252427184466 0.034929356357927786 0.027305825242718445
0 0.6079277864992151 0.3666565533980582 0.047880690737833596 0.026395631067961164
0 0.6477629513343799 0.36286407766990286 0.03532182103610675 0.023665048543689317
0 0.7135007849293564 0.3560376213592233 0.08437990580847725 0.01729368932038835
0 0.7790423861852434 0.3517900485436893 0.04552590266875981 0.020934466019417473
0 0.820839874411303 0.3442050970873786 0.03885400313971743 0.027002427184466018
0 0.5745682888540031 0.3866808252427184 0.033751962323390894 0.020934466019417473
0 0.6138147566718996 0.3891080097087378 0.04003139717425432 0.01729368932038835
0 0.6488422291993721 0.3854672330097087 0.024529042386185244 0.015473300970873785
0 0.6752354788069074 0.39365898058252424 0.03767660910518054 0.02882281553398058
0 0.729591836734694 0.37939927184466016 0.05062794348508635 0.02336165048543689
0 0.5821232339089483 0.41277305825242716 0.052001569858712716 0.02336165048543689
0 0.6270604395604396 0.4147451456310679 0.019819466248037678 0.019417475728155338
0 0.6533555729984302 0.41292475728155337 0.030416012558869703 0.0212378640776699
0 0.703787284144427 0.4159587378640776 0.06456043956043957 0.03398058252427184
0 0.7708006279434851 0.40852548543689315 0.06711145996860284 0.030643203883495142
0 0.8209379905808478 0.39608616504854366 0.032378335949764525 0.0245752427184466
0 0.578787284144427 0.4379550970873786 0.039050235478806906 0.019720873786407765
0 0.6282378335949765 0.43856189320388345 0.0500392464678179 0.017900485436893203
0 0.6754317111459969 0.4367415048543689 0.03728414442700157 0.020934466019417473
0 0.7414638932496076 0.4341626213592233 0.053571428571428575 0.015776699029126214
0 0.7902276295133438 0.42930825242718446 0.04395604395604396 0.015776699029126214
0 0.8250588697017269 0.4267293689320388 0.016679748822605967 0.012439320388349514
0 0.5710361067503925 0.4611650485436893 0.029827315541601257 0.023665048543689317
0 0.6079277864992151 0.4657160194174757 0.04591836734693878 0.023665048543689317
0 0.6509026687598116 0.4631371359223301 0.03532182103610675 0.021541262135922327
0 0.6940737833594977 0.4625303398058252 0.04905808477237049 0.017900485436893203
0 0.7389128728414444 0.45858616504854366 0.03512558869701727 0.023968446601941744
0 0.7922880690737834 0.46086165048543687 0.06338304552590267 0.03822815533980582
0 0.5788854003139717 0.48695388349514557 0.043171114599686033 0.02427184466019417
0 0.6304945054945056 0.496510922330097 0.054552590266875985 0.027609223300970872
0 0.7048665620094192 0.48634708737864074 0.043171114599686033 0.014563106796116504
0 0.759124803767661 0.48725728155339804 0.05749607535321821 0.015169902912621358
0 0.8069073783359498 0.4837682038834951 0.03453689167974883 0.018507281553398057
0 0.5841836734693878 0.5147148058252426 0.0521978021978022 0.022754854368932036
0 0.6288265306122449 0.5133495145631067 0.024529042386185244 0.020024271844660192
0 0.6568877551020409 0.5236650485436892 0.040620094191522765 0.027305825242718445
0 0.6967229199372057 0.5182038834951456 0.023351648351648352 0.01699029126213592
0 0.5716248037676609 0.5417172330097086 0.03414442700156986 0.030643203883495142
0 0.6230376766091053 0.5465716019417475 0.06711145996860284 0.03671116504854369
0 0.6822998430141287 0.5420206310679612 0.049843014128728415 0.018507281553398057
0 0.7249803767660911 0.5382281553398057 0.034340659340659344 0.027305825242718445
0 0.777668759811617 0.5295813106796116 0.06711145996860284 0.023968446601941744
0 0.8307496075353219 0.5279126213592232 0.03473312401883831 0.021844660194174755
0 0.5894819466248038 0.5697815533980582 0.05808477237048666 0.023058252427184463
0 0.6509026687598116 0.5706917475728155 0.06004709576138148 0.02973300970873786
0 0.6961342229199372 0.5719053398058251 0.03198587127158556 0.02973300970873786
0 0.7515698587127159 0.5626516990291262 0.0706436420722135 0.04277912621359223
0 0.8162284144427002 0.5559769417475727 0.056711145996860286 0.022754854368932036
0 0.604591836734694 0.5917779126213591 0.03885400313971743 0.023968446601941744
0 0.6420722135007849 0.6034587378640777 0.047880690737833596 0.03337378640776699
0 0.5779042386185244 0.6254550970873786 0.04081632653061225 0.0245752427184466
0 0.6303963893249608 0.6271237864077669 0.06927001569858714 0.0424757281553398
0 0.6924058084772371 0.6119538834951456 0.024529042386185244 0.023058252427184463
0 0.722723704866562 0.6130157766990291 0.03218210361067504 0.01608009708737864
0 0.7757064364207222 0.6014866504854368 0.026295133437990583 0.02578883495145631
0 0.8183869701726845 0.6042172330097086 0.05631868131868132 0.019720873786407765
0 0.5911499215070644 0.6485133495145631 0.02295918367346939 0.02032766990291262
0 0.6263736263736264 0.6554915048543689 0.049843014128728415 0.03428398058252427
0 0.6850470957613816 0.6445691747572815 0.062401883830455265 0.020934466019417473
0 0.7487244897959184 0.6365291262135921 0.06299058084772372 0.02245145631067961
0 0.8104395604395604 0.6356189320388349 0.06514913657770802 0.03094660194174757
0 0.5797684458398744 0.6809769417475727 0.03826530612244898 0.03003640776699029
0 0.6000784929356359 0.7002427184466019 0.07339089481946626 0.03094660194174757
0 0.6651295133437991 0.6938713592233009 0.05396389324960754 0.0212378640776699
0 0.7141875981161696 0.6871966019417475 0.04140502354788069 0.0279126213592233
0 0.7565737833594977 0.6873483009708737 0.04101255886970173 0.02336165048543689
0 0.8095565149136578 0.6840109223300971 0.06063579277864992 0.020934466019417473
0 0.5873233908948196 0.7314927184466019 0.04591836734693878 0.017597087378640776
0 0.6350078492935636 0.7246662621359222 0.04748822605965464 0.026395631067961164
0 0.6912284144427002 0.7222390776699028 0.061420722135007856 0.017900485436893203
0 0.7494113029827316 0.7140473300970873 0.04905808477237049 0.01911407766990291
0 0.7918956043956045 0.7097997572815533 0.021389324960753534 0.018507281553398057
0 0.8221153846153847 0.7134405339805825 0.0402276295133438 0.027609223300970872
0 0.5878139717425432 0.7607706310679611 0.061420722135007856 0.031249999999999997
0 0.5824175824175825 0.7814016990291262 0.03885400313971743 0.020934466019417473
0 0.6417778649921507 0.7747269417475727 0.03708791208791209 0.025182038834951456
0 0.6869113029827316 0.7692657766990291 0.045329670329670335 0.018507281553398057
0 0.7226255886970173 0.7654733009708737 0.020604395604395604 0.014563106796116504
0 0.7545133437990581 0.763501213592233 0.04552590266875981 0.03671116504854369
0 0.8080847723704867 0.7547026699029126 0.051412872841444274 0.022754854368932036
0 0.5948783359497646 0.8126516990291262 0.059850863422292 0.02578883495145631
0 0.6654238618524333 0.8073422330097086 0.07456828885400314 0.03337378640776699
0 0.7202708006279436 0.8017293689320387 0.03983516483516484 0.03246359223300971
0 0.7742346938775511 0.7909587378640776 0.0641679748822606 0.0212378640776699
0 0.8214285714285715 0.7814016990291262 0.031397174254317116 0.025182038834951456
0 0.5838893249607535 0.8335861650485437 0.04101255886970173 0.019720873786407765
0 0.622743328100471 0.8388956310679611 0.04179748822605966 0.0279126213592233
0 0.5739795918367347 0.8574029126213591 0.033751962323390894 0.03337378640776699
0 0.6216640502354789 0.8596783980582523 0.059262166405023554 0.013652912621359222
0 0.667091836734694 0.8569478155339805 0.028453689167974885 0.0245752427184466
0 0.6957417582417583 0.8428398058252426 0.03198587127158556 0.019417475728155338
0 0.7243916797488227 0.8379854368932038 0.019819466248037678 0.023058252427184463
0 0.7479395604395604 0.8361650485436892 0.025313971742543174 0.02487864077669903
0 0.8003335949764522 0.840260922330097 0.07319466248037677 0.033677184466019416
0 0.5902668759811617 0.8859223300970873 0.033751962323390894 0.018810679611650484
0 0.6406985871271585 0.8866808252427184 0.0663265306122449 0.03731796116504854
0 0.7049646781789639 0.871510922330097 0.05592621664050236 0.019720873786407765
0 0.7752158555729984 0.8652912621359222 0.06456043956043957 0.0212378640776699
0 0.5995879120879122 0.9103458737864076 0.06652276295133439 0.027002427184466018
0 0.6703296703296704 0.9100424757281552 0.07417582417582418 0.040958737864077666
0 0.7515698587127159 0.8966929611650485 0.05729984301412873 0.0245752427184466
0 0.8033751962323391 0.8953276699029126 0.022370486656200943 0.017597087378640776
