0 0.10930141287284145 0.07873179611650485 0.07260596546310832 0.03671116504854369
0 0.09085557299843014 0.10512742718446601 0.04827315541601256 0.017900485436893203
0 0.13677394034536894 0.10452063106796115 0.04120879120879121 0.017900485436893203
0 0.0912480376766091 0.12484830097087378 0.04552590266875981 0.021541262135922327
0 0.12382260596546311 0.12105582524271843 0.017660910518053376 0.015169902912621358
0 0.14903846153846154 0.12242111650485436 0.031200941915227633 0.01729368932038835
0 0.07584379905808478 0.1407766990291262 0.017464678178963893 0.020024271844660192
0 0.09664442700156986 0.13789441747572814 0.020604395604395604 0.019720873786407765
0 0.08398744113029828 0.15867718446601942 0.03257456828885401 0.020024271844660192
0 0.12225274725274726 0.15579490291262135 0.04277864992150707 0.02032766990291262
0 0.0864403453689168 0.18052184466019416 0.03473312401883831 0.02487864077669903
0 0.12372448979591838 0.18158373786407767 0.0445447409733124 0.031249999999999997
0 0.11538461538461539 0.20722087378640774 0.09183673469387756 0.029126213592233007
0 0.0929160125588697 0.22709344660194172 0.04611459968602826 0.01729368932038835
0 0.1970172684458399 0.07766990291262135 0.08712715855572999 0.06674757281553398
0 0.2607927786499215 0.09541868932038834 0.05572998430141288 0.03307038834951456
0 0.30298273155416017 0.08555825242718446 0.0282574568288854 0.016383495145631068
0 0.334478021978022 0.08510315533980582 0.03355572998430142 0.013046116504854368
0 0.37244897959183676 0.08131067961165048 0.041601255886970175 0.020631067961165046
0 0.41787676609105184 0.09041262135922329 0.047291993720565154 0.028519417475728153
0 0.4681122448979592 0.07751820388349513 0.047291993720565154 0.027002427184466018
0 0.18524332810047098 0.11559466019417475 0.018445839874411302 0.014563106796116504
0 0.448489010989011 0.11104368932038834 0.08457613814756672 0.037014563106796114
0 0.4108124018838305 0.1316747572815534 0.05160910518053376 0.025485436893203883
0 0.4549646781789639 0.1374393203883495 0.03198587127158556 0.03094660194174757
0 0.4826334379905809 0.12545509708737862 0.020604395604395604 0.01608009708737864
0 0.4614403453689168 0.16064927184466019 0.06299058084772372 0.02882281553398058
0 0.22007456828885402 0.1899271844660194 0.021781789638932497 0.018810679611650484
0 0.3641091051805338 0.18583131067961164 0.0684850863422292 0.028216019417475726
0 0.44731161695447413 0.18932038834951453 0.09007064364207222 0.0345873786407767
0 0.19132653061224492 0.22011529126213591 0.051412872841444274 0.03671116504854369
0 0.247350863422292 0.22178398058252424 0.05474882260596547 0.03094660194174757
0 0.45957613814756676 0.2078276699029126 0.06593406593406594 0.02973300970873786
0 0.3396781789638933 0.2390776699029126 0.033359497645211934 0.023058252427184463
0 0.42003532182103615 0.24317354368932037 0.07633437990580848 0.031856796116504854
0 0.4173861852433281 0.2627427184466019 0.027472527472527476 0.0212378640776699
0 0.4603610675039247 0.2619842233009709 0.054552590266875985 0.029429611650485434
0 0.4387755102040817 0.28610436893203883 0.044740973312401885 0.020024271844660192
0 0.46801412872841447 0.31341019417475724 0.0565149136577708 0.03094660194174757
0 0.45771193092621665 0.35103155339805825 0.06927001569858714 0.027305825242718445
0 0.4521193092621664 0.37682038834951453 0.08124018838304553 0.03155339805825243
0 0.43014128728414447 0.4030643203883495 0.0521978021978022 0.026395631067961164
0 0.42523547880690743 0.43643810679611644 0.05376766091051806 0.03549757281553398
0 0.4326923076923077 0.45873786407766987 0.04120879120879121 0.02245145631067961
0 0.46487441130298274 0.4537317961165048 0.020408163265306124 0.027002427184466018
0 0.45005886970172687 0.4811893203883495 0.03983516483516484 0.02487864077669903
0 0.184850863422292 0.5212378640776698 0.027472527472527476 0.019417475728155338
0 0.2104591836734694 0.5197208737864077 0.02413657770800628 0.025485436893203883
0 0.3369309262166405 0.5207827669902912 0.044348508634222926 0.019720873786407765
0 0.37725667189952905 0.5160800970873786 0.022174254317111463 0.023665048543689317
0 0.407574568288854 0.5274575242718447 0.05690737833594977 0.03246359223300971
0 0.4673273155416013 0.509253640776699 0.06102825745682889 0.031249999999999997
0 0.18396781789638933 0.5514259708737863 0.02413657770800628 0.02336165048543689
0 0.3691130298273156 0.5485436893203883 0.07496075353218211 0.028519417475728153
0 0.4407378335949765 0.5432342233009708 0.06318681318681318 0.023968446601941744
0 0.24391679748822606 0.5482402912621359 0.026687598116169546 0.028519417475728153
0 0.24862637362637363 0.578125 0.025510204081632654 0.02032766990291262
0 0.3526295133437991 0.5744842233009708 0.04395604395604396 0.026395631067961164
0 0.38844191522762955 0.5758495145631067 0.027276295133437992 0.026092233009708737
0 0.4247448979591837 0.5755461165048543 0.04415227629513344 0.028519417475728153
0 0.2977825745682889 0.6092233009708737 0.0402276295133438 0.023058252427184463
0 0.3539050235478807 0.6124089805825242 0.06730769230769232 0.034890776699029125
0 0.4046310832025118 0.609375 0.03610675039246468 0.03549757281553398
0 0.46261773940345374 0.6028519417475727 0.06927001569858714 0.02245145631067961
0 0.2099686028257457 0.636377427184466 0.08398744113029828 0.034890776699029125
0 0.3641091051805338 0.6313713592233009 0.056711145996860286 0.027305825242718445
0 0.41787676609105184 0.6325849514563107 0.04140502354788069 0.020631067961165046
0 0.46762166405023553 0.632129854368932 0.05729984301412873 0.03853155339805825
0 0.21899529042386187 0.6714199029126213 0.09654631083202513 0.03822815533980582
0 0.3409536891679749 0.6677791262135921 0.04650706436420722 0.02669902912621359
0 0.4120879120879121 0.6608009708737863 0.023547880690737835 0.028519417475728153
0 0.4498626373626374 0.6686893203883495 0.043759811616954476 0.03216019417475728
0 0.41895604395604397 0.6814320388349514 0.019230769230769232 0.018810679611650484
0 0.19122841444270017 0.6926577669902912 0.03708791208791209 0.025485436893203883
0 0.22753139717425433 0.6970570388349514 0.032378335949764525 0.02032766990291262
0 0.26717032967032966 0.6944781553398057 0.04807692307692308 0.023058252427184463
0 0.3172095761381476 0.6917475728155339 0.04493720565149137 0.030339805825242715
0 0.3581240188383046 0.6985740291262136 0.034929356357927786 0.02032766990291262
0 0.3972723704866562 0.6996359223300971 0.04336734693877551 0.030339805825242715
0 0.4398547880690738 0.7046419902912621 0.05278649921507065 0.034890776699029125
0 0.48037676609105184 0.6891686893203883 0.026295133437990583 0.022754854368932036
0 0.18377158555729986 0.7225424757281553 0.027668759811616955 0.020934466019417473
0 0.22782574568288855 0.7283070388349514 0.0565149136577708 0.03853155339805825
0 0.28365384615384615 0.7287621359223301 0.043759811616954476 0.047330097087378634
0 0.3479199372056515 0.735133495145631 0.07810047095761381 0.046116504854368925
0 0.42052590266875983 0.7283070388349514 0.04277864992150707 0.029429611650485434
0 0.46938775510204084 0.7190533980582524 0.05102040816326531 0.030339805825242715
0 0.1855376766091052 0.7644114077669902 0.04101255886970173 0.03671116504854369
0 0.23037676609105182 0.7574332524271844 0.04513343799058085 0.02578883495145631
0 0.3050431711145997 0.7612257281553397 0.07751177394034538 0.019417475728155338
0 0.3650902668759812 0.7606189320388349 0.03512558869701727 0.02427184466019417
0 0.41571821036106754 0.763501213592233 0.06573783359497645 0.040958737864077666
0 0.1886773940345369 0.7870145631067961 0.035518053375196236 0.027305825242718445
0 0.2214481946624804 0.7918689320388349 0.03394819466248038 0.038834951456310676
0 0.2651098901098901 0.7908070388349514 0.052590266875981166 0.023968446601941744
0 0.3225078492935636 0.8033980582524272 0.055533751962323394 0.035800970873786406
0 0.36312794348508637 0.7938410194174756 0.025313971742543174 0.020934466019417473
0 0.4156200941915228 0.7967233009708737 0.07339089481946626 0.0491504854368932
0 0.47586342229199374 0.7886832524271844 0.044740973312401885 0.020934466019417473
0 0.18357535321821036 0.8344963592233009 0.042582417582417584 0.03610436893203883
0 0.2440149136577708 0.8240291262135921 0.07162480376766091 0.030339805825242715
0 0.3139717425431711 0.8232706310679611 0.06436420722135008 0.037924757281553395
0 0.39560439560439564 0.828883495145631 0.09458398744113031 0.04126213592233009
0 0.4681122448979592 0.823877427184466 0.06299058084772372 0.04277912621359223
0 0.20025510204081634 0.8555825242718446 0.05631868131868132 0.040048543689320384
0 0.25912480376766095 0.8557342233009708 0.06613029827315542 0.03307038834951456
0 0.3421310832025118 0.8514866504854368 0.09556514913657771 0.023968446601941744
0 0.4611459968602826 0.8516383495145631 0.07653061224489796 0.04550970873786407
0 0.19427001569858715 0.884253640776699 0.05729984301412873 0.017900485436893203
0 0.23930533751962324 0.877882281553398 0.034340659340659344 0.026395631067961164
0 0.27668759811616955 0.8830400485436892 0.04866562009419152 0.05066747572815534
0 0.34370094191522765 0.8812196601941746 0.08143642072213501 0.034890776699029125
0 0.4170918367346939 0.8903216019417475 0.05278649921507065 0.0391383495145631
0 0.46134222919937207 0.8827366504854368 0.04748822605965464 0.043992718446601936
0 0.18691130298273156 0.915503640776699 0.04611459968602826 0.034890776699029125
0 0.24656593406593408 0.9156553398058251 0.06691522762951335 0.03398058252427184
0 0.3258437990580848 0.9088288834951456 0.06495290423861853 0.03307038834951456
0 0.37980769230769235 0.9085254854368932 0.03944270015698587 0.023968446601941744
0 0.4113029827315542 0.9120145631067961 0.021585557299843017 0.03640776699029126
0 0.43779434850863425 0.9179308252427184 0.03924646781789639 0.03853155339805825
0 0.47851255886970173 0.9041262135922329 0.043759811616954476 0.02427184466019417
0 0.5922291993720565 0.07402912621359223 0.034929356357927786 0.03337378640776699
0 0.6332417582417583 0.06614077669902912 0.04709576138147567 0.02487864077669903
0 0.6924058084772371 0.07524271844660194 0.06573783359497645 0.03822815533980582
0 0.7552001569858713 0.06689927184466019 0.05631868131868132 0.03307038834951456
0 0.8134811616954475 0.06113470873786407 0.055533751962323394 0.03003640776699029
0 0.8781397174254317 0.0681128640776699 0.04120879120879121 0.03974514563106796
0 0.6226452119309263 0.09526699029126212 0.031789638932496075 0.019417475728155338
0 0.6515894819466248 0.0926881067961165 0.028846153846153848 0.0245752427184466
0 0.7325353218210362 0.09223300970873785 0.08359497645211932 0.027305825242718445
0 0.7989599686028258 0.10330703883495145 0.05514128728414443 0.03731796116504854
0 0.8684262166405025 0.09132281553398057 0.08182888540031398 0.030339805825242715
0 0.5984105180533752 0.12606189320388347 0.03826530612244898 0.03003640776699029
0 0.6453100470957615 0.12560679611650485 0.05160910518053376 0.019417475728155338
0 0.6853414442700158 0.12333131067961164 0.026491365777080063 0.021541262135922327
0 0.7112441130298274 0.11862864077669902 0.021781789638932497 0.023665048543689317
0 0.7353806907378336 0.1239381067961165 0.0260989010989011 0.02336165048543689
0 0.7904238618524333 0.11847694174757281 0.08281004709576138 0.025182038834951456
0 0.8711734693877552 0.12226941747572814 0.07672684458398744 0.0345873786407767
0 0.6033163265306123 0.14896844660194172 0.04611459968602826 0.018810679611650484
0 0.6616954474097332 0.15716019417475727 0.08241758241758242 0.03822815533980582
0 0.7304748822605965 0.1472997572815534 0.030416012558869703 0.027002427184466018
0 0.8072998430141288 0.14426577669902912 0.04003139717425432 0.027002427184466018
0 0.869309262166405 0.1462378640776699 0.0859497645211931 0.0345873786407767
0 0.606063579277865 0.1867415048543689 0.07790423861852434 0.03853155339805825
0 0.6785714285714286 0.18704490291262135 0.07810047095761381 0.034890776699029125
0 0.7601059654631084 0.17384708737864077 0.07711930926216641 0.029126213592233007
0 0.8239795918367347 0.1721783980582524 0.049843014128728415 0.026395631067961164
0 0.8709772370486657 0.17475728155339804 0.05396389324960754 0.03398058252427184
0 0.6059654631083203 0.20706917475728154 0.046310832025117744 0.03853155339805825
0 0.6601255886970173 0.21025485436893201 0.0773155416012559 0.03762135922330097
0 0.7399921507064364 0.2032766990291262 0.07456828885400314 0.038834951456310676
0 0.8437009419152277 0.198877427184466 0.12853218210361067 0.025182038834951456
0 0.6024332810047096 0.2334648058252427 0.04748822605965464 0.031856796116504854
0 0.7034929356357928 0.23285800970873785 0.06475667189952905 0.03428398058252427
0 0.777668759811617 0.23073422330097085 0.08320251177394035 0.03246359223300971
0 0.8712715855572999 0.22405946601941745 0.023155416012558872 0.02336165048543689
0 0.6185243328100472 0.2618325242718446 0.08555729984301413 0.037014563106796114
0 0.7156593406593407 0.2692657766990291 0.1098901098901099 0.04035194174757281
0 0.8673469387755103 0.25424757281553395 0.07967032967032968 0.030339805825242715
0 0.6043956043956045 0.28473907766990286 0.04905808477237049 0.026395631067961164
0 0.6498233908948196 0.28746966019417475 0.04101255886970173 0.02336165048543689
0 0.7116365777080064 0.28458737864077666 0.056711145996860286 0.028519417475728153
0 0.7747252747252747 0.28792475728155337 0.06750392464678179 0.025485436893203883
0 0.8536106750392465 0.2848907766990291 0.09065934065934067 0.029126213592233007
0 0.6005690737833596 0.3137135922330097 0.045329670329670335 0.027305825242718445
0 0.6403061224489797 0.3131067961165048 0.030612244897959186 0.030339805825242715
0 0.6941718995290425 0.32979368932038833 0.0402276295133438 0.0345873786407767
0 0.7336145996860283 0.31856796116504854 0.04650706436420722 0.032766990291262135
0 0.8007260596546312 0.3129550970873786 0.08222135007849295 0.027002427184466018
0 0.6026295133437991 0.3431432038834951 0.05062794348508635 0.02487864077669903
0 0.6708202511773941 0.3495145631067961 0.061813186813186816 0.03762135922330097
0 0.7498037676609106 0.3517900485436893 0.09576138147566719 0.0391383495145631
0 0.8515502354788069 0.34541868932038833 0.1022370486656201 0.02882281553398058
0 0.6101844583987441 0.3819781553398058 0.058673469387755105 0.04065533980582524
0 0.6683673469387755 0.37970266990291257 0.060832025117739406 0.03003640776699029
0 0.8056318681318682 0.3754550970873786 0.05317896389324961 0.02214805825242718
0 0.8697998430141288 0.3713592233009708 0.04807692307692308 0.027305825242718445
0 0.632947409733124 0.39820995145631066 0.04925431711145997 0.019720873786407765
0 0.6909340659340659 0.39426577669902907 0.01805337519623234 0.022754854368932036
0 0.668956043956044 0.4045813106796116 0.01295133437990581 0.037924757281553395
0 0.7240973312401884 0.39441747572815533 0.029827315541601257 0.018810679611650484
0 0.5336538461538461 0.7324029126213591 0.05906593406593407 0.019417475728155338
0 0.5320839874411303 0.7560679611650485 0.06377551020408163 0.02427184466019417
0 0.5135400313971743 0.7722997572815533 0.027472527472527476 0.01729368932038835
0 0.5599489795918368 0.7783677184466019 0.06220565149136578 0.023968446601941744
0 0.5217817896389325 0.7914138349514562 0.0423861852433281 0.019720873786407765
0 0.5662284144427002 0.7962682038834951 0.04336734693877551 0.0245752427184466
