0 0.18308477237048668 0.07736650485436893 0.020408163265306124 0.01820388349514563
0 0.21477629513343802 0.07842839805825243 0.03944270015698587 0.01911407766990291
0 0.25 0.08510315533980582 0.038461538461538464 0.02336165048543689
0 0.3031789638932496 0.08631674757281553 0.06043956043956044 0.02578883495145631
0 0.3768642072213501 0.08692354368932038 0.061420722135007856 0.02578883495145631
0 0.4353414442700157 0.09359830097087378 0.045722135007849295 0.022754854368932036
0 0.473116169544741 0.08464805825242717 0.02708006279434851 0.019417475728155338
0 0.1836734693877551 0.10588592233009708 0.03885400313971743 0.02427184466019417
0 0.2528453689167975 0.10694781553398057 0.09752747252747253 0.029429611650485434
0 0.31760204081632654 0.10345873786407767 0.030808477237048666 0.012742718446601941
0 0.3423273155416013 0.10254854368932038 0.018642072213500786 0.01699029126213592
0 0.3684262166405024 0.10482402912621358 0.03002354788069074 0.014259708737864077
0 0.41915227629513346 0.11089199029126212 0.05690737833594977 0.023968446601941744
0 0.47154631083202514 0.11240898058252426 0.04277864992150707 0.02214805825242718
0 0.19456436420722137 0.12075242718446601 0.045329670329670335 0.020631067961165046
0 0.22743328100470958 0.12075242718446601 0.017660910518053376 0.023058252427184463
0 0.2483320251177394 0.12499999999999999 0.021781789638932497 0.02245145631067961
0 0.27972919937205654 0.12591019417475727 0.035910518053375196 0.021844660194174755
0 0.3597919937205652 0.13106796116504854 0.07594191522762951 0.03519417475728155
0 0.40767268445839877 0.12682038834951456 0.016679748822605967 0.017597087378640776
0 0.4376962323390895 0.13015776699029125 0.04101255886970173 0.025485436893203883
0 0.19348508634222922 0.14487257281553398 0.043171114599686033 0.02214805825242718
0 0.2458791208791209 0.1476031553398058 0.030612244897959186 0.016686893203883495
0 0.2815934065934066 0.1476031553398058 0.03885400313971743 0.023968446601941744
0 0.3137755102040817 0.14805825242718446 0.022370486656200943 0.016383495145631068
0 0.3526295133437991 0.14684466019417475 0.03532182103610675 0.01395631067961165
0 0.4137558869701727 0.15139563106796114 0.07005494505494506 0.027305825242718445
0 0.19279827315541603 0.16656553398058252 0.04179748822605966 0.01699029126213592
0 0.22547095761381478 0.17521237864077668 0.023547880690737835 0.025182038834951456
0 0.2528453689167975 0.17141990291262135 0.028846153846153848 0.017597087378640776
0 0.2891483516483517 0.17126820388349512 0.03865777080062795 0.027002427184466018
0 0.3457613814756672 0.17157160194174756 0.06985871271585557 0.01608009708737864
0 0.4021781789638933 0.1764259708737864 0.03944270015698587 0.02578883495145631
0 0.4560439560439561 0.17020631067961164 0.06554160125588697 0.027305825242718445
0 0.2239010989010989 0.19053398058252424 0.10596546310832025 0.025485436893203883
0 0.3050431711145997 0.1920509708737864 0.05121664050235479 0.0279126213592233
0 0.3615580847723705 0.19144417475728154 0.042582417582417584 0.017597087378640776
0 0.40384615384615385 0.1943264563106796 0.04081632653061225 0.030643203883495142
0 0.44044348508634223 0.18886529126213591 0.029631083202511777 0.013652912621359222
0 0.4711538461538462 0.1876516990291262 0.031397174254317116 0.02882281553398058
0 0.1929945054945055 0.2090412621359223 0.045722135007849295 0.025485436893203883
0 0.25058869701726844 0.21723300970873785 0.06868131868131869 0.0279126213592233
0 0.30278649921507067 0.21283373786407764 0.030612244897959186 0.017900485436893203
0 0.3289835164835165 0.21253033980582522 0.022566718995290426 0.017900485436893203
0 0.4097331240188383 0.21283373786407764 0.03296703296703297 0.013652912621359222
0 0.46242150706436425 0.20752427184466019 0.0402276295133438 0.01395631067961165
0 0.17925824175824176 0.2336165048543689 0.022566718995290426 0.02487864077669903
0 0.2289050235478807 0.2325546116504854 0.05592621664050236 0.020934466019417473
0 0.2981750392464678 0.2368021844660194 0.08065149136577708 0.021541262135922327
0 0.3756868131868132 0.23634708737864077 0.06770015698587127 0.015169902912621358
0 0.4497645211930926 0.23574029126213591 0.07927786499215071 0.027305825242718445
0 0.18720565149136578 0.25439927184466016 0.038461538461538464 0.01729368932038835
0 0.2269427001569859 0.263501213592233 0.0500392464678179 0.026395631067961164
0 0.2817896389324961 0.2625910194174757 0.059262166405023554 0.030643203883495142
0 0.3396781789638933 0.2589502427184466 0.05533751962323391 0.026395631067961164
0 0.396978021978022 0.25606796116504854 0.0521978021978022 0.01699029126213592
0 0.45830062794348514 0.25424757281553395 0.07280219780219781 0.0345873786407767
0 0.19211145996860285 0.2779126213592233 0.04395604395604396 0.017597087378640776
0 0.23165227629513346 0.28534587378640774 0.03159340659340659 0.028216019417475726
0 0.27109497645211933 0.28322208737864074 0.04336734693877551 0.02032766990291262
0 0.30739795918367346 0.2782160194174757 0.025313971742543174 0.020024271844660192
0 0.3353610675039247 0.2786711165048543 0.029434850863422294 0.02336165048543689
0 0.38177001569858715 0.28580097087378636 0.0641679748822606 0.03155339805825243
0 0.4705651491365777 0.2759405339805825 0.049450549450549455 0.018507281553398057
0 0.25264913657770804 0.30097087378640774 0.03473312401883831 0.02427184466019417
0 0.28885400313971743 0.3047633495145631 0.03257456828885401 0.016686893203883495
0 0.36332417582417587 0.30658373786407767 0.04101255886970173 0.020934466019417473
0 0.3987441130298273 0.3149271844660194 0.03218210361067504 0.029126213592233007
0 0.21104788069073785 0.3208434466019417 0.04964678178963894 0.02214805825242718
0 0.26108712715855575 0.3237257281553398 0.025706436420722137 0.01395631067961165
0 0.28620486656200944 0.3234223300970874 0.018642072213500786 0.0212378640776699
0 0.3088697017268446 0.3246359223300971 0.026295133437990583 0.023665048543689317
0 0.3527276295133438 0.33161407766990286 0.05945839874411303 0.03398058252427184
0 0.4149332810047096 0.33100728155339804 0.04925431711145997 0.02487864077669903
0 0.1845565149136578 0.3439016990291262 0.03355572998430142 0.016686893203883495
0 0.2616758241758242 0.34996966019417475 0.09870486656200943 0.03246359223300971
0 0.32751177394034536 0.3548240291262136 0.04199372056514914 0.033677184466019416
0 0.36096938775510207 0.3560376213592233 0.02923861852433281 0.02336165048543689
0 0.40355180533751966 0.3533070388349514 0.056711145996860286 0.016686893203883495
0 0.46507064364207223 0.34981796116504854 0.03296703296703297 0.016383495145631068
0 0.17916012558869704 0.3745449029126213 0.02786499215070644 0.027609223300970872
0 0.20319858712715858 0.3765169902912621 0.029631083202511777 0.02669902912621359
0 0.22949372056514916 0.36711165048543687 0.019819466248037678 0.01820388349514563
0 0.2648155416012559 0.36817354368932037 0.04493720565149137 0.02214805825242718
0 0.3026883830455259 0.3763652912621359 0.02806122448979592 0.021541262135922327
0 0.35518053375196235 0.3756067961165048 0.076138147566719 0.03398058252427184
0 0.4177786499215071 0.3751516990291262 0.047880690737833596 0.0245752427184466
0 0.46487441130298274 0.3715109223300971 0.03728414442700157 0.017900485436893203
0 0.2269427001569859 0.3966929611650485 0.11872056514913658 0.03246359223300971
0 0.32142857142857145 0.3991201456310679 0.036499215070643645 0.01608009708737864
0 0.36342229199372056 0.39608616504854366 0.04395604395604396 0.021541262135922327
0 0.4142464678178964 0.4013956310679611 0.06318681318681318 0.03155339805825243
0 0.1853414442700157 0.4177791262135922 0.03316326530612245 0.028519417475728153
0 0.239403453689168 0.4211165048543689 0.076138147566719 0.03398058252427184
0 0.31446232339089486 0.4174757281553398 0.06613029827315542 0.0212378640776699
0 0.378434065934066 0.4177791262135922 0.05749607535321821 0.0212378640776699
0 0.42327315541601257 0.4156553398058252 0.03021978021978022 0.021844660194174755
0 0.4666405023547881 0.4211165048543689 0.05180533751962324 0.02245145631067961
0 0.17827708006279436 0.4368932038834951 0.02021193092621664 0.021844660194174755
0 0.22154631083202514 0.4379550970873786 0.060832025117739406 0.025182038834951456
0 0.2823783359497645 0.4378033980582524 0.05612244897959184 0.020024271844660192
0 0.32751177394034536 0.4434162621359223 0.04591836734693878 0.027609223300970872
0 0.4244505494505495 0.43992718446601936 0.06043956043956044 0.020631067961165046
0 0.4750784929356358 0.44083737864077666 0.03532182103610675 0.018810679611650484
0 0.20947802197802198 0.4634405339805825 0.08732339089481947 0.02336165048543689
0 0.27462715855573 0.46541262135922323 0.025313971742543174 0.015169902912621358
0 0.30308084772370486 0.47330097087378636 0.039050235478806906 0.030339805825242715
0 0.34321036106750397 0.47132888349514557 0.05612244897959184 0.02882281553398058
0 0.40885007849293564 0.4635922330097087 0.07358712715855574 0.021844660194174755
0 0.4683084772370487 0.46632281553398053 0.045329670329670335 0.025485436893203883
0 0.17562794348508634 0.4811893203883495 0.023940345368916798 0.017597087378640776
0 0.21144034536891682 0.48862257281553395 0.043759811616954476 0.03246359223300971
0 0.2655023547880691 0.4937803398058252 0.04395604395604396 0.028216019417475726
0 0.35233516483516486 0.48892597087378636 0.03355572998430142 0.016686893203883495
0 0.4314167974882261 0.48710558252427183 0.11911302982731554 0.02336165048543689
0 0.18229984301412874 0.5063713592233009 0.03610675039246468 0.02427184466019417
0 0.27187990580847726 0.5165351941747572 0.09948979591836735 0.03428398058252427
0 0.3526295133437991 0.5180521844660194 0.04513343799058085 0.026395631067961164
0 0.39952904238618525 0.5192657766990291 0.05690737833594977 0.031856796116504854
0 0.4566326530612245 0.5106189320388349 0.0521978021978022 0.028519417475728153
0 0.1876962323390895 0.529126213592233 0.04807692307692308 0.028519417475728153
0 0.22978806907378338 0.5351941747572815 0.033359497645211934 0.015169902912621358
0 0.2925824175824176 0.5356492718446602 0.08006279434850865 0.025182038834951456
0 0.3991365777080063 0.5453580097087378 0.04120879120879121 0.031249999999999997
0 0.45830062794348514 0.5395934466019418 0.07280219780219781 0.0391383495145631
0 0.18386970172684458 0.5546116504854368 0.038461538461538464 0.020024271844660192
0 0.22527472527472528 0.5608313106796116 0.054552590266875985 0.02336165048543689
0 0.29415227629513346 0.5679611650485437 0.0816326530612245 0.03640776699029126
0 0.3459576138147567 0.5628033980582524 0.022762951334379906 0.017597087378640776
0 0.3793171114599686 0.571753640776699 0.046703296703296704 0.033677184466019416
0 0.4154238618524333 0.5646237864077669 0.02433281004709576 0.012135922330097085
0 0.4589874411302983 0.5644720873786407 0.07142857142857144 0.0391383495145631
0 0.17631475667189955 0.5797936893203883 0.03198587127158556 0.02427184466019417
0 0.20516091051805338 0.5819174757281553 0.01903453689167975 0.020024271844660192
0 0.2870879120879121 0.5899575242718446 0.14364207221350078 0.031856796116504854
0 0.41895604395604397 0.5890473300970873 0.07456828885400314 0.0245752427184466
0 0.4726255886970173 0.5929915048543689 0.03630298273155416 0.02882281553398058
0 0.17994505494505494 0.6078580097087378 0.03610675039246468 0.01911407766990291
0 0.22753139717425433 0.6189320388349514 0.05278649921507065 0.027305825242718445
0 0.2892464678178964 0.6224211165048543 0.07339089481946626 0.027609223300970872
0 0.34438775510204084 0.6172633495145631 0.03100470957613815 0.022754854368932036
0 0.38873626373626374 0.6189320388349514 0.0565149136577708 0.02487864077669903
0 0.454179748822606 0.6152912621359222 0.06887755102040817 0.026092233009708737
0 0.18946232339089483 0.6450242718446602 0.07201726844583987 0.03094660194174757
0 0.2701138147566719 0.6501820388349514 0.092425431711146 0.03762135922330097
0 0.34321036106750397 0.6441140776699028 0.05023547880690738 0.026092233009708737
0 0.4115973312401884 0.6515473300970873 0.030808477237048666 0.02882281553398058
0 0.4587912087912088 0.6524575242718446 0.062401883830455265 0.028216019417475726
0 0.18308477237048668 0.6691444174757281 0.04591836734693878 0.020934466019417473
0 0.24264128728414444 0.6703580097087378 0.0684850863422292 0.020934466019417473
0 0.30180533751962324 0.6730885922330097 0.05023547880690738 0.026395631067961164
0 0.34536891679748827 0.6852245145631067 0.04748822605965464 0.02882281553398058
0 0.39687990580847726 0.6831007281553397 0.0543563579277865 0.031856796116504854
0 0.1865188383045526 0.6982706310679611 0.060243328100470964 0.02578883495145631
0 0.24322998430141288 0.6978155339805825 0.05514128728414443 0.021844660194174755
0 0.2889521193092622 0.7002427184466019 0.030416012558869703 0.018810679611650484
0 0.32957221350078497 0.706007281553398 0.02923861852433281 0.01820388349514563
0 0.35733908948194665 0.7113167475728155 0.03100470957613815 0.02882281553398058
0 0.4300431711145997 0.7085861650485437 0.11361852433281006 0.033677184466019416
0 0.1759222919937206 0.7286104368932038 0.03355572998430142 0.015473300970873785
0 0.2801216640502355 0.7358919902912621 0.0912480376766091 0.0391383495145631
0 0.3622448979591837 0.7396844660194174 0.054552590266875985 0.03094660194174757
0 0.4030612244897959 0.7343749999999999 0.026687598116169546 0.0245752427184466
0 0.4303375196232339 0.7361953883495145 0.02511773940345369 0.022754854368932036
0 0.4630102040816327 0.7345266990291262 0.03826530612244898 0.02669902912621359
0 0.17709968602825746 0.7543992718446602 0.03983516483516484 0.030643203883495142
0 0.21703296703296704 0.7574332524271844 0.036891679748822605 0.02578883495145631
0 0.2645211930926217 0.7615291262135921 0.05847723704866562 0.021844660194174755
0 0.34301412872841447 0.7677487864077669 0.10478806907378337 0.029429611650485434
0 0.4188579277864992 0.7662317961165048 0.0402276295133438 0.03671116504854369
0 0.4659536891679749 0.7591019417475727 0.052001569858712716 0.023058252427184463
0 0.20300235478806908 0.7897451456310679 0.08732339089481947 0.026092233009708737
0 0.27649136577708006 0.7842839805825242 0.0380690737833595 0.02487864077669903
0 0.30631868131868134 0.7950546116504854 0.027472527472527476 0.02336165048543689
0 0.3416405023547881 0.7870145631067961 0.041601255886970175 0.01699029126213592
0 0.3866758241758242 0.7876213592233009 0.045722135007849295 0.014563106796116504
0 0.4491758241758242 0.7903519417475727 0.07574568288854004 0.02973300970873786
0 0.2078100470957614 0.808252427184466 0.023547880690737835 0.015169902912621358
0 0.22762951334379908 0.8065837378640776 0.019230769230769232 0.019720873786407765
0 0.24960753532182106 0.8097694174757281 0.026687598116169546 0.016383495145631068
0 0.2970957613814757 0.8117415048543689 0.04199372056514914 0.01608009708737864
0 0.33222135007849296 0.8214502427184466 0.030612244897959186 0.025182038834951456
0 0.3685243328100471 0.8156856796116504 0.04356357927786499 0.031856796116504854
0 0.4030612244897959 0.8146237864077669 0.024725274725274728 0.014563106796116504
0 0.2039835164835165 0.833131067961165 0.01785714285714286 0.0212378640776699
0 0.2269427001569859 0.8357099514563107 0.023351648351648352 0.023968446601941744
0 0.2681514913657771 0.8361650485436892 0.05474882260596547 0.018810679611650484
0 0.31063579277864994 0.8432949029126213 0.041601255886970175 0.027609223300970872
0 0.36381475667189955 0.8366201456310679 0.06357927786499215 0.02214805825242718
0 0.4084576138147567 0.8461771844660193 0.028453689167974885 0.028519417475728153
0 0.4542778649921507 0.8343446601941746 0.062401883830455265 0.02427184466019417
0 0.19927394034536894 0.8677184466019416 0.04179748822605966 0.02669902912621359
0 0.2289050235478807 0.8671116504854368 0.014717425431711147 0.026092233009708737
0 0.26491365777080067 0.8660497572815533 0.05494505494505495 0.030643203883495142
0 0.3773547880690738 0.8625606796116504 0.16797488226059656 0.029126213592233007
0 0.24048273155416014 0.8824332524271844 0.02413657770800628 0.02032766990291262
0 0.2744309262166405 0.886377427184466 0.04415227629513344 0.0245752427184466
0 0.3184850863422292 0.8901699029126213 0.052590266875981166 0.03155339805825243
0 0.39805729984301413 0.886377427184466 0.10694662480376767 0.034890776699029125
0 0.46742543171114603 0.8947208737864077 0.038461538461538464 0.027305825242718445
0 0.2214481946624804 0.9097390776699028 0.022566718995290426 0.01729368932038835
0 0.27472527472527475 0.9117111650485437 0.08634222919937207 0.03094660194174757
0 0.33712715855573 0.9094356796116504 0.03610675039246468 0.028216019417475726
0 0.3708791208791209 0.9100424757281552 0.027472527472527476 0.023968446601941744
0 0.4062990580847724 0.911256067961165 0.03865777080062795 0.026395631067961164
0 0.4553571428571429 0.9165655339805825 0.05828100470957614 0.030339805825242715
0 0.6538461538461539 0.08510315533980582 0.044348508634222926 0.01729368932038835
0 0.6925039246467818 0.09071601941747572 0.04395604395604396 0.04126213592233009
0 0.7602040816326531 0.0893507281553398 0.09693877551020409 0.03610436893203883
0 0.8527276295133438 0.09010922330097086 0.09595761381475668 0.03822815533980582
0 0.6042974882260597 0.10512742718446601 0.045329670329670335 0.018507281553398057
0 0.6946624803767661 0.10694781553398057 0.051412872841444274 0.02578883495145631
0 0.7387166405023549 0.11316747572815533 0.03316326530612245 0.029126213592233007
0 0.7747252747252747 0.11468446601941747 0.0380690737833595 0.025485436893203883
0 0.8174058084772371 0.10800970873786407 0.022174254317111463 0.023665048543689317
0 0.8450745682888541 0.11210558252427183 0.034340659340659344 0.0245752427184466
0 0.8865777080062794 0.10770631067961164 0.04356357927786499 0.018810679611650484
0 0.6039050235478807 0.1318264563106796 0.0445447409733124 0.03003640776699029
0 0.6435439560439561 0.1309162621359223 0.027668759811616955 0.013652912621359222
0 0.682594191522763 0.13212985436893201 0.04964678178963894 0.029429611650485434
0 0.7362637362637363 0.13379854368932037 0.022370486656200943 0.018810679611650484
0 0.7673665620094192 0.13698422330097088 0.03198587127158556 0.015473300970873785
0 0.8028846153846154 0.13592233009708737 0.03159340659340659 0.016383495145631068
0 0.8500784929356359 0.1341019417475728 0.057692307692307696 0.020024271844660192
0 0.8998233908948196 0.1383495145631068 0.02923861852433281 0.030339805825242715
0 0.5932103610675039 0.1532160194174757 0.024725274725274728 0.015776699029126214
0 0.6189167974882261 0.15609830097087377 0.021585557299843017 0.01486650485436893
0 0.6498233908948196 0.15791868932038833 0.047291993720565154 0.025182038834951456
0 0.6875981161695448 0.15503640776699026 0.024725274725274728 0.021844660194174755
0 0.7872841444270016 0.16626213592233008 0.18838304552590268 0.02973300970873786
0 0.8984497645211932 0.16580703883495143 0.032770800627943485 0.027002427184466018
0 0.612146781789639 0.17900485436893201 0.06691522762951335 0.03337378640776699
0 0.6871075353218211 0.18219053398058252 0.08418367346938777 0.023968446601941744
0 0.7942503924646782 0.1923543689320388 0.11440345368916797 0.03822815533980582
0 0.8677394034536893 0.19675364077669902 0.03571428571428572 0.02882281553398058
0 0.9014913657770801 0.18355582524271843 0.0282574568288854 0.014563106796116504
0 0.6154827315541601 0.20266990291262135 0.018642072213500786 0.015776699029126214
0 0.6495290423861853 0.20600728155339804 0.04748822605965464 0.03155339805825243
0 0.7047684458398744 0.21313713592233008 0.05474882260596547 0.028216019417475726
0 0.7675627943485087 0.21040655339805822 0.06573783359497645 0.02578883495145631
0 0.8182888540031398 0.2154126213592233 0.036891679748822605 0.02427184466019417
0 0.5971350078492936 0.22815533980582522 0.03453689167974883 0.017597087378640776
0 0.6371664050235479 0.22800364077669902 0.04513343799058085 0.022754854368932036
0 0.6869113029827316 0.23407160194174756 0.031200941915227633 0.018507281553398057
0 0.7126177394034537 0.23574029126213591 0.016287284144427004 0.020024271844660192
0 0.7319466248037677 0.23513349514563106 0.022370486656200943 0.0212378640776699
0 0.7621664050235479 0.23665048543689318 0.03257456828885401 0.0212378640776699
0 0.8100470957613816 0.24150485436893201 0.05376766091051806 0.026092233009708737
0 0.8782378335949765 0.24302184466019416 0.06456043956043957 0.03094660194174757
0 0.617052590266876 0.2589502427184466 0.07083987441130299 0.018507281553398057
0 0.6845565149136578 0.2651699029126213 0.06456043956043957 0.03155339805825243
0 0.7470565149136578 0.2618325242718446 0.03924646781789639 0.016383495145631068
0 0.7864992150706437 0.26744538834951453 0.033359497645211934 0.029429611650485434
0 0.8231946624803768 0.2628944174757281 0.036891679748822605 0.017900485436893203
0 0.8581240188383046 0.263501213592233 0.03218210361067504 0.016686893203883495
0 0.5929160125588697 0.2923240291262136 0.045329670329670335 0.02578883495145631
0 0.6468799058084773 0.2930825242718446 0.05749607535321821 0.03640776699029126
0 0.7083987441130298 0.2902002427184466 0.05690737833594977 0.027609223300970872
0 0.7838500784929356 0.2894417475728155 0.08732339089481947 0.02245145631067961
0 0.8527276295133438 0.288379854368932 0.027276295133437992 0.015473300970873785
0 0.8888343799058085 0.28610436893203883 0.04179748822605966 0.020024271844660192
0 0.6203885400313972 0.3102245145631068 0.061813186813186816 0.019720873786407765
0 0.7194858712715856 0.31993325242718446 0.103414442700157 0.031249999999999997
0 0.8071036106750393 0.31219660194174753 0.06593406593406594 0.01820388349514563
0 0.8724489795918368 0.319629854368932 0.07260596546310832 0.03003640776699029
0 0.592425431711146 0.3390473300970874 0.026295133437990583 0.015473300970873785
0 0.6444270015698588 0.3410194174757281 0.07025117739403454 0.028519417475728153
0 0.7042778649921507 0.33677184466019416 0.027472527472527476 0.014563106796116504
0 0.7342032967032968 0.3382888349514563 0.027668759811616955 0.012742718446601941
0 0.7683477237048666 0.3393507281553398 0.042582417582417584 0.026395631067961164
0 0.79925431711146 0.3363167475728155 0.01609105180533752 0.01486650485436893
0 0.8365384615384616 0.3432949029126213 0.06436420722135008 0.030643203883495142
0 0.8901098901098902 0.3349514563106796 0.03257456828885401 0.01820388349514563
0 0.6099882260596546 0.368628640776699 0.06613029827315542 0.029126213592233007
0 0.6729788069073783 0.3654429611650485 0.052001569858712716 0.03731796116504854
0 0.734105180533752 0.36438106796116504 0.06671899529042387 0.038834951456310676
0 0.7917974882260597 0.3596783980582524 0.04709576138147567 0.01608009708737864
0 0.8373233908948196 0.3599817961165048 0.044348508634222926 0.01608009708737864
0 0.8727433281004711 0.3561893203883495 0.0260989010989011 0.023665048543689317
0 0.5986067503924647 0.3869842233009708 0.039050235478806906 0.02336165048543689
0 0.6294152276295134 0.39259708737864074 0.025706436420722137 0.03155339805825243
0 0.6722919937205651 0.39153519417475724 0.06868131868131869 0.04156553398058252
0 0.7333202511773941 0.3866808252427184 0.05337519623233909 0.027609223300970872
0 0.794348508634223 0.39183859223300965 0.049843014128728415 0.030643203883495142
0 0.8671507064364208 0.38061286407766987 0.0859497645211931 0.02578883495145631
0 0.5937009419152277 0.41504854368932037 0.025706436420722137 0.016383495145631068
0 0.6488422291993721 0.42081310679611644 0.07711930926216641 0.032766990291262135
0 0.7052590266875982 0.4162621359223301 0.03610675039246468 0.035800970873786406
0 0.7850274725274726 0.4188410194174757 0.05121664050235479 0.029429611650485434
0 0.8312401883830456 0.40852548543689315 0.041601255886970175 0.0245752427184466
0 0.8802982731554161 0.40943567961165045 0.05337519623233909 0.017900485436893203
0 0.6109693877551021 0.43992718446601936 0.05631868131868132 0.02245145631067961
0 0.6655219780219781 0.43932038834951453 0.050431711145996864 0.016383495145631068
0 0.7146781789638933 0.43719660194174753 0.04120879120879121 0.017597087378640776
0 0.7544152276295134 0.4368932038834951 0.02923861852433281 0.01820388349514563
0 0.7934654631083203 0.44023058252427183 0.04179748822605966 0.03519417475728155
0 0.8422291993720565 0.4379550970873786 0.06004709576138148 0.031249999999999997
0 0.884124803767661 0.42597087378640774 0.02374411302982732 0.01820388349514563
0 0.6009615384615385 0.47512135922330095 0.043759811616954476 0.028519417475728153
0 0.6502158555729984 0.4643507281553398 0.053571428571428575 0.021541262135922327
0 0.7187990580847724 0.46966019417475724 0.08084772370486656 0.037014563106796114
0 0.7707025117739403 0.47132888349514557 0.03316326530612245 0.031249999999999997
0 0.8172095761381476 0.45767597087378636 0.06063579277864992 0.02214805825242718
0 0.8843210361067504 0.4534283980582524 0.04297488226059655 0.01729368932038835
0 0.5955651491365778 0.5033373786407767 0.02786499215070644 0.0279126213592233
0 0.6232339089481947 0.4928701456310679 0.027472527472527476 0.020934466019417473
0 0.6484497645211932 0.4913531553398058 0.02295918367346939 0.021541262135922327
0 0.679552590266876 0.48998786407766987 0.03532182103610675 0.02487864077669903
0 0.7336145996860283 0.489381067961165 0.06809262166405024 0.01820388349514563
0 0.7840463108320251 0.48346480582524265 0.024921507064364207 0.019720873786407765
0 0.8247645211930926 0.4802791262135922 0.05416012558869702 0.020631067961165046
0 0.8738226059654631 0.48331310679611644 0.05023547880690738 0.038834951456310676
0 0.5999803767660911 0.5263956310679612 0.040620094191522765 0.03337378640776699
0 0.6423665620094192 0.5244235436893203 0.053571428571428575 0.033677184466019416
0 0.701138147566719 0.5226031553398057 0.05729984301412873 0.031249999999999997
0 0.7541208791208792 0.5157766990291262 0.04552590266875981 0.020024271844660192
0 0.8013147566718996 0.5119842233009708 0.045722135007849295 0.028216019417475726
0 0.8493916797488227 0.5060679611650485 0.043759811616954476 0.017597087378640776
0 0.8906985871271587 0.5015169902912621 0.04003139717425432 0.020024271844660192
0 0.5932103610675039 0.5465716019417475 0.019230769230769232 0.021541262135922327
0 0.6434458398744113 0.5500606796116504 0.0423861852433281 0.025485436893203883
0 0.6989795918367347 0.5527912621359223 0.04356357927786499 0.023058252427184463
0 0.747743328100471 0.5449029126213591 0.05278649921507065 0.03216019417475728
0 0.7929748822605966 0.5452063106796116 0.03728414442700157 0.030339805825242715
0 0.829179748822606 0.5358009708737863 0.03198587127158556 0.01395631067961165
0 0.8793171114599686 0.5344356796116504 0.06043956043956044 0.03549757281553398
0 0.5927197802197802 0.5734223300970873 0.02099686028257457 0.017597087378640776
0 0.6220565149136578 0.5750910194174756 0.03885400313971743 0.02336165048543689
0 0.6702315541601256 0.5720570388349514 0.05631868131868132 0.01729368932038835
0 0.7210557299843015 0.5672026699029126 0.03512558869701727 0.023968446601941744
0 0.7580455259026688 0.5679611650485437 0.038461538461538464 0.02487864077669903
0 0.7901295133437991 0.561134708737864 0.01785714285714286 0.02214805825242718
0 0.8112244897959184 0.5587075242718446 0.021585557299843017 0.021541262135922327
0 0.8438971742543172 0.5587075242718446 0.035910518053375196 0.02336165048543689
0 0.8842229199372057 0.5571905339805825 0.03728414442700157 0.0245752427184466
0 0.6291208791208791 0.5952669902912621 0.09693877551020409 0.023058252427184463
0 0.7241954474097332 0.5935983009708737 0.06887755102040817 0.02214805825242718
0 0.7976844583987441 0.5951152912621359 0.07378335949764521 0.04156553398058252
0 0.862539246467818 0.5835861650485437 0.04925431711145997 0.014259708737864077
0 0.9013932496075354 0.5832827669902912 0.027668759811616955 0.02032766990291262
0 0.6017464678178964 0.6195388349514562 0.04336734693877551 0.02245145631067961
0 0.6432496075353219 0.618628640776699 0.030612244897959186 0.0212378640776699
0 0.701138147566719 0.6180218446601942 0.06554160125588697 0.02245145631067961
0 0.7838500784929356 0.6160497572815533 0.07672684458398744 0.015473300970873785
0 0.8546899529042387 0.6086165048543689 0.06259811616954475 0.02427184466019417
0 0.9017857142857143 0.6111953883495145 0.03198587127158556 0.021541262135922327
0 0.6079277864992151 0.6526092233009708 0.0620094191522763 0.03155339805825243
0 0.6727825745682889 0.6432038834951456 0.04415227629513344 0.015776699029126214
0 0.7153649921507065 0.6394114077669902 0.03473312401883831 0.020934466019417473
0 0.7619701726844584 0.6466929611650485 0.03767660910518054 0.022754854368932036
0 0.8024921507064364 0.6474514563106796 0.03826530612244898 0.028519417475728153
0 0.8489992150706437 0.6410800970873786 0.050824175824175824 0.028519417475728153
0 0.8975667189952905 0.6347087378640777 0.04356357927786499 0.026092233009708737
0 0.6292189952904239 0.6730885922330097 0.04493720565149137 0.022754854368932036
0 0.679552590266876 0.6652002427184466 0.0380690737833595 0.02214805825242718
0 0.7111459968602826 0.6656553398058251 0.023547880690737835 0.01699029126213592
0 0.7535321821036107 0.6665655339805825 0.02786499215070644 0.015776699029126214
0 0.788657770800628 0.6630764563106796 0.03453689167974883 0.02032766990291262
0 0.8167189952904239 0.6732402912621359 0.02708006279434851 0.027305825242718445
0 0.8542974882260597 0.6611043689320388 0.04611459968602826 0.016383495145631068
0 0.8988422291993721 0.6545813106796116 0.03787284144427002 0.016686893203883495
0 0.6158751962323391 0.7005461165048543 0.06573783359497645 0.03216019417475728
0 0.679552590266876 0.6990291262135921 0.03610675039246468 0.028519417475728153
0 0.7133045525902669 0.6962985436893203 0.0282574568288854 0.02973300970873786
0 0.7562794348508635 0.6894720873786407 0.03885400313971743 0.018507281553398057
0 0.7948390894819467 0.6923543689320387 0.03355572998430142 0.029126213592233007
0 0.8390894819466248 0.6856796116504854 0.05612244897959184 0.02245145631067961
0 0.881475667189953 0.6846177184466019 0.019230769230769232 0.023968446601941744
0 0.9037480376766092 0.6802184466019416 0.021389324960753534 0.030339805825242715
0 0.5956632653061225 0.7287621359223301 0.0445447409733124 0.0345873786407767
0 0.6437401883830456 0.7289138349514562 0.027668759811616955 0.026395631067961164
0 0.6810243328100472 0.7219356796116504 0.04689952904238619 0.027002427184466018
0 0.7226255886970173 0.7229975728155339 0.040620094191522765 0.02973300970873786
0 0.7545133437990581 0.7119235436893203 0.02433281004709576 0.019720873786407765
0 0.7893445839874412 0.7119235436893203 0.04415227629513344 0.019720873786407765
0 0.840953689167975 0.7155643203883495 0.039050235478806906 0.027002427184466018
0 0.8783359497645212 0.7061589805825242 0.027472527472527476 0.01608009708737864
0 0.6084183673469388 0.7551577669902912 0.05828100470957614 0.032766990291262135
0 0.6520800627943485 0.7433252427184466 0.031789638932496075 0.02245145631067961
0 0.6804356357927787 0.7433252427184466 0.02295918367346939 0.020631067961165046
0 0.7185047095761382 0.7446905339805825 0.05121664050235479 0.013046116504854368
0 0.770113814756672 0.7483313106796116 0.04415227629513344 0.03307038834951456
0 0.8228021978021979 0.7392293689320387 0.05808477237048666 0.027002427184466018
0 0.8838304552590267 0.7336165048543689 0.06554160125588697 0.03519417475728155
0 0.6088108320251178 0.777002427184466 0.047291993720565154 0.019417475728155338
0 0.6568877551020409 0.7807949029126213 0.04807692307692308 0.028216019417475726
0 0.7029042386185244 0.7691140776699028 0.044348508634222926 0.019417475728155338
0 0.7499018838304553 0.7659283980582524 0.02021193092621664 0.021541262135922327
0 0.8062205651491366 0.7707827669902912 0.07162480376766091 0.03307038834951456
0 0.864010989010989 0.7572815533980581 0.03453689167974883 0.0212378640776699
0 0.8958987441130298 0.7644114077669902 0.035910518053375196 0.02882281553398058
0 0.6036106750392465 0.8035497572815533 0.03728414442700157 0.01729368932038835
0 0.6397174254317112 0.8027912621359222 0.03257456828885401 0.01395631067961165
0 0.6770996860282575 0.7999089805825242 0.03473312401883831 0.030643203883495142
0 0.7300824175824177 0.8026395631067961 0.06691522762951335 0.03307038834951456
0 0.7907182103610676 0.7929308252427184 0.0402276295133438 0.02336165048543689
0 0.8311420722135008 0.7858009708737863 0.037480376766091054 0.02487864077669903
0 0.8816718995290425 0.7880764563106796 0.06514913657770802 0.03549757281553398
0 0.6241169544740973 0.8313106796116504 0.061420722135007856 0.026092233009708737
0 0.6734693877551021 0.8244842233009708 0.026687598116169546 0.019720873786407765
0 0.7097723704866562 0.8261529126213591 0.044348508634222926 0.02669902912621359
0 0.7687401883830456 0.8234223300970873 0.0543563579277865 0.028519417475728153
0 0.8124018838304553 0.8129550970873786 0.02590266875981162 0.021541262135922327
0 0.83712715855573 0.8164441747572815 0.026295133437990583 0.0279126213592233
0 0.8787284144427002 0.8100728155339805 0.05572998430141288 0.018810679611650484
0 0.6508045525902669 0.8542172330097086 0.05278649921507065 0.03610436893203883
0 0.6970172684458399 0.8554308252427184 0.05062794348508635 0.03307038834951456
0 0.7410714285714286 0.8555825242718446 0.04925431711145997 0.03216019417475728
0 0.7828689167974883 0.8463288834951456 0.03826530612244898 0.02578883495145631
0 0.6011577708006279 0.8797026699029126 0.03198587127158556 0.016686893203883495
0 0.6361852433281006 0.88501213592233 0.04003139717425432 0.02669902912621359
0 0.679945054945055 0.8783373786407767 0.054552590266875985 0.037014563106796114
0 0.7494113029827316 0.8740898058252426 0.07927786499215071 0.03094660194174757
0 0.8186813186813188 0.8737864077669902 0.036499215070643645 0.02973300970873786
0 0.5970368916797488 0.9100424757281552 0.03159340659340659 0.030643203883495142
0 0.6413854003139717 0.9010922330097086 0.05749607535321821 0.02487864077669903
0 0.6963304552590267 0.8966929611650485 0.05160910518053376 0.03003640776699029
0 0.7561813186813188 0.8986650485436892 0.06691522762951335 0.029126213592233007
0 0.8164246467817897 0.8989684466019416 0.05749607535321821 0.030339805825242715
0 0.6011577708006279 0.9317354368932038 0.04807692307692308 0.03337378640776699
0 0.6612048665620095 0.9229368932038834 0.06534536891679749 0.019417475728155338
0 0.7065345368916798 0.9274878640776698 0.025706436420722137 0.02669902912621359
0 0.7486263736263736 0.924757281553398 0.05533751962323391 0.032766990291262135
0 0.7983712715855573 0.9182342233009708 0.04179748822605966 0.018507281553398057
0 0.8325156985871273 0.9139866504854368 0.028453689167974885 0.023968446601941744
0 0.8173076923076924 0.8452669902912621 0.030612244897959186 0.03094660194174757
