0 0.5363029827315542 0.07493932038834951 0.06514913657770802 0.038834951456310676
0 0.5306122448979592 0.10224514563106796 0.03100470957613815 0.01699029126213592
0 0.5618131868131868 0.10285194174757281 0.031397174254317116 0.013349514563106795
0 0.5645604395604396 0.11984223300970873 0.04003139717425432 0.020631067961165046
0 0.5598508634222921 0.1383495145631068 0.047880690737833596 0.0212378640776699
0 0.5233516483516484 0.14108009708737862 0.023547880690737835 0.021844660194174755
0 0.6116562009419153 0.07190533980582524 0.07849293563579278 0.06067961165048543
0 0.6748430141287285 0.09435679611650484 0.05572998430141288 0.04126213592233009
0 0.7176216640502355 0.08798543689320387 0.0282574568288854 0.02487864077669903
0 0.7474489795918368 0.08555825242718446 0.03296703296703297 0.03822815533980582
0 0.7819858712715856 0.08525485436893203 0.0423861852433281 0.03398058252427184
0 0.8210361067503925 0.08768203883495145 0.028649921507064365 0.023058252427184463
0 0.826530612244898 0.091626213592233 0.04513343799058085 0.035800970873786406
0 0.8748037676609106 0.08798543689320387 0.04591836734693878 0.028519417475728153
0 0.6065541601255887 0.11225728155339805 0.049450549450549455 0.023665048543689317
0 0.6493328100470958 0.1128640776699029 0.033751962323390894 0.023665048543689317
0 0.6858320251177394 0.11468446601941747 0.03453689167974883 0.02487864077669903
0 0.7129120879120879 0.11074029126213591 0.02433281004709576 0.021844660194174755
0 0.7478414442700158 0.11195388349514562 0.03218210361067504 0.029126213592233007
0 0.7874803767660911 0.1162014563106796 0.059654631083202514 0.030339805825242715
0 0.8706828885400314 0.11438106796116504 0.06593406593406594 0.029126213592233007
0 0.8612637362637363 0.11559466019417475 0.0847723704866562 0.02669902912621359
0 0.6065541601255887 0.13774271844660194 0.046310832025117744 0.026092233009708737
0 0.6430533751962324 0.1374393203883495 0.02511773940345369 0.021844660194174755
0 0.680729984301413 0.1407766990291262 0.04709576138147567 0.03216019417475728
0 0.7407770800627944 0.14502427184466019 0.05572998430141288 0.028519417475728153
0 0.8608712715855573 0.14350728155339804 0.02590266875981162 0.029126213592233007
0 0.6210753532182104 0.16231796116504854 0.04395604395604396 0.01699029126213592
0 0.6108712715855573 0.15594660194174756 0.05808477237048666 0.028519417475728153
0 0.6562009419152277 0.17445388349514562 0.0380690737833595 0.032766990291262135
0 0.7131083202511774 0.16899271844660194 0.054552590266875985 0.02427184466019417
0 0.7604003139717426 0.16929611650485435 0.03532182103610675 0.027305825242718445
0 0.815149136577708 0.16686893203883493 0.06789638932496075 0.03216019417475728
0 0.8267268445839875 0.16656553398058252 0.04709576138147567 0.02669902912621359
0 0.8724489795918368 0.17688106796116504 0.05690737833594977 0.03398058252427184
0 0.6255886970172685 0.1920509708737864 0.1055729984301413 0.038834951456310676
0 0.6942700156985872 0.1944781553398058 0.026295133437990583 0.025485436893203883
0 0.7364599686028258 0.19963592233009708 0.05808477237048666 0.03944174757281553
0 0.7982731554160126 0.20054611650485435 0.04199372056514914 0.030339805825242715
0 0.8353610675039247 0.19751213592233008 0.023547880690737835 0.021844660194174755
0 0.8736263736263736 0.1987257281553398 0.04591836734693878 0.02427184466019417
0 0.6216640502354789 0.22057038834951453 0.04042386185243328 0.03398058252427184
0 0.6713108320251178 0.22087378640776698 0.03453689167974883 0.02487864077669903
0 0.7246860282574569 0.2236043689320388 0.031397174254317116 0.023058252427184463
0 0.7144819466248038 0.2233009708737864 0.04866562009419152 0.02487864077669903
0 0.7914050235478808 0.2290655339805825 0.06907378335949765 0.03398058252427184
0 0.7839481946624804 0.2290655339805825 0.08398744113029828 0.03155339805825243
0 0.8404631083202512 0.23058252427184464 0.03218210361067504 0.03822815533980582
0 0.8773547880690739 0.2236043689320388 0.038461538461538464 0.0279126213592233
0 0.5912480376766092 0.24544902912621358 0.02511773940345369 0.030339805825242715
0 0.6463893249607535 0.25515776699029125 0.019230769230769232 0.0279126213592233
0 0.6304945054945056 0.25212378640776695 0.05023547880690738 0.03398058252427184
0 0.6740580847723705 0.2512135922330097 0.027472527472527476 0.027305825242718445
0 0.7201726844583988 0.25970873786407767 0.06868131868131869 0.043082524271844655
0 0.7906200941915228 0.2569781553398058 0.05337519623233909 0.03155339805825243
0 0.8385007849293564 0.2581917475728155 0.03924646781789639 0.02669902912621359
0 0.6269623233908949 0.2815533980582524 0.05808477237048666 0.03337378640776699
0 0.6183281004709577 0.28216019417475724 0.07456828885400314 0.03337378640776699
0 0.6779827315541601 0.2891383495145631 0.04709576138147567 0.03398058252427184
0 0.7305729984301413 0.28458737864077666 0.038461538461538464 0.03216019417475728
0 0.7645211930926217 0.28853155339805825 0.028649921507064365 0.02427184466019417
0 0.7953296703296704 0.2824635922330097 0.03610675039246468 0.021844660194174755
0 0.8310439560439561 0.2891383495145631 0.04003139717425432 0.032766990291262135
0 0.8852040816326531 0.2815533980582524 0.02197802197802198 0.02487864077669903
0 0.8779434850863422 0.28216019417475724 0.03885400313971743 0.023665048543689317
0 0.6065541601255887 0.30309466019417475 0.047880690737833596 0.029126213592233007
0 0.6768053375196232 0.3079490291262136 0.0423861852433281 0.02669902912621359
0 0.6646389324960754 0.3085558252427184 0.06828885400313972 0.030339805825242715
0 0.751177394034537 0.31341019417475724 0.07260596546310832 0.02669902912621359
0 0.7431318681318682 0.31341019417475724 0.09183673469387756 0.032766990291262135
0 0.8139717425431712 0.31219660194174753 0.025510204081632654 0.02427184466019417
0 0.8096546310832026 0.31644417475728154 0.039638932496075356 0.03155339805825243
0 0.8616562009419153 0.310376213592233 0.030612244897959186 0.02427184466019417
0 0.8620486656200942 0.31523058252427183 0.06436420722135008 0.03398058252427184
0 0.5971350078492936 0.3349514563106796 0.03532182103610675 0.028519417475728153
0 0.6259811616954475 0.3349514563106796 0.021585557299843017 0.02487864077669903
0 0.7034929356357928 0.3422330097087378 0.05808477237048666 0.043082524271844655
0 0.6558084772370487 0.3370752427184466 0.034929356357927786 0.02427184466019417
0 0.7478414442700158 0.3486043689320388 0.03532182103610675 0.030339805825242715
0 0.7945447409733124 0.3391990291262136 0.02433281004709576 0.02487864077669903
0 0.8514521193092622 0.3407160194174757 0.08634222919937207 0.030339805825242715
0 0.5994897959183674 0.36498786407766987 0.03767660910518054 0.025485436893203883
0 0.6811224489795918 0.368628640776699 0.11930926216640503 0.03519417475728155
0 0.7925824175824177 0.3695388349514563 0.09733124018838304 0.03944174757281553
0 0.853414442700157 0.36680825242718446 0.020408163265306124 0.029126213592233007
0 0.8791208791208792 0.36802184466019416 0.031789638932496075 0.03398058252427184
0 0.5973312401883831 0.39138349514563103 0.033359497645211934 0.02487864077669903
0 0.6771978021978022 0.39714805825242716 0.06279434850863423 0.02669902912621359
0 0.6624803767660911 0.3965412621359223 0.09065934065934067 0.02427184466019417
0 0.7360675039246468 0.399878640776699 0.05023547880690738 0.03094660194174757
0 0.8051412872841445 0.40048543689320387 0.07221350078492936 0.03094660194174757
0 0.8569466248037677 0.3986650485436893 0.03453689167974883 0.020024271844660192
0 0.5987048665620095 0.42384708737864074 0.029827315541601257 0.021844660194174755
0 0.658751962323391 0.4256674757281553 0.06043956043956044 0.0424757281553398
0 0.6509026687598116 0.426881067961165 0.07692307692307693 0.03519417475728155
0 0.7407770800627944 0.42930825242718446 0.06750392464678179 0.03640776699029126
0 0.7878728414442701 0.43507281553398053 0.031397174254317116 0.028519417475728153
0 0.8214285714285715 0.42627427184466016 0.0380690737833595 0.03155339805825243
0 0.8695054945054945 0.42384708737864074 0.05337519623233909 0.03398058252427184
0 0.6010596546310832 0.45175970873786403 0.05023547880690738 0.03398058252427184
0 0.6422684458398744 0.45782766990291257 0.04081632653061225 0.03155339805825243
0 0.6826923076923077 0.46086165048543687 0.031397174254317116 0.030339805825242715
0 0.6783751962323391 0.4626820388349514 0.043171114599686033 0.02669902912621359
0 0.7219387755102041 0.45964805825242716 0.04709576138147567 0.03155339805825243
0 0.7625588697017269 0.45661407766990286 0.04591836734693878 0.03640776699029126
0 0.826923076923077 0.45418689320388345 0.05533751962323391 0.030339805825242715
0 0.8730376766091053 0.45661407766990286 0.04081632653061225 0.03398058252427184
0 0.6273547880690739 0.480885922330097 0.046310832025117744 0.021844660194174755
0 0.6677786499215072 0.4912014563106796 0.041601255886970175 0.03155339805825243
0 0.7027080062794349 0.4924150485436893 0.029827315541601257 0.030339805825242715
0 0.7303767660910518 0.48452669902912615 0.025510204081632654 0.019417475728155338
0 0.7694270015698588 0.4924150485436893 0.06593406593406594 0.03519417475728155
0 0.8165227629513344 0.480885922330097 0.03453689167974883 0.03155339805825243
0 0.8473312401883831 0.4824029126213592 0.02708006279434851 0.018810679611650484
0 0.8797095761381476 0.480885922330097 0.02590266875981162 0.021844660194174755
0 0.5953689167974883 0.5078883495145631 0.03100470957613815 0.04065533980582524
0 0.6218602825745684 0.5078883495145631 0.02197802197802198 0.0212378640776699
0 0.6611067503924647 0.5139563106796116 0.0565149136577708 0.03337378640776699
0 0.6499215070643642 0.5118325242718447 0.07653061224489796 0.032766990291262135
0 0.7307692307692308 0.5191140776699029 0.06711145996860284 0.03519417475728155
0 0.8520408163265306 0.5112257281553397 0.03571428571428572 0.025485436893203883
0 0.8638147566718996 0.5106189320388349 0.060832025117739406 0.02669902912621359
0 0.8178963893249608 0.5106189320388349 0.033359497645211934 0.025485436893203883
0 0.8098508634222921 0.5103155339805825 0.04866562009419152 0.027305825242718445
0 0.8008241758241759 0.5121359223300971 0.06593406593406594 0.028519417475728153
0 0.5971350078492936 0.5354975728155339 0.0282574568288854 0.02669902912621359
0 0.646585557299843 0.5482402912621359 0.049450549450549455 0.03762135922330097
0 0.6418759811616955 0.5482402912621359 0.05729984301412873 0.040048543689320384
0 0.7003532182103611 0.5427791262135921 0.05337519623233909 0.02427184466019417
0 0.7686420722135008 0.5439927184466019 0.06122448979591837 0.02669902912621359
0 0.8294740973312402 0.5449029126213591 0.036891679748822605 0.03822815533980582
0 0.6093014128728415 0.5728155339805825 0.06279434850863423 0.03822815533980582
0 0.6791601255886971 0.5694781553398057 0.03610675039246468 0.02427184466019417
0 0.7168367346938775 0.5746359223300971 0.04866562009419152 0.03337378640776699
0 0.7745290423861853 0.5719053398058251 0.043171114599686033 0.02427184466019417
0 0.8063186813186813 0.5773665048543689 0.029827315541601257 0.032766990291262135
0 0.8852040816326531 0.5688713592233009 0.01805337519623234 0.023058252427184463
0 0.6032182103610675 0.6040655339805825 0.05690737833594977 0.03519417475728155
0 0.6560047095761382 0.6028519417475727 0.02433281004709576 0.021844660194174755
0 0.6848508634222921 0.6028519417475727 0.08437990580847725 0.03640776699029126
0 0.767072213500785 0.6058859223300971 0.0423861852433281 0.02427184466019417
0 0.8200549450549451 0.6022451456310679 0.05729984301412873 0.03155339805825243
0 0.8604788069073784 0.6028519417475727 0.029827315541601257 0.02669902912621359
0 0.603806907378336 0.6283373786407767 0.0423861852433281 0.0279126213592233
0 0.6448194662480378 0.6277305825242718 0.03571428571428572 0.029126213592233007
0 0.6981946624803768 0.639259708737864 0.06554160125588697 0.032766990291262135
0 0.756475667189953 0.6295509708737863 0.033751962323390894 0.02427184466019417
0 0.7965070643642073 0.6368325242718446 0.05416012558869702 0.03640776699029126
0 0.8379120879120879 0.6268203883495145 0.02708006279434851 0.02245145631067961
0 0.8730376766091053 0.6265169902912621 0.04709576138147567 0.03155339805825243
0 0.6024332810047096 0.6583737864077669 0.04513343799058085 0.03216019417475728
0 0.6556122448979592 0.6717233009708737 0.04081632653061225 0.035800970873786406
0 0.6501177394034537 0.6692961165048543 0.04709576138147567 0.043082524271844655
0 0.7109497645211932 0.6620145631067961 0.049450549450549455 0.023665048543689317
0 0.7753139717425432 0.6598907766990291 0.029827315541601257 0.02669902912621359
0 0.5963500784929356 0.6887135922330097 0.027472527472527476 0.023665048543689317
0 0.625 0.6896237864077669 0.02511773940345369 0.021844660194174755
0 0.6793563579277866 0.6999393203883495 0.039638932496075356 0.040048543689320384
0 0.6744505494505495 0.6969053398058251 0.05180533751962324 0.046116504854368925
0 0.7223312401883831 0.6920509708737863 0.04395604395604396 0.03155339805825243
0 0.7584379905808478 0.7054004854368932 0.041601255886970175 0.038834951456310676
0 0.8196624803767661 0.6905339805825242 0.0282574568288854 0.03094660194174757
0 0.8063186813186813 0.6911407766990291 0.05337519623233909 0.0345873786407767
0 0.8461538461538463 0.6896237864077669 0.026295133437990583 0.021844660194174755
0 0.876177394034537 0.6908373786407767 0.03453689167974883 0.029126213592233007
0 0.592817896389325 0.7184466019417475 0.029827315541601257 0.03094660194174757
0 0.6210753532182104 0.7208737864077669 0.026687598116169546 0.027305825242718445
0 0.6732731554160126 0.7257281553398057 0.0706436420722135 0.035800970873786406
0 0.7382260596546312 0.7320995145631067 0.06946624803767662 0.038834951456310676
0 0.7974882260596546 0.7311893203883495 0.033359497645211934 0.04672330097087378
0 0.8277080062794349 0.7260315533980581 0.03100470957613815 0.023058252427184463
0 0.8895211930926217 0.6620145631067961 0.02511773940345369 0.023665048543689317
0 0.8502747252747254 0.6586771844660193 0.05337519623233909 0.02669902912621359
0 0.8669544740973313 0.7181432038834951 0.044348508634222926 0.03155339805825243
0 0.5955651491365778 0.7484830097087378 0.0282574568288854 0.02669902912621359
0 0.6228414442700158 0.7512135922330097 0.029434850863422294 0.023665048543689317
0 0.6775902668759812 0.7545509708737863 0.07849293563579278 0.03640776699029126
0 0.745486656200942 0.7603155339805825 0.06357927786499215 0.037014563106796114
0 0.8008241758241759 0.7581917475728155 0.02511773940345369 0.01699029126213592
0 0.8624411302982732 0.7487864077669902 0.06043956043956044 0.03337378640776699
0 0.853806907378336 0.7503033980582524 0.08006279434850865 0.032766990291262135
0 0.5916405023547882 0.779126213592233 0.0282574568288854 0.03337378640776699
0 0.6283359497645212 0.7800364077669902 0.026295133437990583 0.02427184466019417
0 0.7036891679748823 0.7824635922330097 0.031789638932496075 0.02427184466019417
0 0.7623626373626374 0.7952063106796116 0.03296703296703297 0.03640776699029126
0 0.8010204081632654 0.7861043689320387 0.04120879120879121 0.021844660194174755
0 0.5951726844583988 0.8170509708737863 0.04395604395604396 0.0424757281553398
0 0.6332417582417583 0.8100728155339805 0.03218210361067504 0.023665048543689317
0 0.6779827315541601 0.8134101941747572 0.05572998430141288 0.023058252427184463
0 0.7276295133437991 0.8094660194174756 0.04042386185243328 0.0345873786407767
0 0.765894819466248 0.8143203883495145 0.02904238618524333 0.020024271844660192
0 0.7978806907378336 0.8134101941747572 0.031789638932496075 0.023058252427184463
0 0.8290816326530612 0.8079490291262135 0.02511773940345369 0.02669902912621359
0 0.603806907378336 0.8370752427184466 0.03924646781789639 0.021844660194174755
0 0.6432496075353219 0.8422330097087378 0.0521978021978022 0.035800970873786406
0 0.7154631083202512 0.8407160194174756 0.0890894819466248 0.03640776699029126
0 0.7819858712715856 0.839502427184466 0.03767660910518054 0.03155339805825243
0 0.8196624803767661 0.8334344660194174 0.04081632653061225 0.03398058252427184
0 0.6093014128728415 0.8710558252427184 0.0565149136577708 0.02669902912621359
0 0.680337519623234 0.8701456310679611 0.06357927786499215 0.03216019417475728
0 0.7501962323390895 0.8713592233009708 0.027472527472527476 0.03094660194174757
0 0.7382260596546312 0.8722694174757281 0.05062794348508635 0.03640776699029126
0 0.7804160125588697 0.8731796116504854 0.03453689167974883 0.02487864077669903
0 0.8133830455259027 0.8710558252427184 0.026687598116169546 0.02669902912621359
0 0.6126373626373627 0.9007888349514562 0.06318681318681318 0.03155339805825243
0 0.701138147566719 0.9153519417475727 0.08320251177394035 0.04368932038834951
0 0.6983908948194663 0.9126213592233009 0.0902668759811617 0.04672330097087378
0 0.756083202511774 0.9171723300970873 0.03610675039246468 0.04126213592233009
0 0.7976844583987441 0.9123179611650485 0.05494505494505495 0.050970873786407765
