0 0.20849686028257458 0.08965412621359223 0.08065149136577708 0.0391383495145631
0 0.2679552590266876 0.08297936893203883 0.03002354788069074 0.025182038834951456
0 0.3091640502354788 0.08662014563106796 0.043759811616954476 0.02214805825242718
0 0.3610675039246468 0.09435679611650484 0.06357927786499215 0.03398058252427184
0 0.4115973312401884 0.08525485436893203 0.03787284144427002 0.02487864077669903
0 0.46055729984301413 0.08889563106796115 0.057692307692307696 0.02669902912621359
0 0.1886773940345369 0.11468446601941747 0.04297488226059655 0.023665048543689317
0 0.23027864992150707 0.10800970873786407 0.035910518053375196 0.023058252427184463
0 0.3003335949764521 0.1195388349514563 0.09321036106750392 0.03094660194174757
0 0.3963893249607536 0.11271237864077668 0.0706436420722135 0.022754854368932036
0 0.4606554160125589 0.11969053398058252 0.06377551020408163 0.031856796116504854
0 0.19564364207221352 0.13804611650485435 0.04905808477237049 0.020631067961165046
0 0.23675431711145997 0.14259708737864077 0.03944270015698587 0.0279126213592233
0 0.2787480376766091 0.13698422330097088 0.04179748822605966 0.03003640776699029
0 0.3552786499215071 0.13804611650485435 0.08771585557299844 0.026092233009708737
0 0.4180729984301413 0.1374393203883495 0.035518053375196236 0.016383495145631068
0 0.46565934065934067 0.13910800970873785 0.052590266875981166 0.040958737864077666
0 0.21507064364207223 0.15989077669902912 0.04748822605965464 0.023058252427184463
0 0.2711930926216641 0.16019417475728154 0.05376766091051806 0.029126213592233007
0 0.33771585557299844 0.16459344660194172 0.06750392464678179 0.028216019417475726
0 0.39776295133437994 0.1621662621359223 0.046703296703296704 0.02578883495145631
0 0.45702511773940346 0.16944781553398056 0.06711145996860284 0.03428398058252427
0 0.19760596546310832 0.19781553398058252 0.033359497645211934 0.019417475728155338
0 0.2516679748822606 0.19387135922330095 0.06966248037676609 0.030339805825242715
0 0.34438775510204084 0.19751213592233008 0.07888540031397175 0.03640776699029126
0 0.3985478806907379 0.19462985436893201 0.02511773940345369 0.017900485436893203
0 0.4499607535321821 0.19569174757281552 0.07810047095761381 0.0279126213592233
0 0.22213500784929358 0.23574029126213591 0.07770800627943486 0.03155339805825243
0 0.2877747252747253 0.2257281553398058 0.050824175824175824 0.0212378640776699
0 0.361361852433281 0.22057038834951453 0.04925431711145997 0.02427184466019417
0 0.4320054945054945 0.22724514563106793 0.08339874411302983 0.03762135922330097
0 0.2013343799058085 0.25546116504854366 0.06122448979591837 0.0212378640776699
0 0.26069466248037676 0.25546116504854366 0.04964678178963894 0.023058252427184463
0 0.304552590266876 0.2650182038834951 0.0380690737833595 0.03428398058252427
0 0.337519623233909 0.2469660194174757 0.02590266875981162 0.02245145631067961
0 0.36165620094191525 0.2471177184466019 0.02197802197802198 0.0245752427184466
0 0.40060832025117743 0.25591626213592233 0.05906593406593407 0.031249999999999997
0 0.44839089481946626 0.2490898058252427 0.02904238618524333 0.018810679611650484
0 0.48037676609105184 0.24484223300970873 0.026687598116169546 0.025485436893203883
0 0.20486656200941916 0.2871662621359223 0.06750392464678179 0.02882281553398058
0 0.28885400313971743 0.28398058252427183 0.07339089481946626 0.02669902912621359
0 0.35429748822605966 0.2803398058252427 0.028846153846153848 0.0212378640776699
0 0.40041208791208793 0.28746966019417475 0.07044740973312402 0.03549757281553398
0 0.1982927786499215 0.31659587378640774 0.05278649921507065 0.025182038834951456
0 0.24941130298273156 0.3194781553398058 0.02197802197802198 0.01699029126213592
0 0.29228806907378335 0.31750606796116504 0.058673469387755105 0.0245752427184466
0 0.3665620094191523 0.3094660194174757 0.06004709576138148 0.02427184466019417
0 0.42131083202511777 0.31432038834951453 0.05808477237048666 0.03944174757281553
0 0.20143249607535324 0.34587378640776695 0.058673469387755105 0.027305825242718445
0 0.25608320251177397 0.3557342233009708 0.0565149136577708 0.02882281553398058
0 0.3186813186813187 0.3539138349514563 0.0804552590266876 0.040958737864077666
0 0.3917778649921507 0.3440533980582524 0.07554945054945056 0.04368932038834951
0 0.4597723704866562 0.34238470873786403 0.05729984301412873 0.03549757281553398
0 0.18857927786499215 0.3751516990291262 0.03296703296703297 0.020934466019417473
0 0.23891287284144427 0.3739381067961165 0.05239403453689168 0.026395631067961164
0 0.2981750392464678 0.37363470873786403 0.06456043956043957 0.027609223300970872
0 0.3898155416012559 0.370752427184466 0.058673469387755105 0.019417475728155338
0 0.47988618524332816 0.3696905339805825 0.032770800627943485 0.01911407766990291
0 0.24843014128728416 0.4111043689320388 0.09222919937205652 0.038834951456310676
0 0.3364403453689168 0.4111043689320388 0.07868916797488226 0.04550970873786407
0 0.415914442700157 0.397754854368932 0.08065149136577708 0.03094660194174757
0 0.4722331240188383 0.39942354368932037 0.029631083202511777 0.016686893203883495
0 0.19328885400313972 0.4432645631067961 0.05062794348508635 0.03944174757281553
0 0.25480769230769235 0.4370449029126213 0.03669544740973313 0.02336165048543689
0 0.3133830455259027 0.43977548543689315 0.07535321821036108 0.021541262135922327
0 0.22036891679748824 0.473756067961165 0.09458398744113031 0.030643203883495142
0 0.28502747252747257 0.4798240291262135 0.03669544740973313 0.03307038834951456
0 0.31563971742543173 0.46874999999999994 0.022174254317111463 0.020631067961165046
0 0.375392464678179 0.47314927184466016 0.07417582417582418 0.048240291262135915
0 0.44495682888540034 0.4637439320388349 0.06377551020408163 0.03853155339805825
0 0.18681318681318682 0.49757281553398053 0.026687598116169546 0.02427184466019417
0 0.23950156985871274 0.5001516990291262 0.07515698587127159 0.02578883495145631
0 0.30759419152276296 0.5022754854368932 0.024921507064364207 0.01608009708737864
0 0.3598901098901099 0.5048543689320388 0.07339089481946626 0.03519417475728155
0 0.4170918367346939 0.49317354368932037 0.03002354788069074 0.026395631067961164
0 0.46487441130298274 0.48877427184466016 0.06004709576138148 0.032766990291262135
0 0.198489010989011 0.5318567961165048 0.047291993720565154 0.032766990291262135
0 0.32986656200941916 0.5309466019417475 0.031789638932496075 0.023665048543689317
0 0.3567503924646782 0.5306432038834951 0.022370486656200943 0.02427184466019417
0 0.3998233908948195 0.534132281553398 0.0641679748822606 0.04035194174757281
0 0.4637951334379906 0.5218446601941747 0.059850863422292 0.027305825242718445
0 0.23243720565149137 0.5640169902912621 0.06966248037676609 0.0212378640776699
0 0.2824764521193093 0.5681128640776698 0.03630298273155416 0.02882281553398058
0 0.3263343799058085 0.5608313106796116 0.05062794348508635 0.029429611650485434
0 0.3734301412872842 0.5615898058252426 0.041601255886970175 0.0212378640776699
0 0.4264128728414443 0.5621966019417475 0.06750392464678179 0.04368932038834951
0 0.20202119309262168 0.59375 0.0782967032967033 0.04550970873786407
0 0.2791405023547881 0.5984526699029126 0.07005494505494506 0.037924757281553395
0 0.347723704866562 0.5935983009708737 0.052982731554160126 0.019720873786407765
0 0.40600470957613816 0.5928398058252426 0.0620094191522763 0.025485436893203883
0 0.4655612244897959 0.589502427184466 0.03669544740973313 0.021844660194174755
0 0.18848116169544743 0.6145327669902912 0.03316326530612245 0.027609223300970872
0 0.2184065934065934 0.6239381067961165 0.03100470957613815 0.02882281553398058
0 0.2626569858712716 0.6315230582524272 0.035910518053375196 0.030643203883495142
0 0.3286891679748823 0.6231796116504854 0.09615384615384616 0.03337378640776699
0 0.4235675039246468 0.625 0.07594191522762951 0.037014563106796114
0 0.21232339089481947 0.6533677184466019 0.08712715855572999 0.02336165048543689
0 0.30896781789638933 0.6595873786407767 0.09595761381475668 0.03216019417475728
0 0.3850078492935636 0.6536711165048543 0.05416012558869702 0.02882281553398058
0 0.4370094191522763 0.6469963592233009 0.04199372056514914 0.026395631067961164
0 0.18524332810047098 0.6794599514563107 0.03257456828885401 0.023968446601941744
0 0.23361459968602827 0.6806735436893203 0.05474882260596547 0.02214805825242718
0 0.2800235478806908 0.6906856796116504 0.03924646781789639 0.030643203883495142
0 0.32103610675039246 0.6815837378640777 0.03924646781789639 0.03610436893203883
0 0.369701726844584 0.6887135922330097 0.0620094191522763 0.0279126213592233
0 0.44230769230769235 0.6780946601941747 0.03924646781789639 0.0279126213592233
0 0.2061420722135008 0.7158677184466019 0.06927001569858714 0.027002427184466018
0 0.28286891679748827 0.7163228155339805 0.027276295133437992 0.015776699029126214
0 0.3436028257456829 0.7117718446601942 0.08791208791208792 0.03337378640776699
0 0.4452511773940346 0.7108616504854368 0.09105180533751962 0.03762135922330097
0 0.19220957613814757 0.7492415048543689 0.05710361067503925 0.03974514563106796
0 0.24391679748822606 0.745752427184466 0.04866562009419152 0.020631067961165046
0 0.30308084772370486 0.7421116504854368 0.06102825745682889 0.01820388349514563
0 0.36185243328100475 0.7463592233009708 0.06554160125588697 0.030339805825242715
0 0.4152276295133438 0.741504854368932 0.04081632653061225 0.020024271844660192
0 0.46546310832025123 0.7354368932038834 0.03218210361067504 0.019417475728155338
0 0.28120094191522765 0.7757888349514562 0.10753532182103612 0.03640776699029126
0 0.3600863422291994 0.7638046116504854 0.04552590266875981 0.031856796116504854
0 0.41601255886970173 0.7671419902912621 0.06436420722135008 0.029429611650485434
0 0.47193877551020413 0.7692657766990291 0.027472527472527476 0.026395631067961164
0 0.2755102040816327 0.7968749999999999 0.05102040816326531 0.030643203883495142
0 0.32554945054945056 0.8009708737864077 0.044348508634222926 0.021844660194174755
0 0.3974686028257457 0.7958131067961164 0.06534536891679749 0.026092233009708737
0 0.448489010989011 0.805521844660194 0.04297488226059655 0.02973300970873786
0 0.1824960753532182 0.826759708737864 0.023940345368916798 0.03094660194174757
0 0.2272370486656201 0.8358616504854368 0.062401883830455265 0.030339805825242715
0 0.2762951334379906 0.8388956310679611 0.03885400313971743 0.03337378640776699
0 0.3215266875981162 0.8284283980582523 0.0500392464678179 0.023968446601941744
0 0.37333202511773944 0.8270631067961164 0.042582417582417584 0.03094660194174757
0 0.4229788069073784 0.826759708737864 0.05160910518053376 0.02669902912621359
0 0.4705651491365777 0.8299453883495145 0.04081632653061225 0.01729368932038835
0 0.1963304552590267 0.8637742718446602 0.05906593406593407 0.0345873786407767
0 0.2626569858712716 0.8627123786407767 0.06927001569858714 0.031249999999999997
0 0.3418367346938776 0.8602851941747572 0.08712715855572999 0.03974514563106796
0 0.4673273155416013 0.8548240291262135 0.05396389324960754 0.028216019417475726
0 0.2550039246467818 0.8927487864077669 0.07358712715855574 0.02336165048543689
0 0.3211342229199372 0.8995752427184466 0.07672684458398744 0.038834951456310676
0 0.4145408163265306 0.8888046116504854 0.053571428571428575 0.02578883495145631
0 0.45574960753532184 0.8859223300970873 0.02806122448979592 0.0212378640776699
0 0.2765894819466248 0.918385922330097 0.08222135007849295 0.029126213592233007
0 0.4137558869701727 0.9293082524271844 0.048469387755102046 0.03094660194174757
0 0.47772762951334385 0.929004854368932 0.047291993720565154 0.030339805825242715
0 0.6024332810047096 0.08358616504854369 0.02708006279434851 0.01729368932038835
0 0.6544348508634223 0.08570995145631068 0.04513343799058085 0.02032766990291262
0 0.6978021978021979 0.07797330097087378 0.036891679748822605 0.027305825242718445
0 0.7365580847723705 0.08358616504854369 0.034340659340659344 0.03974514563106796
0 0.7722723704866562 0.07903519417475728 0.035518053375196236 0.020934466019417473
0 0.8101452119309263 0.07736650485436893 0.0445447409733124 0.03094660194174757
0 0.8701923076923077 0.07205703883495145 0.07358712715855574 0.03731796116504854
0 0.6102825745682889 0.10922330097087378 0.051412872841444274 0.021844660194174755
0 0.6737637362637363 0.11119538834951455 0.07711930926216641 0.031856796116504854
0 0.769328885400314 0.1084648058252427 0.07397959183673469 0.03246359223300971
0 0.8223116169544742 0.10012135922330097 0.029631083202511777 0.02487864077669903
0 0.870094191522763 0.10027305825242717 0.06357927786499215 0.030643203883495142
0 0.6049843014128728 0.14047330097087377 0.038461538461538464 0.035800970873786406
0 0.8543956043956045 0.13577063106796114 0.1098901098901099 0.04763349514563106
0 0.5970368916797488 0.17066140776699026 0.03787284144427002 0.03731796116504854
0 0.645506279434851 0.16686893203883493 0.06456043956043957 0.021844660194174755
0 0.7343014128728415 0.16398665048543687 0.03414442700156986 0.017900485436893203
0 0.7698194662480378 0.17020631067961164 0.044348508634222926 0.035800970873786406
0 0.8153453689167975 0.16019417475728154 0.03885400313971743 0.020024271844660192
0 0.8853021978021979 0.15913228155339804 0.050824175824175824 0.022754854368932036
0 0.6788657770800628 0.19523665048543687 0.092425431711146 0.03428398058252427
0 0.7435243328100472 0.1935679611650485 0.030612244897959186 0.0345873786407767
0 0.7853218210361068 0.18947208737864077 0.043171114599686033 0.027002427184466018
0 0.829572213500785 0.18749999999999997 0.03983516483516484 0.02487864077669903
0 0.8764717425431712 0.18901699029126212 0.0500392464678179 0.02973300970873786
0 0.6118524332810047 0.22724514563106793 0.04827315541601256 0.023058252427184463
0 0.6718995290423863 0.2223907766990291 0.07182103610675039 0.02669902912621359
0 0.7333202511773941 0.22800364077669902 0.049843014128728415 0.0391383495145631
0 0.777276295133438 0.22830703883495143 0.052590266875981166 0.02882281553398058
0 0.8329081632653061 0.22299757281553395 0.05592621664050236 0.030339805825242715
0 0.8847135007849294 0.21389563106796114 0.04611459968602826 0.021844660194174755
0 0.6250981161695448 0.25621966019417475 0.07044740973312402 0.022754854368932036
0 0.7030023547880692 0.25379247572815533 0.032378335949764525 0.020934466019417473
0 0.7549058084772371 0.25515776699029125 0.06593406593406594 0.02973300970873786
0 0.8292778649921507 0.24848300970873785 0.060832025117739406 0.028519417475728153
0 0.8857927786499216 0.2412014563106796 0.04199372056514914 0.023665048543689317
0 0.6234301412872841 0.2838288834951456 0.07260596546310832 0.020934466019417473
0 0.6804356357927787 0.288379854368932 0.05592621664050236 0.045206310679611644
0 0.7195839874411304 0.2795813106796116 0.022370486656200943 0.02578883495145631
0 0.8338893249607536 0.2792779126213592 0.04101255886970173 0.03549757281553398
0 0.8820643642072215 0.27123786407766987 0.052982731554160126 0.02427184466019417
0 0.6239207221350079 0.3206917475728155 0.0684850863422292 0.0345873786407767
0 0.8134811616954475 0.3117415048543689 0.035910518053375196 0.03853155339805825
0 0.8734301412872842 0.2974817961165048 0.07653061224489796 0.030643203883495142
0 0.6423665620094192 0.34799757281553395 0.08300627943485087 0.03822815533980582
0 0.718210361067504 0.3402609223300971 0.06122448979591837 0.034890776699029125
0 0.7811028257456829 0.3381371359223301 0.05239403453689168 0.020934466019417473
0 0.8303571428571429 0.3402609223300971 0.05514128728414443 0.03307038834951456
0 0.6168563579277865 0.38061286407766987 0.05396389324960754 0.02882281553398058
0 0.7106554160125589 0.3756067961165048 0.0500392464678179 0.03398058252427184
0 0.7609890109890111 0.38258495145631066 0.033751962323390894 0.03094660194174757
0 0.791306907378336 0.37939927184466016 0.03787284144427002 0.03610436893203883
0 0.8359497645211932 0.3651395631067961 0.054552590266875985 0.03246359223300971
0 0.8860871271585558 0.36240898058252424 0.045329670329670335 0.030643203883495142
0 0.61175431711146 0.4015473300970873 0.042189952904238624 0.031249999999999997
0 0.6604199372056515 0.40397451456310673 0.050431711145996864 0.0245752427184466
0 0.7016287284144428 0.4057949029126213 0.027668759811616955 0.022754854368932036
0 0.7482339089481947 0.40989077669902907 0.06397174254317112 0.03337378640776699
0 0.8059262166405023 0.4067050970873786 0.0521978021978022 0.03974514563106796
0 0.8608712715855573 0.39441747572815533 0.02433281004709576 0.02427184466019417
0 0.6073390894819467 0.42945995145631066 0.03532182103610675 0.021541262135922327
0 0.6569858712715856 0.4321905339805825 0.05337519623233909 0.033677184466019416
0 0.7559850863422293 0.44098907766990286 0.06809262166405024 0.037924757281553395
0 0.8364403453689169 0.4300667475728155 0.07751177394034538 0.03428398058252427
0 0.6404042386185244 0.4604065533980582 0.10262951334379906 0.03549757281553398
0 0.7214481946624804 0.47330097087378636 0.034340659340659344 0.02669902912621359
0 0.7602040816326531 0.462378640776699 0.04003139717425432 0.0212378640776699
0 0.8207417582417583 0.4579793689320388 0.07908163265306123 0.03003640776699029
0 0.8805926216640503 0.46541262135922323 0.0445447409733124 0.03519417475728155
0 0.6391287284144428 0.500758495145631 0.09693877551020409 0.04035194174757281
0 0.7039835164835165 0.4912014563106796 0.024921507064364207 0.028519417475728153
0 0.7405808477237049 0.49787621359223294 0.044348508634222926 0.040048543689320384
0 0.8012166405023549 0.49999999999999994 0.06593406593406594 0.037014563106796114
0 0.8836342229199372 0.49104975728155337 0.046703296703296704 0.029429611650485434
0 0.6054748822605965 0.5219963592233009 0.03865777080062795 0.031249999999999997
0 0.7101648351648352 0.5260922330097086 0.10282574568288855 0.02427184466019417
0 0.78600863422292 0.5256371359223301 0.027276295133437992 0.016686893203883495
0 0.8150510204081634 0.5200242718446602 0.032770800627943485 0.028519417475728153
0 0.8450745682888541 0.5242718446601942 0.03159340659340659 0.02973300970873786
0 0.8816718995290425 0.5127427184466019 0.036891679748822605 0.032766990291262135
0 0.6153846153846154 0.5546116504854368 0.04709576138147567 0.020631067961165046
0 0.6833791208791209 0.5514259708737863 0.08536106750392465 0.026395631067961164
0 0.7761970172684459 0.5506674757281553 0.09478021978021979 0.030339805825242715
0 0.8698979591836735 0.5406553398058251 0.08987441130298274 0.028519417475728153
0 0.6072409733124019 0.5822208737864077 0.029631083202511777 0.023058252427184463
0 0.6674843014128728 0.5867718446601942 0.06770015698587127 0.01820388349514563
0 0.7472527472527473 0.5888956310679612 0.05180533751962324 0.027305825242718445
0 0.7898351648351649 0.5749393203883495 0.031397174254317116 0.02487864077669903
0 0.8199568288854003 0.5755461165048543 0.02688383045525903 0.026092233009708737
0 0.8541012558869702 0.5778216019417475 0.048469387755102046 0.034890776699029125
0 0.6112637362637363 0.6174150485436892 0.03885400313971743 0.038834951456310676
0 0.6456043956043956 0.6224211165048543 0.03532182103610675 0.034890776699029125
0 0.696624803767661 0.6189320388349514 0.06475667189952905 0.03398058252427184
0 0.7551020408163266 0.6111953883495145 0.046310832025117744 0.02578883495145631
0 0.8505690737833596 0.607251213592233 0.1403061224489796 0.031856796116504854
0 0.6212715855572999 0.6474514563106796 0.052590266875981166 0.01820388349514563
0 0.6653257456828886 0.6466929611650485 0.030808477237048666 0.018507281553398057
0 0.7210557299843015 0.6438106796116504 0.07358712715855574 0.01820388349514563
0 0.7777668759811618 0.6509405339805825 0.045722135007849295 0.03671116504854369
0 0.8775510204081634 0.6312196601941747 0.06868131868131869 0.026395631067961164
0 0.6165620094191523 0.6867415048543689 0.060832025117739406 0.034890776699029125
0 0.6784733124018839 0.6800667475728155 0.061420722135007856 0.034890776699029125
0 0.728806907378336 0.6802184466019416 0.04827315541601256 0.03519417475728155
0 0.7968014128728415 0.6739987864077669 0.06887755102040817 0.017900485436893203
0 0.8763736263736265 0.6658070388349514 0.08281004709576138 0.027002427184466018
0 0.6221546310832026 0.7032766990291262 0.04179748822605966 0.02973300970873786
0 0.6794544740973313 0.7138956310679611 0.052001569858712716 0.03216019417475728
0 0.7317503924646782 0.7120752427184466 0.059654631083202514 0.0345873786407767
0 0.8043563579277866 0.7006978155339805 0.07927786499215071 0.03671116504854369
0 0.8782378335949765 0.6953883495145631 0.07044740973312402 0.027305825242718445
0 0.6872056514913658 0.7413531553398057 0.05494505494505495 0.03549757281553398
0 0.7544152276295134 0.7407463592233009 0.0794740973312402 0.043992718446601936
0 0.8614599686028258 0.7343749999999999 0.1271585557299843 0.04035194174757281
0 0.6335361067503925 0.7738167475728155 0.06573783359497645 0.03610436893203883
0 0.6877943485086343 0.7712378640776698 0.03885400313971743 0.03216019417475728
0 0.739010989010989 0.7729065533980581 0.07417582417582418 0.03246359223300971
0 0.8582221350078494 0.7583434466019416 0.045722135007849295 0.019720873786407765
0 0.6286302982731554 0.8037014563106796 0.05945839874411303 0.025485436893203883
0 0.7087912087912088 0.7953580097087378 0.05102040816326531 0.02578883495145631
0 0.7675627943485087 0.7914138349514562 0.028453689167974885 0.02214805825242718
0 0.8285910518053375 0.7871662621359222 0.048469387755102046 0.03003640776699029
0 0.882947409733124 0.7938410194174756 0.0684850863422292 0.033677184466019416
0 0.6290227629513344 0.8360133495145631 0.04101255886970173 0.02032766990291262
0 0.668956043956044 0.840260922330097 0.03728414442700157 0.03307038834951456
0 0.7309654631083203 0.823877427184466 0.03924646781789639 0.015473300970873785
0 0.7657967032967034 0.8223604368932038 0.024921507064364207 0.021541262135922327
0 0.8343799058084773 0.8176577669902912 0.06554160125588697 0.018810679611650484
0 0.6301020408163266 0.8633191747572815 0.0565149136577708 0.031249999999999997
0 0.722723704866562 0.8536104368932038 0.10832025117739404 0.03246359223300971
0 0.7989599686028258 0.8479975728155339 0.04140502354788069 0.0279126213592233
0 0.6320643642072213 0.8927487864077669 0.04552590266875981 0.026395631067961164
0 0.6758241758241759 0.8919902912621358 0.03453689167974883 0.03094660194174757
0 0.7381279434850864 0.8921419902912621 0.07868916797488226 0.03307038834951456
0 0.8054356357927787 0.8822815533980581 0.05592621664050236 0.037014563106796114
0 0.6673861852433282 0.9232402912621358 0.12990580847723707 0.026092233009708737
0 0.7665816326530612 0.9209648058252426 0.04415227629513344 0.03974514563106796
0 0.6108712715855573 0.7483313106796116 0.047880690737833596 0.037924757281553395
