0 0.2018249607535322 0.07979368932038834 0.06573783359497645 0.023665048543689317
0 0.2646193092621664 0.08131067961165048 0.050431711145996864 0.023058252427184463
0 0.4072802197802198 0.09147451456310679 0.07790423861852434 0.03671116504854369
0 0.46850470957613816 0.09208131067961164 0.04964678178963894 0.03428398058252427
0 0.19760596546310832 0.10634101941747572 0.05416012558869702 0.03307038834951456
0 0.29199372056514916 0.11210558252427183 0.1271585557299843 0.031856796116504854
0 0.3942307692307693 0.11984223300970873 0.08437990580847725 0.03944174757281553
0 0.4657574568288854 0.11483616504854367 0.05592621664050236 0.025182038834951456
0 0.18799058084772372 0.13880461165048544 0.051412872841444274 0.04035194174757281
0 0.2430337519623234 0.138501213592233 0.053571428571428575 0.03003640776699029
0 0.31838697017268447 0.1397148058252427 0.08889324960753532 0.027609223300970872
0 0.3919740973312402 0.13759101941747573 0.04807692307692308 0.02032766990291262
0 0.4543759811616955 0.14153519417475727 0.07633437990580848 0.033677184466019416
0 0.17965070643642073 0.15685679611650485 0.015894819466248038 0.013349514563106795
0 0.2006475667189953 0.16671723300970873 0.032770800627943485 0.027609223300970872
0 0.23047488226059656 0.1565533980582524 0.028453689167974885 0.02427184466019417
0 0.27286106750392464 0.15943567961165048 0.05514128728414443 0.023968446601941744
0 0.32074175824175827 0.16398665048543687 0.03512558869701727 0.03307038834951456
0 0.3710753532182104 0.17172330097087377 0.07417582417582418 0.03337378640776699
0 0.42523547880690743 0.1629247572815534 0.030612244897959186 0.02245145631067961
0 0.4565345368916798 0.16899271844660194 0.028453689167974885 0.0212378640776699
0 0.21134222919937207 0.18340412621359223 0.07927786499215071 0.030643203883495142
0 0.2870879120879121 0.18583131067961164 0.06907378335949765 0.028216019417475726
0 0.3630298273155416 0.1922026699029126 0.07692307692307693 0.029429611650485434
0 0.4202315541601256 0.18734830097087377 0.035518053375196236 0.02578883495145631
0 0.46565934065934067 0.1876516990291262 0.054552590266875985 0.022754854368932036
0 0.20104003139717427 0.216626213592233 0.061813186813186816 0.030339805825242715
0 0.26373626373626374 0.21632281553398056 0.06671899529042387 0.02973300970873786
0 0.32339089481946626 0.2223907766990291 0.06122448979591837 0.03155339805825243
0 0.37764913657770804 0.2134405339805825 0.04493720565149137 0.02336165048543689
0 0.42503924646781793 0.2246662621359223 0.05062794348508635 0.03307038834951456
0 0.4716444270015699 0.21465412621359223 0.04179748822605966 0.02032766990291262
0 0.1793563579277865 0.24271844660194172 0.021585557299843017 0.02487864077669903
0 0.21448194662480377 0.23831917475728154 0.04552590266875981 0.02032766990291262
0 0.2737441130298273 0.2459041262135922 0.06828885400313972 0.03307038834951456
0 0.32505886970172687 0.23695388349514562 0.03316326530612245 0.02427184466019417
0 0.35518053375196235 0.23983616504854366 0.02590266875981162 0.02032766990291262
0 0.4118916797488226 0.2446905339805825 0.06985871271585557 0.03003640776699029
0 0.46919152276295134 0.24104975728155337 0.04120879120879121 0.027002427184466018
0 0.21575745682888542 0.27275485436893204 0.09988226059654631 0.029126213592233007
0 0.29218995290423866 0.2648665048543689 0.05180533751962324 0.02245145631067961
0 0.3520408163265306 0.26790048543689315 0.06554160125588697 0.0279126213592233
0 0.3959968602825746 0.26638349514563103 0.022370486656200943 0.02669902912621359
0 0.4486852433281005 0.2682038834951456 0.08025902668759811 0.023058252427184463
0 0.1800431711145997 0.2895934466019417 0.016287284144427004 0.016686893203883495
0 0.2186028257456829 0.2921723300970874 0.03414442700156986 0.01395631067961165
0 0.28571428571428575 0.2974817961165048 0.10832025117739404 0.03853155339805825
0 0.388638147566719 0.29672330097087374 0.08025902668759811 0.03216019417475728
0 0.4637951334379906 0.2983919902912621 0.052001569858712716 0.03246359223300971
0 0.1826923076923077 0.31629247572815533 0.025510204081632654 0.01729368932038835
0 0.21673861852433282 0.3137135922330097 0.04336734693877551 0.02245145631067961
0 0.2586342229199372 0.3241808252427184 0.04591836734693878 0.031249999999999997
0 0.3007260596546311 0.3226638349514563 0.042189952904238624 0.03428398058252427
0 0.34085557299843017 0.31811286407766987 0.033359497645211934 0.02214805825242718
0 0.3718602825745683 0.3193264563106796 0.02708006279434851 0.022754854368932036
0 0.4366169544740974 0.3273665048543689 0.10243328100470958 0.027305825242718445
0 0.1939756671899529 0.3463288834951456 0.048469387755102046 0.033677184466019416
0 0.25058869701726844 0.3426881067961165 0.059654631083202514 0.02578883495145631
0 0.3062205651491366 0.3442050970873786 0.05239403453689168 0.027002427184466018
0 0.3606750392464678 0.3420813106796116 0.05180533751962324 0.02214805825242718
0 0.4278846153846154 0.34374999999999994 0.06495290423861853 0.02245145631067961
0 0.19289638932496075 0.3696905339805825 0.044348508634222926 0.014259708737864077
0 0.24872448979591838 0.3719660194174757 0.07358712715855574 0.030339805825242715
0 0.32751177394034536 0.37591019417475724 0.07653061224489796 0.03216019417475728
0 0.44927394034536894 0.3719660194174757 0.0826138147566719 0.02669902912621359
0 0.2056514913657771 0.3900182038834951 0.06514913657770802 0.023968446601941744
0 0.2538265306122449 0.39456917475728154 0.03002354788069074 0.017900485436893203
0 0.3152472527472528 0.39729975728155337 0.032378335949764525 0.01486650485436893
0 0.36744505494505497 0.40503640776699024 0.07790423861852434 0.032766990291262135
0 0.42111459968602827 0.3979065533980582 0.02708006279434851 0.017900485436893203
0 0.46477629513343804 0.39532766990291257 0.05631868131868132 0.020024271844660192
0 0.1961342229199372 0.4177791262135922 0.03355572998430142 0.0212378640776699
0 0.23400706436420723 0.42369538834951453 0.03865777080062795 0.027609223300970872
0 0.2667778649921507 0.42824635922330095 0.032378335949764525 0.027002427184466018
0 0.3042582417582418 0.4199029126213592 0.037480376766091054 0.02245145631067961
0 0.34330847723704866 0.429004854368932 0.04140502354788069 0.025485436893203883
0 0.39060047095761385 0.4287014563106796 0.050431711145996864 0.026092233009708737
0 0.4463304552590267 0.4212682038834951 0.04415227629513344 0.025182038834951456
0 0.48018053375196235 0.42748786407766987 0.028649921507064365 0.03155339805825243
0 0.18799058084772372 0.446753640776699 0.0380690737833595 0.02882281553398058
0 0.2398940345368917 0.44508495145631066 0.0641679748822606 0.019417475728155338
0 0.3251569858712716 0.4499393203883495 0.09497645211930927 0.03155339805825243
0 0.3893249607535322 0.45631067961165045 0.04709576138147567 0.030339805825242715
0 0.42935635792778654 0.45418689320388345 0.03296703296703297 0.029126213592233007
0 0.4689952904238619 0.4497876213592233 0.044740973312401885 0.02214805825242718
0 0.1783751962323391 0.47193567961165045 0.019623233908948195 0.020934466019417473
0 0.2061420722135008 0.47269417475728154 0.03355572998430142 0.0345873786407767
0 0.25637755102040816 0.47512135922330095 0.07083987441130299 0.030339805825242715
0 0.3378139717425432 0.4804308252427184 0.08222135007849295 0.031249999999999997
0 0.39589874411302983 0.4849817961165048 0.035910518053375196 0.028216019417475726
0 0.4385792778649922 0.4817961165048543 0.04748822605965464 0.021844660194174755
0 0.18377158555729986 0.4969660194174757 0.028453689167974885 0.025485436893203883
0 0.24009026687598117 0.4972694174757281 0.06573783359497645 0.026092233009708737
0 0.2895408163265306 0.5069781553398058 0.039050235478806906 0.027305825242718445
0 0.32535321821036106 0.5065230582524272 0.04356357927786499 0.030643203883495142
0 0.3827511773940346 0.505006067961165 0.06809262166405024 0.018507281553398057
0 0.45359105180533754 0.5056128640776698 0.07437205651491366 0.0245752427184466
0 0.1963304552590267 0.5301881067961165 0.06927001569858714 0.037924757281553395
0 0.263638147566719 0.5326152912621359 0.060243328100470964 0.03549757281553398
0 0.32054552590266877 0.5288228155339806 0.052001569858712716 0.02245145631067961
0 0.3918759811616955 0.5336771844660194 0.09615384615384616 0.03519417475728155
0 0.46458006279434855 0.532008495145631 0.0500392464678179 0.02032766990291262
0 0.20300235478806908 0.5532463592233009 0.06259811616954475 0.03731796116504854
0 0.264030612244898 0.5549150485436892 0.04964678178963894 0.0212378640776699
0 0.3186813186813187 0.5570388349514562 0.05572998430141288 0.023665048543689317
0 0.38677394034536894 0.563258495145631 0.08437990580847725 0.03003640776699029
0 0.44299450549450553 0.5558252427184466 0.02688383045525903 0.02427184466019417
0 0.4696821036106751 0.5558252427184466 0.0260989010989011 0.026092233009708737
0 0.19044348508634223 0.5747876213592232 0.040620094191522765 0.023968446601941744
0 0.23214285714285715 0.5878337378640777 0.05533751962323391 0.026395631067961164
0 0.30808477237048665 0.5860133495145631 0.08084772370486656 0.027002427184466018
0 0.3667582417582418 0.5804004854368932 0.031397174254317116 0.021844660194174755
0 0.3901098901098901 0.5898058252427184 0.03021978021978022 0.026092233009708737
0 0.4432888540031397 0.5860133495145631 0.07967032967032968 0.033677184466019416
0 0.1855376766091052 0.6004247572815533 0.03198587127158556 0.0212378640776699
0 0.2131083202511774 0.6049757281553397 0.02119309262166405 0.01699029126213592
0 0.24224882260596547 0.6069478155339806 0.03826530612244898 0.01911407766990291
0 0.2861067503924647 0.6131674757281553 0.05337519623233909 0.035800970873786406
0 0.34870486656200944 0.6116504854368932 0.0706436420722135 0.03094660194174757
0 0.4077708006279435 0.6069478155339806 0.02786499215070644 0.01729368932038835
0 0.4523155416012559 0.6098300970873786 0.05886970172684459 0.02669902912621359
0 0.20653453689167975 0.636377427184466 0.06927001569858714 0.028216019417475726
0 0.28502747252747257 0.6401699029126213 0.08182888540031398 0.02973300970873786
0 0.34203296703296704 0.6378944174757281 0.031789638932496075 0.02882281553398058
0 0.3933477237048666 0.641383495145631 0.06495290423861853 0.0345873786407767
0 0.4549646781789639 0.6378944174757281 0.06573783359497645 0.031249999999999997
0 0.18838304552590268 0.6516990291262136 0.04120879120879121 0.019417475728155338
0 0.236361852433281 0.6579186893203883 0.058673469387755105 0.02578883495145631
0 0.30180533751962324 0.6615594660194174 0.062401883830455265 0.02032766990291262
0 0.3678375196232339 0.6615594660194174 0.06573783359497645 0.025182038834951456
0 0.45859497645211933 0.6623179611650485 0.05376766091051806 0.035800970873786406
0 0.19858712715855575 0.674757281553398 0.05572998430141288 0.01820388349514563
0 0.24980376766091053 0.6881067961165048 0.06554160125588697 0.0279126213592233
0 0.30308084772370486 0.6827973300970873 0.032378335949764525 0.01911407766990291
0 0.35841836734693877 0.6891686893203883 0.07162480376766091 0.033677184466019416
0 0.41248037676609106 0.6874999999999999 0.033359497645211934 0.015776699029126214
0 0.4554552590266876 0.6912924757281553 0.05847723704866562 0.02882281553398058
0 0.19044348508634223 0.6979672330097086 0.04101255886970173 0.025182038834951456
0 0.23783359497645212 0.7043385922330097 0.0521978021978022 0.030643203883495142
0 0.2973901098901099 0.7113167475728155 0.06652276295133439 0.031856796116504854
0 0.3536106750392465 0.7160194174757281 0.05572998430141288 0.030339805825242715
0 0.4034536891679749 0.7114684466019416 0.041601255886970175 0.015776699029126214
0 0.45574960753532184 0.7107099514563107 0.060243328100470964 0.02578883495145631
0 0.1824960753532182 0.7251213592233009 0.02197802197802198 0.012742718446601941
0 0.21879905808477237 0.7251213592233009 0.046703296703296704 0.015776699029126214
0 0.2870879120879121 0.7348300970873786 0.04748822605965464 0.030339805825242715
0 0.34782182103610676 0.7390776699029126 0.06809262166405024 0.027305825242718445
0 0.45398351648351654 0.733009708737864 0.02413657770800628 0.016383495145631068
0 0.18632260596546313 0.7516686893203883 0.03159340659340659 0.02214805825242718
0 0.22350863422291994 0.7516686893203883 0.04120879120879121 0.02214805825242718
0 0.2611852433281005 0.7551577669902912 0.03571428571428572 0.020631067961165046
0 0.3120094191522763 0.7554611650485437 0.05062794348508635 0.020024271844660192
0 0.36881868131868134 0.7539441747572815 0.05239403453689168 0.019417475728155338
0 0.4290620094191523 0.7543992718446602 0.06691522762951335 0.022754854368932036
0 0.47321428571428575 0.7594053398058251 0.019819466248037678 0.019417475728155338
0 0.18975667189952905 0.7760922330097086 0.04042386185243328 0.020631067961165046
0 0.28296703296703296 0.7851941747572815 0.08320251177394035 0.0279126213592233
0 0.3459576138147567 0.7856492718446602 0.04748822605965464 0.03974514563106796
0 0.39109105180533754 0.7810983009708737 0.04042386185243328 0.021541262135922327
0 0.44691915227629514 0.7903519417475727 0.08065149136577708 0.03094660194174757
0 0.19407378335949765 0.8093143203883495 0.06161695447409733 0.028216019417475726
0 0.26628728414442704 0.8100728155339805 0.04591836734693878 0.030339805825242715
0 0.30798665620094196 0.8112864077669902 0.018249607535321823 0.025485436893203883
0 0.3311420722135008 0.8126516990291262 0.02806122448979592 0.027002427184466018
0 0.3695054945054945 0.8105279126213591 0.046703296703296704 0.015473300970873785
0 0.40816326530612246 0.8084041262135921 0.026295133437990583 0.018507281553398057
0 0.45359105180533754 0.8147754854368932 0.06299058084772372 0.03003640776699029
0 0.1826923076923077 0.8375303398058251 0.041601255886970175 0.028216019417475726
0 0.26069466248037676 0.8387439320388349 0.07633437990580848 0.03610436893203883
0 0.3247645211930926 0.8349514563106796 0.031397174254317116 0.025485436893203883
0 0.3641091051805338 0.8434466019417475 0.04689952904238619 0.027305825242718445
0 0.41355965463108324 0.8370752427184466 0.048469387755102046 0.027305825242718445
0 0.46605180533751966 0.8407160194174756 0.04513343799058085 0.02669902912621359
0 0.19525117739403455 0.8610436893203883 0.04905808477237049 0.03216019417475728
0 0.23135792778649922 0.8557342233009708 0.01883830455259027 0.02214805825242718
0 0.25137362637362637 0.8578580097087378 0.02119309262166405 0.027002427184466018
0 0.29199372056514916 0.8668082524271844 0.0620094191522763 0.027305825242718445
0 0.33712715855573 0.8713592233009708 0.04199372056514914 0.028519417475728153
0 0.3853021978021978 0.8604368932038834 0.053571428571428575 0.02427184466019417
0 0.4608516483516484 0.8595266990291262 0.05788854003139718 0.021844660194174755
0 0.22036891679748824 0.8798543689320387 0.10204081632653061 0.020024271844660192
0 0.2977825745682889 0.8810679611650485 0.05239403453689168 0.019417475728155338
0 0.3514521193092622 0.8825849514563106 0.05494505494505495 0.020631067961165046
0 0.4098312401883831 0.8883495145631067 0.06063579277864992 0.020024271844660192
0 0.20241365777080064 0.9044296116504854 0.07005494505494506 0.035800970873786406
0 0.258339874411303 0.907008495145631 0.03787284144427002 0.016686893203883495
0 0.31024332810047095 0.9032160194174756 0.06436420722135008 0.023058252427184463
0 0.4005102040816327 0.9042779126213591 0.07770800627943486 0.02032766990291262
0 0.46202904238618525 0.9062499999999999 0.04336734693877551 0.021844660194174755
0 0.2668759811616955 0.9253640776699028 0.05102040816326531 0.018810679611650484
0 0.3087715855572999 0.9306735436893203 0.039050235478806906 0.027609223300970872
0 0.4389717425431711 0.9299150485436892 0.020408163265306124 0.021844660194174755
0 0.5965463108320251 0.07311893203883495 0.03728414442700157 0.023665048543689317
0 0.6435439560439561 0.08677184466019416 0.058673469387755105 0.030339805825242715
0 0.7006475667189953 0.08282766990291261 0.06613029827315542 0.02973300970873786
0 0.7755102040816327 0.06993325242718446 0.047880690737833596 0.02214805825242718
0 0.834085557299843 0.06856796116504854 0.06259811616954475 0.026092233009708737
0 0.5915423861852434 0.10709951456310679 0.025706436420722137 0.01395631067961165
0 0.6233320251177394 0.10967839805825241 0.04493720565149137 0.031249999999999997
0 0.6736656200941915 0.10254854368932038 0.016483516483516484 0.01395631067961165
0 0.6983908948194663 0.10452063106796115 0.03532182103610675 0.025182038834951456
0 0.7278257456828886 0.09769417475728155 0.01883830455259027 0.018810679611650484
0 0.7537284144427002 0.10012135922330097 0.029827315541601257 0.01395631067961165
0 0.7862048665620095 0.10406553398058252 0.04179748822605966 0.02487864077669903
0 0.8577315541601256 0.09845266990291261 0.1012558869701727 0.029429611650485434
0 0.6234301412872841 0.1328883495145631 0.06671899529042387 0.03094660194174757
0 0.687892464678179 0.13319174757281552 0.05317896389324961 0.025485436893203883
0 0.7243916797488227 0.12575849514563106 0.01785714285714286 0.0245752427184466
0 0.765894819466248 0.12211771844660194 0.05494505494505495 0.02032766990291262
0 0.8036695447409734 0.13137135922330095 0.02923861852433281 0.025485436893203883
0 0.8362441130298274 0.122876213592233 0.03944270015698587 0.02973300970873786
0 0.6039050235478807 0.1529126213592233 0.04768445839874411 0.020024271844660192
0 0.7339089481946626 0.15473300970873785 0.04277864992150707 0.023665048543689317
0 0.7771781789638933 0.14593446601941745 0.03669544740973313 0.02427184466019417
0 0.8172095761381476 0.1463895631067961 0.042189952904238624 0.02032766990291262
0 0.8709772370486657 0.14578276699029125 0.06377551020408163 0.029429611650485434
0 0.5875196232339089 0.18901699029126212 0.02433281004709576 0.03519417475728155
0 0.6330455259026688 0.18188713592233008 0.034929356357927786 0.017900485436893203
0 0.6751373626373627 0.1776395631067961 0.042582417582417584 0.021541262135922327
0 0.7400902668759812 0.17718446601941745 0.05906593406593407 0.030339805825242715
0 0.8007260596546312 0.17324029126213591 0.053571428571428575 0.029126213592233007
0 0.6277472527472527 0.20570388349514562 0.05729984301412873 0.018810679611650484
0 0.6843602825745684 0.20191140776699026 0.0260989010989011 0.018507281553398057
0 0.7452904238618525 0.19766383495145629 0.022370486656200943 0.017900485436893203
0 0.7958202511773941 0.22770024271844658 0.050431711145996864 0.030643203883495142
0 0.8614599686028258 0.22087378640776698 0.0773155416012559 0.03094660194174757
