0 0.1939756671899529 0.0814623786407767 0.04768445839874411 0.01729368932038835
0 0.27757064364207223 0.08570995145631068 0.058673469387755105 0.01911407766990291
0 0.3254513343799058 0.08555825242718446 0.03198587127158556 0.01820388349514563
0 0.38010204081632654 0.09192961165048542 0.07378335949764521 0.028519417475728153
0 0.45555337519623235 0.09026092233009708 0.06691522762951335 0.028216019417475726
0 0.18897174254317112 0.1083131067961165 0.0380690737833595 0.0212378640776699
0 0.25353218210361067 0.10785800970873785 0.09301412872841444 0.031249999999999997
0 0.3349686028257457 0.11392597087378639 0.06593406593406594 0.025182038834951456
0 0.4024725274725275 0.10983009708737863 0.06514913657770802 0.0212378640776699
0 0.47125196232339095 0.11559466019417475 0.04101255886970173 0.02427184466019417
0 0.19260204081632654 0.13030946601941745 0.042189952904238624 0.020934466019417473
0 0.26560047095761385 0.13668082524271843 0.10851648351648352 0.031249999999999997
0 0.3641091051805338 0.1328883495145631 0.08025902668759811 0.023058252427184463
0 0.432201726844584 0.13713592233009708 0.04768445839874411 0.020024271844660192
0 0.4744897959183674 0.13592233009708737 0.03453689167974883 0.03398058252427184
0 0.19377943485086344 0.15336771844660194 0.04768445839874411 0.021541262135922327
0 0.2644230769230769 0.15822208737864077 0.08889324960753532 0.034890776699029125
0 0.37029042386185246 0.16125606796116504 0.0706436420722135 0.02578883495145631
0 0.43926609105180536 0.15882888349514562 0.026491365777080063 0.01729368932038835
0 0.46369701726844587 0.15458131067961164 0.018445839874411302 0.02578883495145631
0 0.1800431711145997 0.17688106796116504 0.02295918367346939 0.026092233009708737
0 0.22929748822605966 0.19007888349514562 0.08928571428571429 0.033677184466019416
0 0.30180533751962324 0.19144417475728154 0.049843014128728415 0.032766990291262135
0 0.3881475667189953 0.18234223300970873 0.05180533751962324 0.020631067961165046
0 0.45525902668759816 0.1799150485436893 0.07299843014128729 0.020024271844660192
0 0.17415620094191525 0.2164745145631068 0.03002354788069074 0.028216019417475726
0 0.2405808477237049 0.2111650485436893 0.08084772370486656 0.03337378640776699
0 0.31210753532182106 0.2164745145631068 0.07123233908948196 0.03428398058252427
0 0.3761773940345369 0.2091929611650485 0.05180533751962324 0.0245752427184466
0 0.4493720565149137 0.2055521844660194 0.0847723704866562 0.026395631067961164
0 0.1968210361067504 0.23285800970873785 0.05416012558869702 0.022754854368932036
0 0.266679748822606 0.23558859223300968 0.06475667189952905 0.02578883495145631
0 0.32986656200941916 0.23589199029126212 0.05847723704866562 0.02336165048543689
0 0.3852040816326531 0.2424150485436893 0.05416012558869702 0.03337378640776699
0 0.44790031397174257 0.2324029126213592 0.07397959183673469 0.027305825242718445
0 0.18279042386185243 0.2578883495145631 0.02374411302982732 0.017597087378640776
0 0.22782574568288855 0.2609223300970874 0.04081632653061225 0.018810679611650484
0 0.26844583987441134 0.2669902912621359 0.049450549450549455 0.037014563106796114
0 0.31112637362637363 0.27320995145631066 0.04964678178963894 0.031249999999999997
0 0.3671507064364207 0.27184466019417475 0.07810047095761381 0.03398058252427184
0 0.440934065934066 0.2568264563106796 0.0423861852433281 0.023968446601941744
0 0.18632260596546313 0.28564927184466016 0.03159340659340659 0.018507281553398057
0 0.23626373626373628 0.2921723300970874 0.07339089481946626 0.03155339805825243
0 0.3529238618524333 0.2923240291262136 0.08496860282574568 0.01911407766990291
0 0.42131083202511777 0.2915655339805825 0.05416012558869702 0.035800970873786406
0 0.4722331240188383 0.28352548543689315 0.04297488226059655 0.019720873786407765
0 0.18200549450549453 0.3073422330097087 0.02099686028257457 0.025485436893203883
0 0.21664050235478807 0.31629247572815533 0.05572998430141288 0.03246359223300971
0 0.25941915227629514 0.32129854368932037 0.03021978021978022 0.028519417475728153
0 0.2973901098901099 0.31978155339805825 0.058673469387755105 0.03216019417475728
0 0.3577315541601256 0.31538228155339804 0.05808477237048666 0.0245752427184466
0 0.41699372056514916 0.31341019417475724 0.049450549450549455 0.02245145631067961
0 0.4677197802197802 0.31553398058252424 0.045722135007849295 0.02973300970873786
0 0.2039835164835165 0.3404126213592233 0.06259811616954475 0.030339805825242715
0 0.2638343799058085 0.3428398058252427 0.05514128728414443 0.027305825242718445
0 0.3228021978021978 0.34253640776699024 0.05847723704866562 0.02427184466019417
0 0.42543171114599687 0.3414745145631068 0.12244897959183675 0.025182038834951456
0 0.2003532182103611 0.36347087378640774 0.06318681318681318 0.023665048543689317
0 0.26324568288854006 0.3702973300970874 0.06377551020408163 0.027002427184466018
0 0.32908163265306123 0.3733313106796116 0.06475667189952905 0.027609223300970872
0 0.4274921507064364 0.3672633495145631 0.13206436420722137 0.027002427184466018
0 0.18808869701726846 0.3877427184466019 0.035910518053375196 0.013349514563106795
0 0.21791601255886972 0.39456917475728154 0.03198587127158556 0.026395631067961164
0 0.250392464678179 0.3897148058252427 0.03100470957613815 0.017900485436893203
0 0.3090659340659341 0.39608616504854366 0.09458398744113031 0.03610436893203883
0 0.38304552590266877 0.39244538834951453 0.04827315541601256 0.028216019417475726
0 0.4495682888540032 0.39138349514563103 0.08241758241758242 0.02487864077669903
0 0.20771193092621665 0.40973907766990286 0.07594191522762951 0.0245752427184466
0 0.2726648351648352 0.4186893203883495 0.04493720565149137 0.0212378640776699
0 0.3292778649921507 0.41489684466019416 0.06828885400313972 0.02578883495145631
0 0.41140109890109894 0.4156553398058252 0.02923861852433281 0.01820388349514563
0 0.46222527472527475 0.41489684466019416 0.05474882260596547 0.02032766990291262
0 0.18906985871271587 0.43765169902912615 0.035910518053375196 0.01729368932038835
0 0.23547880690737835 0.44038228155339804 0.05337519623233909 0.034890776699029125
0 0.30308084772370486 0.4423543689320388 0.07162480376766091 0.029126213592233007
0 0.3671507064364207 0.44007888349514557 0.04866562009419152 0.01729368932038835
0 0.4214089481946625 0.4449332524271844 0.0543563579277865 0.030643203883495142
0 0.19554552590266877 0.4588895631067961 0.04493720565149137 0.019720873786407765
0 0.2547095761381476 0.4631371359223301 0.036499215070643645 0.03003640776699029
0 0.29218995290423866 0.4613167475728155 0.03728414442700157 0.01911407766990291
0 0.353806907378336 0.47193567961165045 0.06828885400313972 0.04035194174757281
0 0.40786891679748827 0.464502427184466 0.035910518053375196 0.023665048543689317
0 0.44858712715855575 0.4692050970873786 0.04552590266875981 0.033677184466019416
0 0.198489010989011 0.48801577669902907 0.052001569858712716 0.031856796116504854
0 0.24666405023547883 0.4930218446601941 0.044348508634222926 0.0279126213592233
0 0.3001373626373627 0.4939320388349514 0.06063579277864992 0.0345873786407767
0 0.37293956043956045 0.4981796116504854 0.07868916797488226 0.03155339805825243
0 0.4578100470957614 0.4924150485436893 0.07025117739403454 0.0279126213592233
0 0.19113029827315542 0.516383495145631 0.043171114599686033 0.03216019417475728
0 0.24676216640502358 0.5169902912621359 0.0543563579277865 0.03337378640776699
0 0.2967032967032967 0.5183555825242718 0.03218210361067504 0.016686893203883495
0 0.34370094191522765 0.5183555825242718 0.045329670329670335 0.02214805825242718
0 0.40100078492935637 0.5180521844660194 0.06730769230769232 0.02214805825242718
0 0.4640894819466248 0.5230582524271844 0.05847723704866562 0.03155339805825243
0 0.19505494505494506 0.5418689320388349 0.04513343799058085 0.030339805825242715
0 0.2387166405023548 0.5365594660194174 0.04297488226059655 0.02336165048543689
0 0.28581240188383045 0.5485436893203883 0.04925431711145997 0.0279126213592233
0 0.3198587127158556 0.5527912621359223 0.036891679748822605 0.027305825242718445
0 0.36145996860282575 0.5433859223300971 0.04827315541601256 0.02427184466019417
0 0.42219387755102045 0.5420206310679612 0.05788854003139718 0.022754854368932036
0 0.47733516483516486 0.5505157766990291 0.032378335949764525 0.022754854368932036
0 0.1888736263736264 0.5638652912621359 0.030416012558869703 0.019720873786407765
0 0.23214285714285715 0.5647754854368932 0.022370486656200943 0.018507281553398057
0 0.29788069073783363 0.5752427184466019 0.07888540031397175 0.032766990291262135
0 0.3689167974882261 0.5658373786407767 0.02119309262166405 0.017597087378640776
0 0.40531789638932497 0.5687196601941747 0.04768445839874411 0.016686893203883495
0 0.46634615384615385 0.573877427184466 0.05592621664050236 0.030643203883495142
0 0.1970172684458399 0.5876820388349514 0.044348508634222926 0.0212378640776699
0 0.23577315541601257 0.5902609223300971 0.031200941915227633 0.0245752427184466
0 0.2621664050235479 0.5958737864077669 0.019230769230769232 0.02427184466019417
0 0.3014128728414443 0.5925364077669902 0.05494505494505495 0.023058252427184463
0 0.42955259026687603 0.5948118932038834 0.12244897959183675 0.025182038834951456
0 0.21614992150706439 0.616504854368932 0.09595761381475668 0.03640776699029126
0 0.29925431711146 0.6184769417475727 0.07025117739403454 0.02882281553398058
0 0.3557692307692308 0.6202973300970873 0.024725274725274728 0.01486650485436893
0 0.4005102040816327 0.6192354368932038 0.06514913657770802 0.02487864077669903
0 0.46418759811616955 0.6231796116504854 0.055533751962323394 0.03155339805825243
0 0.21359890109890112 0.6439623786407767 0.07358712715855574 0.02882281553398058
0 0.2779631083202512 0.6447208737864077 0.047291993720565154 0.021844660194174755
0 0.3135792778649922 0.6463895631067961 0.022370486656200943 0.018507281553398057
0 0.34330847723704866 0.6501820388349514 0.034340659340659344 0.019417475728155338
0 0.41169544740973313 0.6507888349514562 0.10478806907378337 0.035800970873786406
0 0.4783163265306123 0.6513956310679611 0.03630298273155416 0.02427184466019417
0 0.20810439560439561 0.6709648058252426 0.06338304552590267 0.027002427184466018
0 0.26628728414442704 0.6703580097087378 0.047880690737833596 0.03003640776699029
0 0.3175039246467818 0.6752123786407767 0.05416012558869702 0.026395631067961164
0 0.38196624803767665 0.6767293689320387 0.07554945054945056 0.021541262135922327
0 0.4470172684458399 0.6762742718446602 0.057692307692307696 0.029126213592233007
0 0.19073783359497645 0.6865898058252426 0.028649921507064365 0.021844660194174755
0 0.24136577708006282 0.6917475728155339 0.06514913657770802 0.023665048543689317
0 0.29935243328100475 0.6953883495145631 0.05906593406593407 0.027305825242718445
0 0.3598901098901099 0.7046419902912621 0.03728414442700157 0.03428398058252427
0 0.407574568288854 0.6987257281553397 0.05690737833594977 0.021844660194174755
0 0.4522174254317112 0.6982706310679611 0.03159340659340659 0.0245752427184466
0 0.4800824175824176 0.7022148058252426 0.021781789638932497 0.021541262135922327
0 0.20192307692307693 0.7141990291262136 0.04591836734693878 0.02245145631067961
0 0.25294348508634223 0.7223907766990291 0.04827315541601256 0.0212378640776699
0 0.3268249607535322 0.7228458737864077 0.035910518053375196 0.026395631067961164
0 0.3581240188383046 0.735133495145631 0.03728414442700157 0.0279126213592233
0 0.40168759811616955 0.7267900485436892 0.057692307692307696 0.031249999999999997
0 0.46850470957613816 0.7287621359223301 0.04964678178963894 0.029126213592233007
0 0.19642857142857145 0.7442354368932038 0.049450549450549455 0.037014563106796114
0 0.2449960753532182 0.7525788834951456 0.050431711145996864 0.027002427184466018
0 0.28434065934065933 0.7466626213592232 0.02433281004709576 0.01820388349514563
0 0.32388147566718994 0.7498483009708737 0.031200941915227633 0.021541262135922327
0 0.378434065934066 0.7551577669902912 0.045722135007849295 0.0212378640776699
0 0.41601255886970173 0.7619842233009708 0.031789638932496075 0.027002427184466018
0 0.4646781789638933 0.7545509708737863 0.026687598116169546 0.016383495145631068
0 0.23704866562009422 0.7783677184466019 0.08751962323390895 0.030643203883495142
0 0.3069073783359498 0.7829186893203883 0.04042386185243328 0.03246359223300971
0 0.3669544740973313 0.7874696601941746 0.07810047095761381 0.028216019417475726
0 0.43779434850863425 0.7806432038834951 0.041601255886970175 0.026092233009708737
0 0.478806907378336 0.7766990291262135 0.033751962323390894 0.01820388349514563
0 0.19191522762951335 0.8017293689320387 0.036891679748822605 0.02882281553398058
0 0.2269427001569859 0.7936893203883495 0.030416012558869703 0.020631067961165046
0 0.27923861852433285 0.8023361650485437 0.05180533751962324 0.017900485436893203
0 0.36528649921507067 0.8064320388349514 0.07554945054945056 0.03216019417475728
0 0.4687990580847724 0.8068871359223301 0.05612244897959184 0.031856796116504854
0 0.20359105180533754 0.8270631067961164 0.050431711145996864 0.015776699029126214
0 0.26609105180533754 0.8337378640776698 0.07142857142857144 0.03155339805825243
0 0.33712715855573 0.8344963592233009 0.06593406593406594 0.03549757281553398
0 0.3950156985871272 0.8317657766990291 0.04042386185243328 0.01486650485436893
0 0.4391679748822606 0.836771844660194 0.062401883830455265 0.035800970873786406
0 0.4845957613814757 0.8275182038834951 0.025706436420722137 0.01729368932038835
0 0.18857927786499215 0.8531553398058251 0.025510204081632654 0.026092233009708737
0 0.2300824175824176 0.8527002427184466 0.05749607535321821 0.029429611650485434
0 0.2977825745682889 0.8589199029126213 0.07751177394034538 0.02973300970873786
0 0.3585164835164835 0.8598300970873786 0.05572998430141288 0.029126213592233007
0 0.44338697017268447 0.855127427184466 0.10694662480376767 0.028216019417475726
0 0.24676216640502358 0.8722694174757281 0.05749607535321821 0.02427184466019417
0 0.29768445839874413 0.8812196601941746 0.03610675039246468 0.023968446601941744
0 0.3429160125588697 0.8748483009708737 0.02021193092621664 0.013652912621359222
0 0.3660714285714286 0.8739381067961164 0.02374411302982732 0.02032766990291262
0 0.4380886970172685 0.8721177184466019 0.11636577708006281 0.020934466019417473
0 0.19093406593406595 0.8910800970873786 0.020408163265306124 0.019417475728155338
0 0.22321428571428573 0.8921419902912621 0.0402276295133438 0.017900485436893203
0 0.28218210361067503 0.8979065533980581 0.06043956043956044 0.016686893203883495
0 0.358712715855573 0.902760922330097 0.07025117739403454 0.025182038834951456
0 0.4137558869701727 0.8929004854368932 0.022174254317111463 0.01699029126213592
0 0.44063971742543173 0.8953276699029126 0.02688383045525903 0.011529126213592231
0 0.4705651491365777 0.895631067961165 0.036891679748822605 0.027305825242718445
0 0.2822802197802198 0.9158070388349514 0.0260989010989011 0.014259708737864077
0 0.31799450549450553 0.9152002427184466 0.042582417582417584 0.020934466019417473
0 0.3770604395604396 0.9138349514563106 0.0684850863422292 0.020024271844660192
0 0.42199764521193095 0.917627427184466 0.027668759811616955 0.027002427184466018
0 0.4671310832025118 0.9098907766990291 0.06063579277864992 0.026092233009708737
0 0.1963304552590267 0.9338592233009708 0.03512558869701727 0.020631067961165046
0 0.24784144427001573 0.9329490291262135 0.06828885400313972 0.023665048543689317
0 0.3010204081632653 0.936134708737864 0.033359497645211934 0.015473300970873785
0 0.3306514913657771 0.9331007281553397 0.027472527472527476 0.01729368932038835
0 0.4231750392464678 0.9406856796116504 0.11558084772370487 0.028216019417475726
0 0.5995879120879122 0.08358616504854369 0.045722135007849295 0.021541262135922327
0 0.6509026687598116 0.09632888349514562 0.0706436420722135 0.03428398058252427
0 0.7789442700156987 0.08434466019417475 0.03159340659340659 0.01395631067961165
0 0.8272174254317112 0.07888349514563106 0.021389324960753534 0.02427184466019417
0 0.8565541601255887 0.07736650485436893 0.034929356357927786 0.02427184466019417
0 0.8940345368916798 0.08252427184466019 0.03571428571428572 0.03337378640776699
0 0.5974293563579278 0.1095266990291262 0.03512558869701727 0.018810679611650484
0 0.7518642072213502 0.11013349514563106 0.03944270015698587 0.020631067961165046
0 0.8646978021978022 0.10588592233009708 0.08025902668759811 0.029126213592233007
0 0.6128335949764522 0.13334344660194172 0.07496075353218211 0.022754854368932036
0 0.715953689167975 0.13819781553398058 0.07358712715855574 0.028216019417475726
0 0.7827708006279436 0.14244538834951456 0.057692307692307696 0.027609223300970872
0 0.8264324960753533 0.13212985436893201 0.024529042386185244 0.023968446601941744
0 0.8779434850863422 0.13152305825242716 0.07535321821036108 0.029429611650485434
0 0.5870290423861853 0.1721783980582524 0.04140502354788069 0.03549757281553398
0 0.6293171114599686 0.15958737864077668 0.04827315541601256 0.035800970873786406
0 0.7065345368916798 0.15776699029126212 0.06338304552590267 0.02427184466019417
0 0.832221350078493 0.1617111650485437 0.03767660910518054 0.025485436893203883
0 0.8788265306122449 0.17066140776699026 0.048469387755102046 0.02578883495145631
0 0.5960557299843015 0.19508495145631066 0.06220565149136578 0.037014563106796114
0 0.6551216640502355 0.1923543689320388 0.0543563579277865 0.03640776699029126
0 0.6947605965463108 0.19083737864077668 0.022174254317111463 0.0345873786407767
0 0.7557888540031398 0.1920509708737864 0.052001569858712716 0.020631067961165046
0 0.8231946624803768 0.1944781553398058 0.046703296703296704 0.0279126213592233
0 0.8738226059654631 0.19478155339805825 0.046310832025117744 0.02245145631067961
0 0.5932103610675039 0.21237864077669902 0.02511773940345369 0.015169902912621358
0 0.6695447409733124 0.21298543689320387 0.07927786499215071 0.028519417475728153
0 0.5135400313971743 0.5866201456310679 0.025510204081632654 0.01608009708737864
0 0.5514128728414444 0.5902609223300971 0.026295133437990583 0.03246359223300971
0 0.5181514913657771 0.6064927184466019 0.030808477237048666 0.015169902912621358
0 0.5625981161695448 0.6081614077669902 0.05612244897959184 0.019720873786407765
0 0.5231554160125589 0.6290958737864077 0.03924646781789639 0.013046116504854368
0 0.5633830455259027 0.6334951456310679 0.054552590266875985 0.027305825242718445
0 0.614403453689168 0.5697815533980582 0.09340659340659341 0.08616504854368931
0 0.6801412872841445 0.5832827669902912 0.04866562009419152 0.02578883495145631
0 0.7346938775510204 0.5819174757281553 0.05376766091051806 0.023058252427184463
0 0.7805141287284145 0.5746359223300971 0.043759811616954476 0.023058252427184463
0 0.8230965463108321 0.5828276699029126 0.03865777080062795 0.02487864077669903
0 0.8737244897959184 0.5813106796116504 0.06573783359497645 0.0279126213592233
0 0.6373626373626374 0.6110436893203883 0.08712715855572999 0.037014563106796114
0 0.6988814756671899 0.6004247572815533 0.035518053375196236 0.020024271844660192
0 0.7340070643642073 0.600879854368932 0.03316326530612245 0.015473300970873785
0 0.7812990580847724 0.6031553398058251 0.02021193092621664 0.02245145631067961
0 0.8096546310832026 0.5969356796116504 0.029827315541601257 0.020934466019417473
0 0.8521389324960754 0.5990594660194174 0.050824175824175824 0.018507281553398057
0 0.8924646781789639 0.5954186893203883 0.026295133437990583 0.018507281553398057
0 0.6160714285714286 0.6433555825242718 0.048861852433281006 0.0245752427184466
0 0.6693485086342229 0.638501213592233 0.05102040816326531 0.023968446601941744
0 0.7316522762951335 0.6293992718446602 0.07201726844583987 0.027609223300970872
0 0.8078885400313972 0.6347087378640777 0.05416012558869702 0.02973300970873786
0 0.8698979591836735 0.6237864077669902 0.05337519623233909 0.020631067961165046
0 0.6123430141287285 0.6680825242718446 0.03787284144427002 0.023665048543689317
0 0.6651295133437991 0.6573118932038834 0.059850863422292 0.02214805825242718
0 0.7091836734693878 0.6630764563106796 0.038461538461538464 0.03549757281553398
0 0.7683477237048666 0.6542779126213591 0.061420722135007856 0.017900485436893203
0 0.8227040816326531 0.6489684466019416 0.039050235478806906 0.023058252427184463
0 0.8769623233908949 0.6482099514563107 0.06357927786499215 0.023968446601941744
0 0.6093995290423863 0.696753640776699 0.04650706436420722 0.027609223300970872
0 0.6519819466248038 0.6909890776699028 0.04179748822605966 0.02578883495145631
0 0.6972135007849294 0.6852245145631067 0.0423861852433281 0.015473300970873785
0 0.7417582417582418 0.6805218446601942 0.036499215070643645 0.023058252427184463
0 0.7861067503924647 0.6843143203883495 0.05102040816326531 0.026395631067961164
0 0.8422291993720565 0.6812803398058251 0.04277864992150707 0.028216019417475726
0 0.8830455259026688 0.6767293689320387 0.0380690737833595 0.017900485436893203
0 0.6238226059654631 0.7114684466019416 0.05808477237048666 0.019417475728155338
0 0.6766091051805337 0.7154126213592232 0.041601255886970175 0.026092233009708737
0 0.722723704866562 0.7128337378640776 0.033751962323390894 0.013652912621359222
0 0.7740384615384616 0.7075242718446602 0.02295918367346939 0.01699029126213592
0 0.8508634222919937 0.7116201456310679 0.12205651491365778 0.03610436893203883
0 0.6061616954474097 0.7427184466019416 0.0282574568288854 0.02487864077669903
0 0.6366758241758242 0.7439320388349514 0.03198587127158556 0.027305825242718445
0 0.6752354788069074 0.735133495145631 0.039638932496075356 0.020024271844660192
0 0.7308673469387755 0.741504854368932 0.07437205651491366 0.02973300970873786
0 0.7974882260596546 0.7363470873786407 0.04905808477237049 0.02669902912621359
0 0.8552786499215072 0.7293689320388349 0.025706436420722137 0.020024271844660192
0 0.896978021978022 0.7304308252427184 0.03610675039246468 0.031856796116504854
0 0.6067503924646782 0.7639563106796116 0.024725274725274728 0.015776699029126214
0 0.6294152276295134 0.7633495145631067 0.01785714285714286 0.018810679611650484
0 0.667091836734694 0.7682038834951456 0.04689952904238619 0.02973300970873786
0 0.7179160125588697 0.7691140776699028 0.055533751962323394 0.027305825242718445
0 0.7968995290423863 0.7656249999999999 0.09183673469387756 0.03428398058252427
0 0.8627354788069074 0.7583434466019416 0.035518053375196236 0.01486650485436893
0 0.6065541601255887 0.7908070388349514 0.02511773940345369 0.017900485436893203
0 0.6593406593406593 0.7945995145631067 0.0706436420722135 0.0345873786407767
0 0.7161499215070644 0.7950546116504854 0.042189952904238624 0.026395631067961164
0 0.7608908948194663 0.7906553398058251 0.045722135007849295 0.015776699029126214
0 0.826923076923077 0.7839805825242718 0.025510204081632654 0.017597087378640776
0 0.8679356357927787 0.7823118932038834 0.051412872841444274 0.02032766990291262
0 0.9039442700156987 0.7792779126213591 0.01785714285714286 0.01729368932038835
0 0.6177394034536892 0.819629854368932 0.052982731554160126 0.031856796116504854
0 0.6988814756671899 0.8185679611650485 0.09635007849293564 0.0279126213592233
0 0.7681514913657771 0.823877427184466 0.04925431711145997 0.03307038834951456
0 0.8032770800627944 0.8141686893203883 0.02099686028257457 0.013652912621359222
0 0.8334968602825746 0.8129550970873786 0.035910518053375196 0.015473300970873785
0 0.6032182103610675 0.8379854368932038 0.020408163265306124 0.01699029126213592
0 0.6281397174254317 0.8372269417475727 0.020408163265306124 0.02214805825242718
0 0.6517857142857143 0.8410194174757281 0.02688383045525903 0.02487864077669903
0 0.6867150706436421 0.8385922330097086 0.03708791208791209 0.0212378640776699
0 0.7249803767660911 0.8443567961165048 0.03708791208791209 0.014563106796116504
0 0.7871860282574569 0.8391990291262135 0.08339874411302983 0.021844660194174755
0 0.8599882260596546 0.8363167475728155 0.05749607535321821 0.022754854368932036
0 0.6301020408163266 0.8669599514563106 0.07378335949764521 0.02214805825242718
0 0.6811224489795918 0.8678701456310679 0.023155416012558872 0.013046116504854368
0 0.7387166405023549 0.8634708737864077 0.0881083202511774 0.0279126213592233
0 0.8153453689167975 0.8628640776699028 0.060832025117739406 0.02245145631067961
0 0.8651883830455259 0.8607402912621358 0.036891679748822605 0.023058252427184463
0 0.611361852433281 0.8938106796116504 0.04101255886970173 0.03337378640776699
0 0.6798469387755103 0.8894114077669902 0.03198587127158556 0.019720873786407765
0 0.7362637362637363 0.8933555825242717 0.08751962323390895 0.02882281553398058
0 0.8016091051805339 0.8901699029126213 0.01883830455259027 0.018810679611650484
0 0.8394819466248038 0.8979065533980581 0.052590266875981166 0.031856796116504854
0 0.6009615384615385 0.9243021844660193 0.02099686028257457 0.02214805825242718
0 0.6315737833594977 0.9239987864077669 0.03826530612244898 0.01486650485436893
0 0.6941718995290425 0.9191444174757281 0.02806122448979592 0.021541262135922327
0 0.7565737833594977 0.920509708737864 0.09085557299843014 0.030339805825242715
