0 0.5524921507064364 0.08677184466019416 0.07044740973312402 0.01820388349514563
0 0.5306122448979592 0.10527912621359223 0.0380690737833595 0.0212378640776699
0 0.5742739403453689 0.10907160194174756 0.04297488226059655 0.020934466019417473
0 0.5194270015698588 0.12757888349514562 0.018445839874411302 0.021541262135922327
0 0.5625981161695448 0.1262135922330097 0.06357927786499215 0.027305825242718445
0 0.5370879120879121 0.14350728155339804 0.05023547880690738 0.026092233009708737
0 0.5861459968602826 0.14047330097087377 0.031397174254317116 0.019417475728155338
0 0.5185439560439561 0.15898058252427183 0.01707221350078493 0.01820388349514563
0 0.5376766091051806 0.15807038834951456 0.017660910518053376 0.017597087378640776
0 0.5827119309262166 0.16337985436893201 0.031200941915227633 0.022754854368932036
0 0.5173665620094192 0.17915655339805825 0.014717425431711147 0.01911407766990291
0 0.5511185243328101 0.17839805825242716 0.050431711145996864 0.017597087378640776
0 0.6437401883830456 0.0926881067961165 0.04297488226059655 0.03307038834951456
0 0.6862244897959184 0.10755461165048542 0.05376766091051806 0.027609223300970872
0 0.7438186813186813 0.10512742718446601 0.05396389324960754 0.031856796116504854
0 0.7932692307692308 0.09951456310679611 0.0445447409733124 0.020024271844660192
0 0.8427197802197802 0.10922330097087378 0.04689952904238619 0.027305825242718445
0 0.8972723704866562 0.10300364077669902 0.04807692307692308 0.042172330097087374
0 0.6208791208791209 0.13637742718446602 0.03218210361067504 0.03307038834951456
0 0.658751962323391 0.138501213592233 0.04120879120879121 0.02882281553398058
0 0.71026295133438 0.13243325242718446 0.06456043956043957 0.022754854368932036
0 0.7625588697017269 0.1284890776699029 0.039638932496075356 0.02032766990291262
0 0.8533163265306123 0.13486043689320387 0.06809262166405024 0.03671116504854369
0 0.9060047095761382 0.1309162621359223 0.047880690737833596 0.027609223300970872
0 0.6252943485086343 0.15685679611650485 0.047291993720565154 0.02427184466019417
0 0.682594191522763 0.16444174757281552 0.06966248037676609 0.0424757281553398
0 0.7524529042386185 0.16444174757281552 0.06887755102040817 0.030339805825242715
0 0.8105376766091053 0.15882888349514562 0.04768445839874411 0.031249999999999997
0 0.8509615384615385 0.16004247572815533 0.03355572998430142 0.028216019417475726
0 0.8967817896389325 0.14881674757281552 0.05886970172684459 0.027002427184466018
0 0.82388147566719 0.26881067961165045 0.0009811616954474099 0.0024271844660194173
0 0.628041601255887 0.1932645631067961 0.037480376766091054 0.030339805825242715
0 0.6861263736263736 0.1953883495145631 0.06809262166405024 0.03337378640776699
0 0.7489207221350079 0.1855279126213592 0.05592621664050236 0.01729368932038835
0 0.8546899529042387 0.18370752427184464 0.058673469387755105 0.03549757281553398
0 0.609497645211931 0.21146844660194172 0.024725274725274728 0.02669902912621359
0 0.6331436420722135 0.22405946601941745 0.03002354788069074 0.027609223300970872
0 0.6640502354788069 0.216626213592233 0.02786499215070644 0.019417475728155338
0 0.7213500784929356 0.2143507281553398 0.05062794348508635 0.01486650485436893
0 0.7603021978021979 0.20934466019417475 0.021389324960753534 0.0279126213592233
0 0.7967032967032968 0.21101334951456308 0.04709576138147567 0.018507281553398057
0 0.8385007849293564 0.2087378640776699 0.03610675039246468 0.014563106796116504
0 0.8729395604395604 0.2101031553398058 0.03394819466248038 0.031249999999999997
0 0.9061028257456829 0.19675364077669902 0.030416012558869703 0.02882281553398058
0 0.6158751962323391 0.25212378640776695 0.05749607535321821 0.035800970873786406
0 0.6611067503924647 0.25106189320388345 0.031397174254317116 0.02336165048543689
0 0.6991758241758242 0.24499393203883493 0.04277864992150707 0.016686893203883495
0 0.7596153846153847 0.24104975728155337 0.026687598116169546 0.013652912621359222
0 0.8162284144427002 0.23831917475728154 0.0260989010989011 0.013046116504854368
0 0.8403649921507065 0.2324029126213592 0.02021193092621664 0.02487864077669903
0 0.877256671899529 0.22891383495145629 0.05278649921507065 0.03003640776699029
0 0.6267660910518054 0.27032766990291257 0.0620094191522763 0.03094660194174757
0 0.6789638932496076 0.27518203883495146 0.02511773940345369 0.019417475728155338
0 0.7029042386185244 0.2692657766990291 0.020408163265306124 0.028216019417475726
0 0.7448979591836735 0.2773058252427184 0.06004709576138148 0.035800970873786406
0 0.631475667189953 0.3005157766990291 0.06357927786499215 0.023968446601941744
0 0.7164442700156987 0.3052184466019417 0.08869701726844585 0.03398058252427184
0 0.7786499215070644 0.2959648058252427 0.03257456828885401 0.021541262135922327
0 0.8323194662480378 0.29202063106796117 0.07240973312401884 0.02882281553398058
0 0.6145996860282575 0.3241808252427184 0.027472527472527476 0.015473300970873785
0 0.6485478806907379 0.3246359223300971 0.03453689167974883 0.016383495145631068
0 0.6146978021978022 0.34739077669902907 0.027668759811616955 0.01820388349514563
0 0.6468799058084773 0.35012135922330095 0.03512558869701727 0.018810679611650484
0 0.7105572998430142 0.34754247572815533 0.038461538461538464 0.023968446601941744
0 0.7486263736263736 0.34663228155339804 0.031789638932496075 0.02214805825242718
0 0.7979788069073784 0.3426881067961165 0.04415227629513344 0.021541262135922327
0 0.8486067503924647 0.3402609223300971 0.05396389324960754 0.022754854368932036
0 0.6350078492935636 0.3712075242718446 0.06554160125588697 0.0245752427184466
0 0.7748233908948196 0.449635922330097 0.0005886970172684459 0.0006067961165048543
0 0.714776295133438 0.37666868932038833 0.07554945054945056 0.02578883495145631
0 0.7745290423861853 0.3706007281553398 0.03532182103610675 0.018507281553398057
0 0.8213304552590267 0.3701456310679611 0.05828100470957614 0.020631067961165046
0 0.6154827315541601 0.40048543689320387 0.029631083202511777 0.0212378640776699
0 0.6605180533751963 0.402760922330097 0.059262166405023554 0.02032766990291262
0 0.7211538461538461 0.4012439320388349 0.04277864992150707 0.016686893203883495
0 0.7690345368916798 0.40503640776699024 0.046310832025117744 0.032766990291262135
0 0.8096546310832026 0.3976031553398058 0.029434850863422294 0.02032766990291262
0 0.8528257456828886 0.39684466019417475 0.04042386185243328 0.016383495145631068
0 0.66100863422292 0.4303701456310679 0.12696232339089483 0.026395631067961164
0 0.7502943485086343 0.4276395631067961 0.023351648351648352 0.016686893203883495
0 0.7957221350078494 0.42308859223300965 0.02904238618524333 0.019720873786407765
0 0.6317700156985872 0.4593446601941747 0.06259811616954475 0.026092233009708737
0 0.6909340659340659 0.45206310679611644 0.03453689167974883 0.0212378640776699
0 0.7565737833594977 0.4499393203883495 0.032770800627943485 0.02245145631067961
0 0.8035714285714286 0.4516080097087378 0.023547880690737835 0.015473300970873785
0 0.6224489795918368 0.48437499999999994 0.04827315541601256 0.0245752427184466
0 0.6896585557299844 0.4792172330097087 0.07751177394034538 0.02214805825242718
0 0.6380494505494506 0.5086468446601942 0.07554945054945056 0.022754854368932036
0 0.7104591836734694 0.5075849514563107 0.04768445839874411 0.020631067961165046
0 0.7525510204081634 0.5004550970873786 0.03532182103610675 0.020934466019417473
0 0.7846350078492936 0.5030339805825242 0.026491365777080063 0.015776699029126214
0 0.8235871271585558 0.4993932038834951 0.046310832025117744 0.02669902912621359
0 0.6110675039246468 0.5303398058252426 0.016483516483516484 0.015169902912621358
0 0.6419740973312402 0.5317050970873786 0.043759811616954476 0.018507281553398057
0 0.6444270015698588 0.5544599514563107 0.0380690737833595 0.025182038834951456
0 0.6953492935635793 0.5533980582524272 0.04179748822605966 0.023058252427184463
0 0.7386185243328101 0.5635618932038835 0.04277864992150707 0.029429611650485434
0 0.7962127158555731 0.5512742718446602 0.06456043956043957 0.020024271844660192
0 0.853806907378336 0.5473300970873786 0.046703296703296704 0.016383495145631068
0 0.6373626373626374 0.5867718446601942 0.07260596546310832 0.026092233009708737
0 0.695839874411303 0.5819174757281553 0.041601255886970175 0.019417475728155338
0 0.7338108320251178 0.5800970873786407 0.027668759811616955 0.0212378640776699
0 0.7618720565149137 0.585254854368932 0.030808477237048666 0.021844660194174755
0 0.8023940345368917 0.5764563106796116 0.03728414442700157 0.018810679611650484
0 0.6148940345368917 0.6063410194174756 0.02374411302982732 0.02032766990291262
0 0.6430533751962324 0.6131674757281553 0.03218210361067504 0.0279126213592233
0 0.6904434850863422 0.6069478155339806 0.05788854003139718 0.02032766990291262
0 0.7448979591836735 0.6069478155339806 0.04709576138147567 0.029429611650485434
0 0.78600863422292 0.5992111650485437 0.03316326530612245 0.018810679611650484
0 0.8229984301412874 0.5940533980582524 0.024725274725274728 0.018810679611650484
0 0.8493916797488227 0.6043689320388349 0.032770800627943485 0.026092233009708737
0 0.6126373626373627 0.6313713592233009 0.02433281004709576 0.01820388349514563
0 0.6427590266875981 0.6369842233009708 0.035518053375196236 0.023968446601941744
0 0.688284929356358 0.6383495145631067 0.05160910518053376 0.03155339805825243
0 0.7376373626373627 0.6284890776699028 0.0423861852433281 0.016686893203883495
0 0.7878728414442701 0.6240898058252426 0.05337519623233909 0.019417475728155338
0 0.8305533751962324 0.6260618932038834 0.03865777080062795 0.026395631067961164
0 0.8603806907378336 0.6259101941747572 0.026491365777080063 0.023058252427184463
0 0.611361852433281 0.6539745145631067 0.021389324960753534 0.01729368932038835
0 0.6411891679748823 0.6598907766990291 0.034340659340659344 0.02669902912621359
0 0.6930926216640503 0.6510922330097086 0.03100470957613815 0.020631067961165046
0 0.7329277864992151 0.6515473300970873 0.04552590266875981 0.020934466019417473
0 0.7704081632653061 0.6513956310679611 0.019623233908948195 0.016383495145631068
0 0.793563579277865 0.6557949029126213 0.033359497645211934 0.029429611650485434
0 0.6393249607535322 0.6794599514563107 0.07417582417582418 0.020934466019417473
0 0.7088893249607535 0.6864381067961165 0.06770015698587127 0.02882281553398058
0 0.758339874411303 0.6777912621359222 0.019427001569858715 0.013349514563106795
0 0.7846350078492936 0.6749089805825242 0.030808477237048666 0.017900485436893203
0 0.8239795918367347 0.6729368932038834 0.03296703296703297 0.021844660194174755
0 0.8570447409733124 0.6692961165048543 0.030808477237048666 0.016383495145631068
0 0.6207810047095762 0.7064623786407767 0.03944270015698587 0.026395631067961164
0 0.6620879120879122 0.7097997572815533 0.03610675039246468 0.022754854368932036
0 0.7009419152276296 0.7070691747572815 0.036499215070643645 0.017900485436893203
0 0.752256671899529 0.7025182038834951 0.03159340659340659 0.01729368932038835
0 0.6256868131868132 0.7298240291262136 0.04140502354788069 0.02214805825242718
0 0.6654238618524333 0.7319478155339805 0.02119309262166405 0.022754854368932036
0 0.6965266875981162 0.728003640776699 0.03944270015698587 0.023968446601941744
0 0.7354788069073783 0.7331614077669902 0.022370486656200943 0.020934466019417473
0 0.7718799058084773 0.7252730582524272 0.04689952904238619 0.021541262135922327
0 0.8192700156985872 0.7225424757281553 0.04395604395604396 0.01729368932038835
0 0.8582221350078494 0.721632281553398 0.030416012558869703 0.019720873786407765
0 0.6198979591836735 0.7530339805825242 0.028649921507064365 0.018810679611650484
0 0.660223704866562 0.7536407766990291 0.04689952904238619 0.01699029126213592
0 0.7078100470957615 0.7530339805825242 0.046310832025117744 0.019417475728155338
0 0.7449960753532182 0.7540958737864077 0.017464678178963893 0.011832524271844658
0 0.7699175824175825 0.7581917475728155 0.030416012558869703 0.023058252427184463
0 0.8187794348508635 0.7459041262135921 0.035518053375196236 0.02032766990291262
0 0.6312794348508635 0.7818567961165048 0.052590266875981166 0.02669902912621359
0 0.6767072213500785 0.7892900485436892 0.042189952904238624 0.027002427184466018
0 0.7286106750392465 0.7757888349514562 0.05886970172684459 0.019417475728155338
0 0.7810047095761382 0.7733616504854368 0.04552590266875981 0.01820388349514563
0 0.8453689167974883 0.7744235436893203 0.04513343799058085 0.02882281553398058
0 0.6475667189952905 0.8044599514563107 0.039638932496075356 0.016686893203883495
0 0.6934850863422293 0.7986953883495145 0.04513343799058085 0.02214805825242718
0 0.731063579277865 0.8084041262135921 0.03355572998430142 0.027002427184466018
0 0.6284340659340659 0.8253944174757281 0.048469387755102046 0.020934466019417473
0 0.6727825745682889 0.8258495145631067 0.020604395604395604 0.018810679611650484
0 0.7062401883830456 0.8243325242718446 0.04552590266875981 0.02245145631067961
0 0.7603021978021979 0.8219053398058251 0.05945839874411303 0.030339805825242715
0 0.8174058084772371 0.8209951456310679 0.05239403453689168 0.028519417475728153
0 0.6445251177394035 0.8525485436893203 0.04336734693877551 0.017597087378640776
0 0.6250981161695448 0.8728762135922329 0.04493720565149137 0.025485436893203883
0 0.6752354788069074 0.8742415048543689 0.05023547880690738 0.01911407766990291
0 0.7296899529042387 0.8668082524271844 0.056711145996860286 0.020631067961165046
0 0.788657770800628 0.8698422330097086 0.0565149136577708 0.02427184466019417
0 0.8304552590266876 0.8727245145631067 0.03218210361067504 0.026395631067961164
0 0.6274529042386185 0.8983616504854368 0.045722135007849295 0.027305825242718445
0 0.6696428571428572 0.9015473300970873 0.03512558869701727 0.019720873786407765
0 0.7056514913657771 0.904884708737864 0.033751962323390894 0.02578883495145631
0 0.7351844583987441 0.8957827669902911 0.024529042386185244 0.02336165048543689
0 0.7753139717425432 0.8922936893203882 0.04709576138147567 0.023665048543689317
0 0.8110282574568289 0.9041262135922329 0.03571428571428572 0.027305825242718445
