0 0.11832810047095763 0.1253033980582524 0.06043956043956044 0.04368932038834951
0 0.206828885400314 0.1016383495145631 0.08359497645211932 0.08616504854368931
0 0.2731554160125589 0.13228155339805825 0.0521978021978022 0.04186893203883495
0 0.33006279434850866 0.12591019417475727 0.05612244897959184 0.032766990291262135
0 0.3771585557299843 0.12560679611650485 0.03571428571428572 0.03337378640776699
0 0.4156200941915228 0.13531553398058252 0.039638932496075356 0.0345873786407767
0 0.4633045525902669 0.11893203883495145 0.059654631083202514 0.04429611650485436
0 0.38226059654631084 0.07433252427184465 0.0003924646781789639 0.0
0 0.1381475667189953 0.16777912621359223 0.04042386185243328 0.03519417475728155
0 0.1283359497645212 0.19690533980582522 0.05376766091051806 0.02669902912621359
0 0.21134222919937207 0.15382281553398056 0.0706436420722135 0.03519417475728155
0 0.2760989010989011 0.1608009708737864 0.05729984301412873 0.02245145631067961
0 0.3349686028257457 0.15898058252427183 0.05572998430141288 0.04186893203883495
0 0.3942307692307693 0.17293689320388347 0.031397174254317116 0.037014563106796114
0 0.4383830455259027 0.16504854368932037 0.05847723704866562 0.035800970873786406
0 0.47998430141287285 0.15594660194174756 0.023940345368916798 0.027305825242718445
0 0.2066326530612245 0.18294902912621358 0.020408163265306124 0.030339805825242715
0 0.23587127158555732 0.18355582524271843 0.03414442700156986 0.029126213592233007
0 0.2780612244897959 0.18507281553398056 0.05337519623233909 0.026092233009708737
0 0.3271193092621664 0.19629854368932037 0.047880690737833596 0.032766990291262135
0 0.38755886970172687 0.18719660194174756 0.038461538461538464 0.02669902912621359
0 0.37813971742543173 0.1878033980582524 0.05572998430141288 0.025485436893203883
0 0.42327315541601257 0.19387135922330095 0.03296703296703297 0.029126213592233007
0 0.47135007849293564 0.185376213592233 0.04120879120879121 0.032766990291262135
0 0.19603610675039249 0.21298543689320387 0.03296703296703297 0.028519417475728153
0 0.23508634222919939 0.22057038834951453 0.04513343799058085 0.032766990291262135
0 0.26707221350078497 0.21025485436893201 0.01883830455259027 0.03398058252427184
0 0.3067111459968603 0.2236043689320388 0.0706436420722135 0.03640776699029126
0 0.3545918367346939 0.21268203883495143 0.02904238618524333 0.02669902912621359
0 0.3820643642072214 0.22512135922330095 0.043171114599686033 0.02973300970873786
0 0.4309262166405024 0.21996359223300968 0.04748822605965464 0.029126213592233007
0 0.4707613814756672 0.21844660194174756 0.038461538461538464 0.0345873786407767
0 0.21997645211930927 0.24484223300970873 0.0282574568288854 0.02427184466019417
0 0.26569858712715855 0.2569781553398058 0.03728414442700157 0.03762135922330097
0 0.2602040816326531 0.25546116504854366 0.04905808477237049 0.04065533980582524
0 0.3178963893249608 0.2515169902912621 0.06318681318681318 0.03640776699029126
0 0.3730376766091052 0.2503033980582524 0.03924646781789639 0.03155339805825243
0 0.4201334379905809 0.24605582524271843 0.0423861852433281 0.025485436893203883
0 0.46722919937205654 0.24544902912621358 0.047880690737833596 0.02669902912621359
0 0.2437205651491366 0.2870145631067961 0.044348508634222926 0.035800970873786406
0 0.28571428571428575 0.2779126213592233 0.03257456828885401 0.027305825242718445
0 0.3777472527472528 0.28428398058252424 0.05023547880690738 0.03155339805825243
0 0.1925039246467818 0.30430825242718446 0.03610675039246468 0.03519417475728155
0 0.2525510204081633 0.3076456310679611 0.023547880690737835 0.02487864077669903
0 0.2382260596546311 0.3112864077669903 0.05376766091051806 0.03216019417475728
0 0.29532967032967034 0.31219660194174753 0.0620094191522763 0.03398058252427184
0 0.37637362637362637 0.3088592233009708 0.052982731554160126 0.026092233009708737
0 0.3671507064364207 0.3085558252427184 0.07378335949764521 0.029126213592233007
0 0.4330847723704867 0.3079490291262136 0.05180533751962324 0.03519417475728155
0 0.4748822605965463 0.30309466019417475 0.024725274725274728 0.023058252427184463
0 0.18975667189952905 0.33343446601941745 0.022762951334379906 0.032766990291262135
0 0.2260596546310832 0.3376820388349514 0.04513343799058085 0.03155339805825243
0 0.26785714285714285 0.3407160194174757 0.036891679748822605 0.030339805825242715
0 0.30062794348508637 0.3391990291262136 0.02786499215070644 0.027305825242718445
0 0.32751177394034536 0.33586165048543687 0.02119309262166405 0.030339805825242715
0 0.35733908948194665 0.3364684466019417 0.030612244897959186 0.03155339805825243
0 0.3840266875981162 0.3376820388349514 0.026687598116169546 0.03155339805825243
0 0.41817111459968603 0.33586165048543687 0.05023547880690738 0.03519417475728155
0 0.47390109890109894 0.33040048543689315 0.03924646781789639 0.021844660194174755
0 0.4687990580847724 0.33373786407766987 0.05102040816326531 0.035800970873786406
0 0.1948587127158556 0.3619538834951456 0.030612244897959186 0.02669902912621359
0 0.23783359497645212 0.3674150485436893 0.05376766091051806 0.0424757281553398
0 0.30514128728414447 0.36802184466019416 0.07849293563579278 0.03398058252427184
0 0.3606750392464678 0.3662014563106796 0.025510204081632654 0.023058252427184463
0 0.39305337519623235 0.3683252427184466 0.05023547880690738 0.04429611650485436
0 0.45525902668759816 0.3589199029126213 0.07260596546310832 0.03519417475728155
0 0.2001569858712716 0.3974514563106796 0.03100470957613815 0.03822815533980582
0 0.19328885400313972 0.39836165048543687 0.04552590266875981 0.038834951456310676
0 0.2384222919937206 0.4010922330097087 0.03924646781789639 0.04186893203883495
0 0.29532967032967034 0.39593446601941745 0.033751962323390894 0.02669902912621359
0 0.34654631083202514 0.39593446601941745 0.06946624803767662 0.02669902912621359
0 0.4114992150706437 0.39168689320388345 0.02433281004709576 0.01699029126213592
0 0.4046310832025118 0.3898665048543689 0.04042386185243328 0.02427184466019417
0 0.4582025117739404 0.38137135922330095 0.06357927786499215 0.03398058252427184
0 0.1968210361067504 0.42202669902912615 0.03453689167974883 0.023058252427184463
0 0.23018053375196235 0.42475728155339804 0.03532182103610675 0.020024271844660192
0 0.26138147566718994 0.429004854368932 0.028649921507064365 0.028519417475728153
0 0.309850863422292 0.4214199029126213 0.04395604395604396 0.029126213592233007
0 0.30298273155416017 0.4211165048543689 0.05533751962323391 0.03094660194174757
0 0.3873626373626374 0.4189927184466019 0.022370486656200943 0.019417475728155338
0 0.37048665620094196 0.4171723300970873 0.05533751962323391 0.032766990291262135
0 0.4309262166405024 0.4171723300970873 0.057692307692307696 0.03640776699029126
0 0.19525117739403455 0.45297330097087374 0.03767660910518054 0.032766990291262135
0 0.23135792778649922 0.45479368932038833 0.031397174254317116 0.02427184466019417
0 0.2753139717425432 0.45782766990291257 0.05337519623233909 0.032766990291262135
0 0.32554945054945056 0.45873786407766987 0.05416012558869702 0.04065533980582524
0 0.38912872841444274 0.45418689320388345 0.04866562009419152 0.03762135922330097
0 0.4362244897959184 0.44387135922330095 0.0423861852433281 0.02669902912621359
0 0.47821821036106754 0.4447815533980582 0.02511773940345369 0.03216019417475728
0 0.2066326530612245 0.48543689320388345 0.05416012558869702 0.027305825242718445
0 0.26059654631083207 0.48422330097087374 0.04905808477237049 0.03337378640776699
0 0.33182888540031397 0.480885922330097 0.06907378335949765 0.030339805825242715
0 0.38088697017268447 0.48422330097087374 0.030612244897959186 0.02973300970873786
0 0.42955259026687603 0.4757281553398058 0.036891679748822605 0.03216019417475728
0 0.4175824175824176 0.4814927184466019 0.05847723704866562 0.046116504854368925
0 0.46919152276295134 0.47057038834951453 0.03453689167974883 0.02669902912621359
0 0.1979984301412873 0.5118325242718447 0.04003139717425432 0.03155339805825243
0 0.24941130298273156 0.5121359223300971 0.05808477237048666 0.03216019417475728
0 0.29532967032967034 0.5239684466019418 0.027472527472527476 0.03155339805825243
0 0.3304552590266876 0.5109223300970873 0.04356357927786499 0.028519417475728153
0 0.3665620094191523 0.5100121359223301 0.025510204081632654 0.020631067961165046
0 0.3991365777080063 0.5145631067961165 0.049843014128728415 0.04065533980582524
0 0.4411302982731554 0.5094053398058253 0.03885400313971743 0.038834951456310676
0 0.47605965463108324 0.5051577669902912 0.03885400313971743 0.03762135922330097
0 0.19603610675039249 0.5433859223300971 0.03610675039246468 0.02669902912621359
0 0.23645996860282575 0.5452063106796116 0.01883830455259027 0.021844660194174755
0 0.26569858712715855 0.5421723300970873 0.034929356357927786 0.0279126213592233
0 0.30003924646781793 0.5418689320388349 0.0282574568288854 0.017597087378640776
0 0.32319466248037676 0.5515776699029126 0.03218210361067504 0.035800970873786406
0 0.3895211930926217 0.5424757281553397 0.06907378335949765 0.04186893203883495
0 0.34870486656200944 0.5394417475728155 0.015698587127158558 0.0212378640776699
0 0.46507064364207223 0.5282160194174756 0.044348508634222926 0.03519417475728155
0 0.45624018838304553 0.5303398058252426 0.059654631083202514 0.0345873786407767
0 0.21938775510204084 0.576759708737864 0.0804552590266876 0.029126213592233007
0 0.2870879120879121 0.5731189320388349 0.047880690737833596 0.02669902912621359
0 0.3247645211930926 0.5813106796116504 0.03767660910518054 0.037014563106796114
0 0.4012951334379906 0.5661407766990291 0.04552590266875981 0.0212378640776699
0 0.36165620094191525 0.5709951456310679 0.03532182103610675 0.02487864077669903
0 0.46487441130298274 0.5661407766990291 0.05023547880690738 0.04186893203883495
0 0.45937990580847726 0.5652305825242718 0.06436420722135008 0.0424757281553398
0 0.18936420722135008 0.612257281553398 0.03924646781789639 0.03216019417475728
0 0.23489010989010992 0.6028519417475727 0.05494505494505495 0.025485436893203883
0 0.277276295133438 0.6037621359223301 0.026687598116169546 0.023665048543689317
0 0.32554945054945056 0.6004247572815533 0.04003139717425432 0.023058252427184463
0 0.37676609105180536 0.6040655339805825 0.07025117739403454 0.04126213592233009
0 0.4519230769230769 0.5989077669902912 0.08084772370486656 0.03944174757281553
0 0.2184065934065934 0.6359223300970873 0.07535321821036108 0.03337378640776699
0 0.2753139717425432 0.6425970873786407 0.04081632653061225 0.03944174757281553
0 0.3110282574568289 0.6350121359223301 0.031397174254317116 0.02427184466019417
0 0.3547880690737834 0.6328883495145631 0.05847723704866562 0.0491504854368932
0 0.4028649921507065 0.6319781553398057 0.0423861852433281 0.03519417475728155
0 0.45624018838304553 0.616504854368932 0.05337519623233909 0.026092233009708737
0 0.1925039246467818 0.6650485436893203 0.020408163265306124 0.018810679611650484
0 0.22704081632653061 0.6677791262135921 0.04866562009419152 0.038834951456310676
0 0.27452904238618525 0.6644417475728155 0.0423861852433281 0.023665048543689317
0 0.31063579277864994 0.6714199029126213 0.041601255886970175 0.04368932038834951
0 0.4036499215070644 0.6556432038834951 0.09419152276295134 0.03398058252427184
0 0.4699764521193093 0.6535194174757281 0.038461538461538464 0.04550970873786407
0 0.22095761381475668 0.6950849514563107 0.039638932496075356 0.025485436893203883
0 0.2097723704866562 0.6926577669902912 0.06122448979591837 0.0279126213592233
0 0.29984301412872844 0.6938713592233009 0.036499215070643645 0.0279126213592233
0 0.2845368916797488 0.6920509708737863 0.06554160125588697 0.02669902912621359
0 0.34870486656200944 0.6953883495145631 0.06593406593406594 0.03094660194174757
0 0.4069858712715856 0.6908373786407767 0.049843014128728415 0.03398058252427184
0 0.46585557299843017 0.6820388349514562 0.04277864992150707 0.020024271844660192
0 0.1925039246467818 0.7245145631067961 0.020408163265306124 0.026092233009708737
0 0.23332025117739405 0.7272451456310679 0.0565149136577708 0.03640776699029126
0 0.28120094191522765 0.7229975728155339 0.04081632653061225 0.0279126213592233
0 0.3282967032967033 0.7211771844660193 0.04866562009419152 0.03155339805825243
0 0.37146781789638933 0.7229975728155339 0.041601255886970175 0.038834951456310676
0 0.42523547880690743 0.7141990291262136 0.03532182103610675 0.0212378640776699
0 0.4177786499215071 0.7211771844660193 0.05180533751962324 0.03640776699029126
0 0.46585557299843017 0.7108616504854368 0.046703296703296704 0.032766990291262135
0 0.21919152276295134 0.7503033980582524 0.08320251177394035 0.032766990291262135
0 0.29336734693877553 0.7481796116504854 0.04003139717425432 0.03216019417475728
0 0.3958006279434851 0.7472694174757281 0.03924646781789639 0.020631067961165046
0 0.34438775510204084 0.7539441747572815 0.06514913657770802 0.03519417475728155
0 0.44662480376766095 0.7421116504854368 0.03257456828885401 0.020024271844660192
0 0.4729199372056515 0.7466626213592232 0.03257456828885401 0.03398058252427184
0 0.2184065934065934 0.7818567961165048 0.07692307692307693 0.029126213592233007
0 0.28296703296703296 0.7870145631067961 0.04591836734693878 0.03944174757281553
0 0.3396781789638933 0.7785194174757281 0.06671899529042387 0.02487864077669903
0 0.3958006279434851 0.7788228155339805 0.03924646781789639 0.023058252427184463
0 0.4266091051805338 0.7821601941747572 0.031789638932496075 0.04065533980582524
0 0.4666405023547881 0.7712378640776698 0.04827315541601256 0.02973300970873786
0 0.19996075353218212 0.8091626213592232 0.036891679748822605 0.03640776699029126
0 0.26589481946624804 0.8121966019417475 0.09183673469387756 0.029126213592233007
0 0.41620879120879123 0.8149271844660193 0.06122448979591837 0.043082524271844655
0 0.46134222919937207 0.7942961165048543 0.027472527472527476 0.026092233009708737
0 0.1948587127158556 0.8401092233009708 0.026687598116169546 0.03640776699029126
0 0.24823390894819466 0.8391990291262135 0.06436420722135008 0.026092233009708737
0 0.3353610675039247 0.8391990291262135 0.07221350078492936 0.02487864077669903
0 0.3263343799058085 0.8419296116504854 0.09105180533751962 0.030339805825242715
0 0.3918759811616955 0.8410194174757281 0.03532182103610675 0.017597087378640776
0 0.4240580847723705 0.8419296116504854 0.029827315541601257 0.03762135922330097
0 0.4558477237048666 0.8279733009708737 0.030612244897959186 0.021844660194174755
0 0.1979984301412873 0.8810679611650485 0.04552590266875981 0.043082524271844655
0 0.2690345368916798 0.8743932038834951 0.06828885400313972 0.04550970873786407
0 0.353414442700157 0.8683252427184466 0.0282574568288854 0.023665048543689317
0 0.3292778649921507 0.8695388349514562 0.021585557299843017 0.02245145631067961
0 0.4048273155416013 0.8668082524271844 0.06828885400313972 0.03155339805825243
0 0.41267660910518056 0.8674150485436892 0.05337519623233909 0.030339805825242715
0 0.472723704866562 0.8613470873786407 0.029827315541601257 0.025485436893203883
0 0.46350078492935637 0.8616504854368932 0.051412872841444274 0.02487864077669903
0 0.1970172684458399 0.9047330097087378 0.023940345368916798 0.027305825242718445
0 0.2405808477237049 0.9056432038834951 0.060832025117739406 0.02669902912621359
0 0.31043956043956045 0.9044296116504854 0.0521978021978022 0.0279126213592233
0 0.3689167974882261 0.9007888349514562 0.05690737833594977 0.02669902912621359
0 0.43171114599686033 0.9456917475728155 0.0003924646781789639 0.0
0 0.4786106750392465 0.8929004854368932 0.022762951334379906 0.01820388349514563
0 0.3505690737833595 0.8091626213592232 0.07437205651491366 0.04368932038834951
0 0.6049843014128728 0.09314320388349513 0.05416012558869702 0.03519417475728155
0 0.6620879120879122 0.10315533980582524 0.06554160125588697 0.03337378640776699
0 0.7290031397174255 0.09253640776699028 0.047880690737833596 0.0279126213592233
0 0.7923861852433282 0.09678398058252426 0.09144427001569859 0.04854368932038834
0 0.8742150706436421 0.09041262135922329 0.047880690737833596 0.03944174757281553
0 0.8685243328100472 0.08737864077669902 0.057692307692307696 0.03944174757281553
0 0.6077315541601256 0.12651699029126212 0.04552590266875981 0.03519417475728155
0 0.6438383045525903 0.12044902912621358 0.026687598116169546 0.0279126213592233
0 0.6768053375196232 0.12257281553398057 0.03296703296703297 0.0212378640776699
0 0.7195839874411304 0.12833737864077668 0.05180533751962324 0.04368932038834951
0 0.766287284144427 0.12985436893203883 0.04866562009419152 0.037014563106796114
0 0.8167189952904239 0.12226941747572814 0.05847723704866562 0.03640776699029126
0 0.5896781789638933 0.1532160194174757 0.031397174254317116 0.0279126213592233
0 0.6238226059654631 0.1544296116504854 0.03532182103610675 0.03762135922330097
0 0.6658163265306123 0.1544296116504854 0.04866562009419152 0.0279126213592233
0 0.7095761381475668 0.154126213592233 0.03728414442700157 0.02487864077669903
0 0.7737441130298274 0.15078883495145629 0.0847723704866562 0.029126213592233007
0 0.8610675039246468 0.14684466019417475 0.06828885400313972 0.03519417475728155
0 0.5916405023547882 0.18234223300970873 0.03453689167974883 0.02669902912621359
0 0.6198979591836735 0.18082524271844658 0.019623233908948195 0.0212378640776699
0 0.6605180533751963 0.1844660194174757 0.06789638932496075 0.02973300970873786
0 0.7388147566718996 0.1799150485436893 0.07378335949764521 0.029126213592233007
0 0.7955259026687599 0.17809466019417475 0.039638932496075356 0.021844660194174755
0 0.8557692307692308 0.18052184466019416 0.08791208791208792 0.046116504854368925
0 0.5841836734693878 0.2099514563106796 0.02197802197802198 0.0212378640776699
0 0.6571821036106751 0.21268203883495143 0.11538461538461539 0.0424757281553398
0 0.7639324960753533 0.21601941747572814 0.09890109890109891 0.037014563106796114
0 0.8463500784929356 0.20722087378640774 0.06279434850863423 0.03155339805825243
0 0.5908555729984302 0.23422330097087377 0.030612244897959186 0.027305825242718445
0 0.6277472527472527 0.24150485436893201 0.049450549450549455 0.026092233009708737
0 0.6985871271585558 0.24089805825242716 0.04356357927786499 0.026092233009708737
0 0.6872056514913658 0.24302184466019416 0.06475667189952905 0.0279126213592233
0 0.7629513343799058 0.2390776699029126 0.06397174254317112 0.02245145631067961
0 0.8192700156985872 0.24635922330097085 0.04866562009419152 0.037014563106796114
0 0.8714678178963894 0.2333131067961165 0.05337519623233909 0.025485436893203883
0 0.5867346938775511 0.2648665048543689 0.029434850863422294 0.0279126213592233
0 0.6183281004709577 0.2682038834951456 0.02904238618524333 0.02245145631067961
0 0.6709183673469388 0.27427184466019416 0.07221350078492936 0.028519417475728153
0 0.7604003139717426 0.27032766990291257 0.09497645211930927 0.03155339805825243
0 0.8526295133437991 0.2630461165048543 0.0847723704866562 0.03640776699029126
0 0.5869309262166406 0.29763349514563103 0.022762951334379906 0.023058252427184463
0 0.6391287284144428 0.30309466019417475 0.05023547880690738 0.03398058252427184
0 0.6320643642072213 0.30218446601941745 0.06436420722135008 0.037014563106796114
0 0.702315541601256 0.29884708737864074 0.06514913657770802 0.029126213592233007
0 0.7639324960753533 0.2970266990291262 0.03296703296703297 0.021844660194174755
0 0.8188775510204082 0.2930825242718446 0.06750392464678179 0.02487864077669903
0 0.8775510204081634 0.2927791262135922 0.04277864992150707 0.03519417475728155
0 0.5937990580847724 0.3273665048543689 0.0380690737833595 0.02427184466019417
0 0.6401098901098902 0.3285800970873786 0.026295133437990583 0.021844660194174755
0 0.6885792778649922 0.32888349514563103 0.07221350078492936 0.026092233009708737
0 0.7768838304552591 0.32918689320388345 0.10675039246467818 0.04126213592233009
0 0.8651883830455259 0.3182645631067961 0.06907378335949765 0.0279126213592233
0 0.6512951334379906 0.36316747572815533 0.10361067503924648 0.0424757281553398
0 0.5873233908948196 0.36347087378640774 0.03532182103610675 0.03337378640776699
0 0.7480376766091053 0.3537621359223301 0.0890894819466248 0.02973300970873786
0 0.8247645211930926 0.3552791262135922 0.04081632653061225 0.038834951456310676
0 0.8728414442700158 0.34678398058252424 0.05690737833594977 0.032766990291262135
0 0.625 0.3919902912621359 0.08084772370486656 0.035800970873786406
0 0.7017268445839875 0.39532766990291257 0.07810047095761381 0.0424757281553398
0 0.7735478806907379 0.3847087378640776 0.05847723704866562 0.027305825242718445
0 0.8510596546310832 0.38015776699029125 0.08948194662480377 0.02669902912621359
0 0.6002747252747254 0.4171723300970873 0.04709576138147567 0.030339805825242715
0 0.6673861852433282 0.4211165048543689 0.06122448979591837 0.027305825242718445
0 0.728414442700157 0.4156553398058252 0.06004709576138148 0.028519417475728153
0 0.7872841444270016 0.42202669902912615 0.05533751962323391 0.0424757281553398
0 0.84850863422292 0.40807038834951453 0.06475667189952905 0.0279126213592233
0 0.8914835164835165 0.4010922330097087 0.01883830455259027 0.02245145631067961
0 0.6059654631083203 0.4478155339805825 0.0663265306122449 0.027305825242718445
0 0.6703296703296704 0.4505461165048543 0.05690737833594977 0.02427184466019417
0 0.7403846153846154 0.44387135922330095 0.08241758241758242 0.032766990291262135
0 0.8192700156985872 0.44205097087378636 0.046310832025117744 0.029126213592233007
0 0.8714678178963894 0.43841019417475724 0.05572998430141288 0.02427184466019417
0 0.6175431711145998 0.4799757281553398 0.09105180533751962 0.0345873786407767
0 0.67425431711146 0.47542475728155337 0.020800627943485087 0.030339805825242715
0 0.6960361067503925 0.48756067961165045 0.03453689167974883 0.040048543689320384
0 0.7223312401883831 0.4772451456310679 0.01805337519623234 0.029126213592233007
0 0.766287284144427 0.4881674757281553 0.08869701726844585 0.03640776699029126
0 0.8500784929356359 0.4769417475728155 0.05612244897959184 0.043082524271844655
0 0.5900706436420723 0.5112257281553397 0.031397174254317116 0.0279126213592233
0 0.6444270015698588 0.5112257281553397 0.07103610675039247 0.030339805825242715
0 0.6976059654631084 0.5224514563106796 0.03767660910518054 0.03216019417475728
0 0.7313579277864992 0.5109223300970873 0.0282574568288854 0.027305825242718445
0 0.7812009419152277 0.5100121359223301 0.06671899529042387 0.02669902912621359
0 0.8361459968602826 0.5057645631067961 0.03767660910518054 0.02669902912621359
0 0.8685243328100472 0.5003033980582524 0.028649921507064365 0.021844660194174755
0 0.5963500784929356 0.5439927184466019 0.03767660910518054 0.023058252427184463
0 0.6669937205651492 0.5488470873786407 0.09419152276295134 0.046116504854368925
0 0.7362637362637363 0.5412621359223301 0.04356357927786499 0.027305825242718445
0 0.7976844583987441 0.5409587378640777 0.049450549450549455 0.03155339805825243
0 0.8388932496075354 0.5364077669902912 0.03296703296703297 0.02245145631067961
0 0.8769623233908949 0.5385315533980582 0.03924646781789639 0.03640776699029126
0 0.6065541601255887 0.5731189320388349 0.029827315541601257 0.025485436893203883
0 0.6389324960753533 0.5764563106796116 0.03414442700156986 0.023665048543689317
0 0.6717032967032968 0.5740291262135921 0.02511773940345369 0.028519417475728153
0 0.7040816326530612 0.5785800970873786 0.04199372056514914 0.02669902912621359
0 0.767072213500785 0.5782766990291262 0.08006279434850865 0.028519417475728153
0 0.8471350078492936 0.5676577669902912 0.076138147566719 0.02669902912621359
0 0.5947802197802198 0.6058859223300971 0.03453689167974883 0.025485436893203883
0 0.6410910518053375 0.6089199029126213 0.0565149136577708 0.02669902912621359
0 0.6936813186813188 0.6137742718446602 0.04395604395604396 0.03155339805825243
0 0.756083202511774 0.6064927184466019 0.05494505494505495 0.0279126213592233
0 0.7462715855572999 0.6070995145631067 0.03296703296703297 0.021844660194174755
0 0.8129905808477238 0.6004247572815533 0.05023547880690738 0.029126213592233007
0 0.8675431711145998 0.6067961165048543 0.06828885400313972 0.035800970873786406
0 0.598116169544741 0.6386529126213591 0.04356357927786499 0.021844660194174755
0 0.6432496075353219 0.6404733009708737 0.04591836734693878 0.02669902912621359
0 0.707221350078493 0.6432038834951456 0.0521978021978022 0.03216019417475728
0 0.7739403453689169 0.6383495145631067 0.07496075353218211 0.03094660194174757
0 0.8530219780219781 0.6295509708737863 0.08006279434850865 0.032766990291262135
0 0.604199372056515 0.6774878640776698 0.04395604395604396 0.03155339805825243
0 0.6043956043956045 0.6780946601941747 0.04356357927786499 0.0279126213592233
0 0.6638540031397174 0.6671723300970873 0.06907378335949765 0.032766990291262135
0 0.7472527472527473 0.6720266990291262 0.02786499215070644 0.020631067961165046
0 0.7364599686028258 0.6714199029126213 0.052590266875981166 0.029126213592233007
0 0.8124018838304553 0.6653519417475727 0.033359497645211934 0.021844660194174755
0 0.8685243328100472 0.6644417475728155 0.06004709576138148 0.04429611650485436
0 0.8687205651491366 0.6683859223300971 0.06985871271585557 0.0424757281553398
0 0.5914442700156987 0.6999393203883495 0.023940345368916798 0.023058252427184463
0 0.631475667189953 0.7105582524271844 0.06868131868131869 0.03944174757281553
0 0.6930926216640503 0.6987257281553397 0.04827315541601256 0.023058252427184463
0 0.744309262166405 0.7093446601941747 0.05572998430141288 0.03944174757281553
0 0.8161302982731554 0.6920509708737863 0.08634222919937207 0.02427184466019417
0 0.8797095761381476 0.6841626213592232 0.03924646781789639 0.030339805825242715
0 0.6022370486656201 0.7290655339805825 0.052590266875981166 0.0279126213592233
0 0.679552590266876 0.739381067961165 0.07535321821036108 0.04854368932038834
0 0.7358712715855573 0.7263349514563107 0.036499215070643645 0.023665048543689317
0 0.8149529042386185 0.7296723300970873 0.09497645211930927 0.04854368932038834
0 0.7676609105180534 0.8795509708737863 0.0003924646781789639 0.0012135922330097086
0 0.5894819466248038 0.7691140776699028 0.044348508634222926 0.03762135922330097
0 0.6512951334379906 0.768507281553398 0.05337519623233909 0.03155339805825243
0 0.7321428571428572 0.7688106796116504 0.06122448979591837 0.03944174757281553
0 0.7217425431711146 0.7688106796116504 0.0804552590266876 0.03944174757281553
0 0.8047488226059655 0.7612257281553397 0.0847723704866562 0.040048543689320384
0 0.8596938775510204 0.7466626213592232 0.033751962323390894 0.02427184466019417
0 0.5990973312401884 0.7952063106796116 0.05180533751962324 0.03155339805825243
0 0.6726844583987441 0.7945995145631067 0.08516483516483517 0.0279126213592233
0 0.7505886970172685 0.8012742718446602 0.076138147566719 0.038834951456310676
0 0.8345761381475668 0.7851941747572815 0.06671899529042387 0.027305825242718445
0 0.8257456828885401 0.7961165048543689 0.08124018838304553 0.043082524271844655
0 0.5987048665620095 0.8261529126213591 0.0423861852433281 0.025485436893203883
0 0.6524725274725275 0.8261529126213591 0.033751962323390894 0.02669902912621359
0 0.6442307692307693 0.8340412621359222 0.04866562009419152 0.038834951456310676
0 0.6944662480376766 0.8300970873786407 0.04552590266875981 0.04429611650485436
0 0.7003532182103611 0.8328276699029126 0.03532182103610675 0.03640776699029126
0 0.7580455259026688 0.8219053398058251 0.04709576138147567 0.02427184466019417
0 0.7490188383045526 0.8234223300970873 0.06593406593406594 0.026092233009708737
0 0.8108320251177394 0.8188713592233009 0.04591836734693878 0.025485436893203883
0 0.6089089481946626 0.8543689320388349 0.059654631083202514 0.03337378640776699
0 0.6838697017268446 0.8567961165048543 0.05494505494505495 0.02487864077669903
0 0.7521585557299844 0.8528519417475727 0.03453689167974883 0.023058252427184463
0 0.8016091051805339 0.855885922330097 0.06122448979591837 0.038834951456310676
0 0.6556122448979592 0.8889563106796116 0.06357927786499215 0.026092233009708737
0 0.7103610675039247 0.8862257281553397 0.03885400313971743 0.019417475728155338
0 0.5955651491365778 0.9214199029126213 0.03767660910518054 0.029126213592233007
0 0.6501177394034537 0.9192961165048543 0.043171114599686033 0.02487864077669903
0 0.7148744113029828 0.9171723300970873 0.033751962323390894 0.02427184466019417
