0 0.08516483516483517 0.08282766990291261 0.04827315541601256 0.025485436893203883
0 0.07025117739403454 0.10694781553398057 0.024725274725274728 0.01608009708737864
0 0.13108320251177394 0.10467233009708737 0.03021978021978022 0.017597087378640776
0 0.07280219780219781 0.12302791262135922 0.02904238618524333 0.01486650485436893
0 0.17876766091051807 0.0772148058252427 0.06868131868131869 0.05491504854368932
0 0.2782574568288854 0.08055218446601942 0.09065934065934067 0.025182038834951456
0 0.36175431711146 0.08419296116504854 0.03787284144427002 0.014259708737864077
0 0.4143445839874412 0.07797330097087378 0.06259811616954475 0.02427184466019417
0 0.16777864992150707 0.12742718446601942 0.03571428571428572 0.030339805825242715
0 0.21438383045525905 0.11771844660194174 0.0445447409733124 0.023058252427184463
0 0.2722723704866562 0.11969053398058252 0.07201726844583987 0.0391383495145631
0 0.39109105180533754 0.11256067961165048 0.09183673469387756 0.04186893203883495
0 0.16797488226059656 0.15078883495145629 0.03296703296703297 0.020024271844660192
0 0.22439167974882263 0.15837378640776698 0.08496860282574568 0.04126213592233009
0 0.3125 0.15625 0.08928571428571429 0.037014563106796114
0 0.3770604395604396 0.1462378640776699 0.05121664050235479 0.04126213592233009
0 0.4337715855572999 0.13880461165048544 0.048861852433281006 0.022754854368932036
0 0.17131083202511774 0.18628640776699026 0.03885400313971743 0.016383495145631068
0 0.2854199372056515 0.17672936893203883 0.032378335949764525 0.01729368932038835
0 0.33182888540031397 0.1721783980582524 0.052590266875981166 0.029429611650485434
0 0.38755886970172687 0.16611043689320387 0.052982731554160126 0.028216019417475726
0 0.4424058084772371 0.16155946601941745 0.04807692307692308 0.026395631067961164
0 0.19377943485086344 0.21025485436893201 0.06377551020408163 0.0279126213592233
0 0.258339874411303 0.20722087378640774 0.06063579277864992 0.023665048543689317
0 0.3317307692307693 0.1999393203883495 0.08025902668759811 0.028519417475728153
0 0.3936420722135008 0.19811893203883493 0.043171114599686033 0.020024271844660192
0 0.4461342229199372 0.19250606796116504 0.061420722135007856 0.027002427184466018
0 0.19152276295133439 0.25379247572815533 0.036891679748822605 0.031856796116504854
0 0.2915031397174255 0.2378640776699029 0.03865777080062795 0.029126213592233007
0 0.34065934065934067 0.24362864077669902 0.054552590266875985 0.03398058252427184
0 0.39560439560439564 0.23513349514563106 0.054552590266875985 0.038834951456310676
0 0.17150706436420723 0.27639563106796117 0.033359497645211934 0.015776699029126214
0 0.20653453689167975 0.27427184466019416 0.032378335949764525 0.023058252427184463
0 0.31583594976452123 0.26744538834951453 0.04925431711145997 0.022754854368932036
0 0.4190541601255887 0.25394417475728154 0.09674254317111461 0.03519417475728155
0 0.18906985871271587 0.30248786407766987 0.07554945054945056 0.027305825242718445
0 0.2600078492935636 0.2993021844660194 0.062401883830455265 0.02578883495145631
0 0.307201726844584 0.2950546116504854 0.03002354788069074 0.02882281553398058
0 0.4249411302982732 0.28974514563106796 0.09360282574568289 0.03640776699029126
0 0.2034929356357928 0.3419296116504854 0.10204081632653061 0.03640776699029126
0 0.29591836734693877 0.33161407766990286 0.07182103610675039 0.025485436893203883
0 0.3782378335949765 0.33328276699029125 0.0837912087912088 0.04156553398058252
0 0.4372056514913658 0.3285800970873786 0.051412872841444274 0.037014563106796114
0 0.17180141287284145 0.3713592233009708 0.03708791208791209 0.019417475728155338
0 0.2229199372056515 0.3699939320388349 0.05886970172684459 0.020934466019417473
0 0.2712912087912088 0.3745449029126213 0.03198587127158556 0.03003640776699029
0 0.3025902668759812 0.3598300970873786 0.028649921507064365 0.021844660194174755
0 0.348116169544741 0.36104368932038833 0.05886970172684459 0.02973300970873786
0 0.41483516483516486 0.36165048543689315 0.0565149136577708 0.0424757281553398
0 0.17248822605965464 0.40503640776699024 0.04591836734693878 0.04793689320388349
0 0.217425431711146 0.39381067961165045 0.04199372056514914 0.025485436893203883
0 0.2577511773940345 0.4042779126213592 0.03983516483516484 0.03246359223300971
0 0.31563971742543173 0.4009405339805825 0.08536106750392465 0.03610436893203883
0 0.383339874411303 0.39229368932038833 0.03865777080062795 0.0279126213592233
0 0.42680533751962324 0.3831917475728155 0.03767660910518054 0.019417475728155338
0 0.4630102040816327 0.3822815533980582 0.03355572998430142 0.014563106796116504
0 0.19093406593406595 0.4297633495145631 0.06828885400313972 0.034890776699029125
0 0.2657967032967033 0.42748786407766987 0.07437205651491366 0.030339805825242715
0 0.3418367346938776 0.4191444174757281 0.07339089481946626 0.027002427184466018
0 0.3993328100470958 0.4302184466019417 0.05729984301412873 0.043082524271844655
0 0.1858320251177394 0.4641990291262135 0.06475667189952905 0.038834951456310676
0 0.2534340659340659 0.4523665048543689 0.06691522762951335 0.02669902912621359
0 0.30631868131868134 0.4605582524271844 0.036891679748822605 0.035800970873786406
0 0.3852040816326531 0.4502427184466019 0.0521978021978022 0.019417475728155338
0 0.4275902668759812 0.4459951456310679 0.03021978021978022 0.018810679611650484
0 0.17082025117739405 0.4933252427184466 0.030808477237048666 0.017597087378640776
0 0.21134222919937207 0.4901395631067961 0.04905808477237049 0.017900485436893203
0 0.24960753532182106 0.48513349514563103 0.026687598116169546 0.025485436893203883
0 0.31976059654631084 0.48452669902912615 0.047291993720565154 0.01699029126213592
0 0.3572409733124019 0.49074635922330095 0.03669544740973313 0.034890776699029125
0 0.39305337519623235 0.48558859223300965 0.041601255886970175 0.0391383495145631
0 0.43730376766091056 0.4761832524271844 0.060243328100470964 0.050060679611650484
0 0.19603610675039249 0.5276092233009708 0.07653061224489796 0.03337378640776699
0 0.25804552590266877 0.5162317961165048 0.04120879120879121 0.030643203883495142
0 0.29699764521193095 0.5106189320388349 0.03002354788069074 0.029126213592233007
0 0.3326138147566719 0.5075849514563107 0.03571428571428572 0.02487864077669903
0 0.4032574568288854 0.5119842233009708 0.06436420722135008 0.03549757281553398
0 0.45408163265306123 0.4980279126213592 0.03532182103610675 0.02578883495145631
0 0.17003532182103612 0.5617415048543689 0.04101255886970173 0.034890776699029125
0 0.2162480376766091 0.5499089805825242 0.04591836734693878 0.03246359223300971
0 0.29101255886970173 0.5515776699029126 0.09772370486656201 0.04186893203883495
0 0.37696232339089486 0.5412621359223301 0.06279434850863423 0.04854368932038834
0 0.43926609105180536 0.5307949029126213 0.05788854003139718 0.021541262135922327
0 0.1750392464678179 0.5750910194174756 0.031397174254317116 0.02336165048543689
0 0.20790816326530615 0.5858616504854368 0.03708791208791209 0.03094660194174757
0 0.2485282574568289 0.5720570388349514 0.0402276295133438 0.02336165048543689
0 0.32967032967032966 0.5772148058252426 0.060832025117739406 0.034890776699029125
0 0.3976648351648352 0.5600728155339806 0.07083987441130299 0.027305825242718445
0 0.4547684458398744 0.5556735436893203 0.03983516483516484 0.027002427184466018
0 0.2004513343799058 0.6149878640776698 0.09321036106750392 0.0345873786407767
0 0.30043171114599687 0.6155946601941747 0.11734693877551021 0.04368932038834951
0 0.38441915227629514 0.5884405339805825 0.047880690737833596 0.03003640776699029
0 0.4280808477237049 0.587378640776699 0.03512558869701727 0.0212378640776699
0 0.20535714285714288 0.6327366504854368 0.09203296703296704 0.0245752427184466
0 0.30180533751962324 0.6315230582524272 0.06514913657770802 0.0245752427184466
0 0.35370879120879123 0.6383495145631067 0.0500392464678179 0.0424757281553398
0 0.3994309262166405 0.6219660194174756 0.037480376766091054 0.021844660194174755
0 0.43386970172684464 0.6154429611650485 0.03100470957613815 0.02336165048543689
0 0.17680533751962324 0.6743021844660193 0.04513343799058085 0.031856796116504854
0 0.22321428571428573 0.6603458737864077 0.043759811616954476 0.02578883495145631
0 0.2774725274725275 0.6601941747572815 0.0620094191522763 0.023665048543689317
0 0.34321036106750397 0.6603458737864077 0.06279434850863423 0.02578883495145631
0 0.4059065934065934 0.6538228155339805 0.06534536891679749 0.03944174757281553
0 0.4578100470957614 0.6533677184466019 0.03571428571428572 0.03428398058252427
0 0.24931318681318682 0.6926577669902912 0.09164050235478807 0.02669902912621359
0 0.3427197802197802 0.6855279126213591 0.09046310832025119 0.03003640776699029
0 0.4321036106750393 0.6755157766990291 0.07260596546310832 0.030643203883495142
0 0.19780219780219782 0.7220873786407767 0.07574568288854004 0.03094660194174757
0 0.2547095761381476 0.719508495145631 0.0282574568288854 0.0245752427184466
0 0.28031789638932497 0.7189016990291262 0.02295918367346939 0.02578883495145631
0 0.3083791208791209 0.7175364077669902 0.02923861852433281 0.018810679611650484
0 0.3803963893249608 0.7122269417475727 0.06613029827315542 0.02882281553398058
0 0.44495682888540034 0.7164745145631067 0.06338304552590267 0.0391383495145631
0 0.16964285714285715 0.764259708737864 0.042189952904238624 0.04126213592233009
0 0.21173469387755103 0.7513652912621358 0.03257456828885401 0.019720873786407765
0 0.2899332810047096 0.7481796116504854 0.06730769230769232 0.020631067961165046
0 0.3484105180533752 0.7416565533980581 0.04179748822605966 0.02578883495145631
0 0.3852040816326531 0.7387742718446602 0.03218210361067504 0.027305825242718445
0 0.4376962323390895 0.7352851941747572 0.06691522762951335 0.026395631067961164
0 0.18897174254317112 0.7792779126213591 0.0565149136577708 0.028216019417475726
0 0.25333594976452123 0.7773058252427184 0.04277864992150707 0.026092233009708737
0 0.31259811616954475 0.7735133495145631 0.06985871271585557 0.027609223300970872
0 0.37421507064364207 0.7686589805825242 0.0521978021978022 0.031856796116504854
0 0.4441718995290424 0.7718446601941746 0.07515698587127159 0.03216019417475728
0 0.19868524332810047 0.8108313106796116 0.02806122448979592 0.02032766990291262
0 0.26520800627943486 0.8167475728155339 0.09007064364207222 0.03822815533980582
0 0.337519623233909 0.813258495145631 0.060832025117739406 0.04763349514563106
0 0.4227825745682889 0.808252427184466 0.11754317111459969 0.04126213592233009
0 0.19937205651491366 0.8390473300970873 0.07456828885400314 0.027002427184466018
0 0.2577511773940345 0.8372269417475727 0.04415227629513344 0.027002427184466018
0 0.31456043956043955 0.8399575242718446 0.06436420722135008 0.019720873786407765
0 0.37117346938775514 0.8360133495145631 0.03159340659340659 0.01729368932038835
0 0.41267660910518056 0.8317657766990291 0.04552590266875981 0.03610436893203883
0 0.18789246467817897 0.8777305825242717 0.050431711145996864 0.017597087378640776
0 0.2298861852433281 0.868628640776699 0.032378335949764525 0.028519417475728153
0 0.25892857142857145 0.868628640776699 0.025313971742543174 0.028519417475728153
0 0.3444858712715856 0.8753033980582523 0.06495290423861853 0.040048543689320384
0 0.42199764521193095 0.855127427184466 0.08418367346938777 0.031856796116504854
0 0.17140894819466249 0.9029126213592232 0.02413657770800628 0.030339805825242715
0 0.19976452119309263 0.9054915048543688 0.031789638932496075 0.027609223300970872
0 0.23086734693877553 0.9141383495145631 0.03708791208791209 0.04490291262135922
0 0.29248430141287285 0.9077669902912621 0.03865777080062795 0.01699029126213592
0 0.3337912087912088 0.914896844660194 0.052982731554160126 0.04277912621359223
0 0.39609497645211933 0.8947208737864077 0.06377551020408163 0.03640776699029126
0 0.4538854003139718 0.8880461165048543 0.05023547880690738 0.029126213592233007
0 0.6167582417582418 0.08798543689320387 0.05729984301412873 0.04186893203883495
0 0.7555926216640503 0.08388956310679611 0.06691522762951335 0.0245752427184466
0 0.82388147566719 0.0849514563106796 0.06573783359497645 0.02427184466019417
0 0.8692111459968603 0.08798543689320387 0.022566718995290426 0.0424757281553398
0 0.9020800627943486 0.09466019417475727 0.04199372056514914 0.03337378640776699
0 0.645506279434851 0.1195388349514563 0.059850863422292 0.03216019417475728
0 0.7172291993720565 0.11938713592233009 0.07849293563579278 0.03731796116504854
0 0.7945447409733124 0.11529126213592232 0.07535321821036108 0.032766990291262135
0 0.878434065934066 0.12075242718446601 0.08928571428571429 0.04672330097087378
0 0.6194073783359498 0.13455703883495143 0.04611459968602826 0.02336165048543689
0 0.680337519623234 0.14563106796116504 0.07142857142857144 0.0279126213592233
0 0.7502943485086343 0.14836165048543687 0.06730769230769232 0.04065533980582524
0 0.8124018838304553 0.14168689320388347 0.05533751962323391 0.027305825242718445
0 0.8513540031397174 0.14199029126213591 0.020604395604395604 0.020024271844660192
0 0.8934458398744114 0.14790655339805825 0.05847723704866562 0.03428398058252427
0 0.628041601255887 0.16520024271844658 0.06534536891679749 0.019720873786407765
0 0.6808281004709577 0.16838592233009708 0.03316326530612245 0.01820388349514563
0 0.7129120879120879 0.18067354368932037 0.039638932496075356 0.030643203883495142
0 0.7641287284144428 0.17521237864077668 0.060832025117739406 0.02214805825242718
0 0.8509615384615385 0.1788531553398058 0.07476452119309263 0.030643203883495142
0 0.9105180533751963 0.1711165048543689 0.03571428571428572 0.020024271844660192
0 0.6203885400313972 0.1955400485436893 0.05278649921507065 0.027609223300970872
0 0.6739599686028258 0.19842233009708737 0.050824175824175824 0.025485436893203883
0 0.7455847723704867 0.19918082524271843 0.024529042386185244 0.019720873786407765
0 0.7822802197802198 0.20191140776699026 0.0402276295133438 0.021541262135922327
0 0.8242739403453689 0.21055825242718446 0.03473312401883831 0.02427184466019417
0 0.8675431711145998 0.2020631067961165 0.04552590266875981 0.01820388349514563
0 0.9076726844583988 0.19614684466019416 0.0260989010989011 0.02578883495145631
0 0.604591836734694 0.21920509708737862 0.025510204081632654 0.026395631067961164
0 0.6520800627943485 0.23498179611650483 0.0773155416012559 0.03974514563106796
0 0.7291012558869702 0.23968446601941745 0.08575353218210362 0.035800970873786406
0 0.8276098901098902 0.23088592233009705 0.059850863422292 0.027305825242718445
0 0.8921703296703297 0.22861043689320387 0.06652276295133439 0.022754854368932036
0 0.6501177394034537 0.25834344660194175 0.0423861852433281 0.022754854368932036
0 0.6967229199372057 0.2610740291262136 0.04768445839874411 0.026395631067961164
0 0.7460753532182104 0.26790048543689315 0.04905808477237049 0.029126213592233007
0 0.8209379905808478 0.263501213592233 0.0912480376766091 0.03549757281553398
0 0.6324568288854003 0.2927791262135922 0.08320251177394035 0.040048543689320384
0 0.6874018838304553 0.30233616504854366 0.0380690737833595 0.03307038834951456
0 0.7542189952904239 0.29111043689320387 0.09478021978021979 0.030643203883495142
0 0.8199568288854003 0.2918689320388349 0.03002354788069074 0.015169902912621358
0 0.8558673469387755 0.294751213592233 0.0402276295133438 0.03610436893203883
0 0.9028649921507065 0.28413228155339804 0.04081632653061225 0.023968446601941744
0 0.6236263736263736 0.31356189320388345 0.0663265306122449 0.02578883495145631
0 0.715561224489796 0.3249393203883495 0.09007064364207222 0.043082524271844655
0 0.7792386185243328 0.33358616504854366 0.039638932496075356 0.034890776699029125
0 0.8249607535321821 0.3206917475728155 0.04905808477237049 0.03519417475728155
0 0.896585557299843 0.31416868932038833 0.05376766091051806 0.025182038834951456
0 0.6727825745682889 0.3527002427184466 0.04415227629513344 0.03853155339805825
0 0.7265502354788069 0.3548240291262136 0.03669544740973313 0.021541262135922327
0 0.7700156985871272 0.3583131067961165 0.06397174254317112 0.040048543689320384
0 0.8658751962323391 0.34905946601941745 0.12225274725274726 0.048847087378640776
0 0.6211734693877551 0.37803398058252424 0.05631868131868132 0.0212378640776699
0 0.6655219780219781 0.38819781553398053 0.037480376766091054 0.033677184466019416
0 0.7333202511773941 0.37924757281553395 0.05023547880690738 0.027305825242718445
0 0.7862048665620095 0.37939927184466016 0.050824175824175824 0.02032766990291262
0 0.8334968602825746 0.3819781553398058 0.03865777080062795 0.03762135922330097
0 0.9021781789638933 0.3753033980582524 0.042582417582417584 0.01699029126213592
0 0.6305926216640503 0.40609830097087374 0.08496860282574568 0.031856796116504854
0 0.6946624803767661 0.40837378640776695 0.033751962323390894 0.027305825242718445
0 0.7501962323390895 0.4171723300970873 0.07378335949764521 0.037014563106796114
0 0.8115188383045526 0.40822208737864074 0.040620094191522765 0.02336165048543689
0 0.848116169544741 0.40928398058252424 0.028649921507064365 0.01820388349514563
0 0.8929552590266876 0.4056432038834951 0.060243328100470964 0.027305825242718445
0 0.6343210361067504 0.43992718446601936 0.06377551020408163 0.0212378640776699
0 0.6912284144427002 0.43932038834951453 0.04179748822605966 0.026092233009708737
0 0.7508830455259027 0.4503944174757281 0.0684850863422292 0.03003640776699029
0 0.7982731554160126 0.45327669902912615 0.0380690737833595 0.029126213592233007
0 0.8404631083202512 0.44007888349514557 0.04081632653061225 0.0245752427184466
0 0.8869701726844584 0.4341626213592233 0.05062794348508635 0.02487864077669903
0 0.6040031397174255 0.4770934466019417 0.03257456828885401 0.02882281553398058
0 0.6365777080062794 0.4702669902912621 0.027472527472527476 0.015169902912621358
0 0.6836734693877552 0.4767900485436893 0.060832025117739406 0.033677184466019416
0 0.7661891679748823 0.47163228155339804 0.09399529042386186 0.021541262135922327
0 0.8549843014128728 0.4760315533980582 0.0706436420722135 0.0345873786407767
0 0.9062009419152277 0.4648058252427184 0.03021978021978022 0.020024271844660192
0 0.6042974882260597 0.4913531553398058 0.025313971742543174 0.022754854368932036
0 0.6420722135007849 0.49787621359223294 0.03610675039246468 0.018810679611650484
0 0.6748430141287285 0.49908980582524265 0.026295133437990583 0.018810679611650484
0 0.7079081632653061 0.49772451456310673 0.03630298273155416 0.02214805825242718
0 0.7523547880690739 0.5116808252427184 0.05180533751962324 0.03307038834951456
0 0.8065149136577708 0.4943871359223301 0.023547880690737835 0.021541262135922327
0 0.8884419152276296 0.4981796116504854 0.06220565149136578 0.03337378640776699
0 0.6246075353218211 0.5204793689320388 0.07025117739403454 0.025182038834951456
0 0.7103610675039247 0.5310983009708737 0.07299843014128729 0.03003640776699029
0 0.7914050235478808 0.5260922330097086 0.06161695447409733 0.030339805825242715
0 0.8455651491365778 0.5254854368932038 0.0380690737833595 0.01699029126213592
0 0.8771585557299844 0.5226031553398057 0.023940345368916798 0.025182038834951456
0 0.5245290423861853 0.8056735436893203 0.04866562009419152 0.015473300970873785
0 0.5603414442700158 0.8068871359223301 0.022174254317111463 0.012439320388349514
0 0.5862441130298274 0.8059769417475727 0.028453689167974885 0.015473300970873785
0 0.5068681318681318 0.8219053398058251 0.019230769230769232 0.015169902912621358
0 0.5270800627943485 0.8234223300970873 0.019623233908948195 0.01395631067961165
0 0.5494505494505495 0.8222087378640776 0.025510204081632654 0.017597087378640776
