0 0.1752354788069074 0.06553398058252427 0.033751962323390894 0.01820388349514563
0 0.20153061224489796 0.06204490291262135 0.015698587127158558 0.021541262135922327
0 0.2219387755102041 0.06689927184466019 0.023940345368916798 0.01911407766990291
0 0.27109497645211933 0.06993325242718446 0.06573783359497645 0.027609223300970872
0 0.3282967032967033 0.06629247572815533 0.044740973312401885 0.013652912621359222
0 0.3849097331240189 0.07054004854368931 0.04415227629513344 0.025182038834951456
0 0.43818681318681324 0.06902305825242717 0.0620094191522763 0.031856796116504854
0 0.1654238618524333 0.08616504854368931 0.029827315541601257 0.01820388349514563
0 0.20084379905808478 0.08616504854368931 0.0402276295133438 0.02427184466019417
0 0.23675431711145997 0.08404126213592232 0.02923861852433281 0.015169902912621358
0 0.26285321821036106 0.08343446601941747 0.023351648351648352 0.015776699029126214
0 0.2906200941915228 0.08707524271844659 0.031397174254317116 0.015169902912621358
0 0.3394819466248038 0.08707524271844659 0.06514913657770802 0.01395631067961165
0 0.3933477237048666 0.09117111650485436 0.028453689167974885 0.021541262135922327
0 0.4344583987441131 0.08662014563106796 0.02433281004709576 0.01486650485436893
0 0.46909340659340665 0.08798543689320387 0.028846153846153848 0.012742718446601941
0 0.1644427001569859 0.10482402912621358 0.02708006279434851 0.01486650485436893
0 0.24028649921507067 0.10118325242718446 0.1022370486656201 0.016686893203883495
0 0.3524332810047096 0.10770631067961164 0.12323390894819466 0.02669902912621359
0 0.44790031397174257 0.10467233009708737 0.05592621664050236 0.015776699029126214
0 0.15943877551020408 0.12985436893203883 0.02295918367346939 0.02669902912621359
0 0.19240580847723707 0.11832524271844659 0.03983516483516484 0.017597087378640776
0 0.24048273155416014 0.12484830097087378 0.06259811616954475 0.027002427184466018
0 0.3031789638932496 0.12424150485436893 0.05729984301412873 0.02578883495145631
0 0.3957025117739404 0.12788228155339804 0.12460753532182105 0.027609223300970872
0 0.46742543171114603 0.12424150485436893 0.020408163265306124 0.018507281553398057
0 0.19358320251177394 0.13910800970873785 0.05592621664050236 0.011225728155339804
0 0.2506868131868132 0.138501213592233 0.04611459968602826 0.018507281553398057
0 0.2839481946624804 0.14001820388349515 0.022370486656200943 0.01486650485436893
0 0.3131868131868132 0.1395631067961165 0.03571428571428572 0.017597087378640776
0 0.3545918367346939 0.14229368932038833 0.044348508634222926 0.015169902912621358
0 0.40208006279434855 0.1474514563106796 0.04905808477237049 0.020631067961165046
0 0.45810439560439564 0.1453276699029126 0.0500392464678179 0.026092233009708737
0 0.15816326530612246 0.15837378640776698 0.019230769230769232 0.01395631067961165
0 0.19672291993720567 0.14775485436893201 0.016287284144427004 0.007888349514563107
0 0.1833791208791209 0.15943567961165048 0.019427001569858715 0.020934466019417473
0 0.20937990580847726 0.15716019417475727 0.026687598116169546 0.015776699029126214
0 0.23567503924646782 0.15700849514563106 0.023547880690737835 0.01729368932038835
0 0.28169152276295134 0.15822208737864077 0.06299058084772372 0.019720873786407765
0 0.3299646781789639 0.15943567961165048 0.029631083202511777 0.015473300970873785
0 0.36469780219780223 0.16034587378640774 0.03983516483516484 0.025182038834951456
0 0.40276687598116173 0.16140776699029125 0.018642072213500786 0.013349514563106795
0 0.43347723704866564 0.16004247572815533 0.04042386185243328 0.016686893203883495
0 0.46585557299843017 0.1629247572815534 0.022762951334379906 0.015169902912621358
0 0.16100863422291994 0.17415048543689318 0.023351648351648352 0.01699029126213592
0 0.19456436420722137 0.17612257281553398 0.045329670329670335 0.02214805825242718
0 0.24676216640502358 0.1774878640776699 0.04650706436420722 0.021844660194174755
0 0.28149529042386184 0.17460558252427183 0.019819466248037678 0.01729368932038835
0 0.3020996860282575 0.1799150485436893 0.021389324960753534 0.025485436893203883
0 0.3351648351648352 0.17612257281553398 0.041601255886970175 0.014259708737864077
0 0.40335557299843017 0.18249393203883493 0.03983516483516484 0.023968446601941744
0 0.4536891679748823 0.1799150485436893 0.04395604395604396 0.016383495145631068
0 0.15914442700156986 0.1953883495145631 0.02001569858712716 0.013349514563106795
0 0.1858320251177394 0.19614684466019416 0.036499215070643645 0.027609223300970872
0 0.22066326530612246 0.19584344660194172 0.029631083202511777 0.014259708737864077
0 0.24578100470957615 0.20024271844660194 0.02295918367346939 0.02427184466019417
0 0.28512558869701726 0.19675364077669902 0.05376766091051806 0.02032766990291262
0 0.3358516483516484 0.19736043689320387 0.04611459968602826 0.02214805825242718
0 0.36901491365777084 0.19584344660194172 0.021781789638932497 0.014259708737864077
0 0.4302394034536892 0.19796723300970873 0.10851648351648352 0.025182038834951456
0 0.1870094191522763 0.21480582524271843 0.07496075353218211 0.025485436893203883
0 0.2561813186813187 0.21480582524271843 0.061420722135007856 0.01699029126213592
0 0.3256475667189953 0.2189016990291262 0.06377551020408163 0.027002427184466018
0 0.3764717425431711 0.21177184466019416 0.03669544740973313 0.013349514563106795
0 0.4062990580847724 0.2091929611650485 0.021781789638932497 0.015473300970873785
0 0.43386970172684464 0.21313713592233008 0.029827315541601257 0.025182038834951456
0 0.18426216640502355 0.23376820388349512 0.06671899529042387 0.018507281553398057
0 0.24116954474097332 0.2333131067961165 0.0423861852433281 0.013349514563106795
0 0.28571428571428575 0.23816747572815533 0.054552590266875985 0.02669902912621359
0 0.3333006279434851 0.2324029126213592 0.035910518053375196 0.018810679611650484
0 0.37794348508634223 0.22663834951456308 0.051412872841444274 0.01699029126213592
0 0.4309262166405024 0.2310376213592233 0.05886970172684459 0.02578883495145631
0 0.16532574568288855 0.24999999999999997 0.03198587127158556 0.028519417475728153
0 0.2046703296703297 0.24969660194174756 0.022762951334379906 0.014563106796116504
0 0.242052590266876 0.2501516990291262 0.032770800627943485 0.019720873786407765
0 0.3141679748822606 0.25394417475728154 0.03571428571428572 0.027305825242718445
0 0.3536106750392465 0.24893810679611647 0.04199372056514914 0.02214805825242718
0 0.38775510204081637 0.24514563106796114 0.02511773940345369 0.016383495145631068
0 0.4120879120879121 0.24529733009708735 0.023155416012558872 0.019720873786407765
0 0.46173469387755106 0.2469660194174757 0.05062794348508635 0.028519417475728153
0 0.16983908948194665 0.2659283980582524 0.040620094191522765 0.016686893203883495
0 0.21261773940345371 0.27169296116504854 0.0402276295133438 0.0245752427184466
0 0.25137362637362637 0.274878640776699 0.015698587127158558 0.023665048543689317
0 0.28267268445839877 0.2757888349514563 0.050431711145996864 0.025485436893203883
0 0.3248626373626374 0.26865898058252424 0.029631083202511777 0.015473300970873785
0 0.35194270015698587 0.26911407766990286 0.02099686028257457 0.01395631067961165
0 0.3924646781789639 0.2651699029126213 0.054552590266875985 0.020024271844660192
0 0.45339481946624804 0.27078276699029125 0.06730769230769232 0.02214805825242718
0 0.17582417582417584 0.28580097087378636 0.02119309262166405 0.01699029126213592
0 0.24264128728414444 0.2917172330097087 0.11008634222919939 0.02578883495145631
0 0.3712715855572999 0.288379854368932 0.02433281004709576 0.014259708737864077
0 0.4096350078492936 0.2902002427184466 0.050431711145996864 0.027609223300970872
0 0.45830062794348514 0.2892900485436893 0.045722135007849295 0.02578883495145631
0 0.19034536891679749 0.3090109223300971 0.08084772370486656 0.02032766990291262
0 0.2578492935635793 0.3068871359223301 0.033359497645211934 0.019720873786407765
0 0.2997448979591837 0.3090109223300971 0.022566718995290426 0.01608009708737864
0 0.33712715855573 0.3091626213592233 0.05376766091051806 0.01699029126213592
0 0.42435243328100475 0.3074939320388349 0.12029042386185244 0.026395631067961164
0 0.1544348508634223 0.33373786407766987 0.026295133437990583 0.0212378640776699
0 0.18288854003139718 0.32782160194174753 0.027472527472527476 0.017900485436893203
0 0.21271585557299844 0.32888349514563103 0.028649921507064365 0.013349514563106795
0 0.24882260596546313 0.33131067961165045 0.04042386185243328 0.01699029126213592
0 0.3078885400313972 0.33419296116504854 0.08124018838304553 0.02882281553398058
0 0.37549058084772374 0.3273665048543689 0.02806122448979592 0.020024271844660192
0 0.40835949764521196 0.32933859223300965 0.03885400313971743 0.0245752427184466
0 0.46242150706436425 0.3247876213592233 0.04925431711145997 0.02214805825242718
0 0.1654238618524333 0.34814927184466016 0.03453689167974883 0.01911407766990291
0 0.19279827315541603 0.34754247572815533 0.018249607535321823 0.020934466019417473
0 0.22115384615384617 0.35345873786407767 0.03532182103610675 0.018810679611650484
0 0.2645211930926217 0.35816140776699024 0.049843014128728415 0.030643203883495142
0 0.30347331240188385 0.3566444174757281 0.027668759811616955 0.0245752427184466
0 0.3493916797488226 0.35345873786407767 0.0641679748822606 0.021844660194174755
0 0.40620094191522765 0.3531553398058252 0.05533751962323391 0.03337378640776699
0 0.46222527472527475 0.34981796116504854 0.05278649921507065 0.02669902912621359
0 0.17651098901098902 0.3733313106796116 0.050824175824175824 0.0245752427184466
0 0.21909340659340662 0.3709041262135922 0.030416012558869703 0.022754854368932036
0 0.2623626373626374 0.37591019417475724 0.05494505494505495 0.023058252427184463
0 0.3218210361067504 0.3739381067961165 0.059262166405023554 0.02336165048543689
0 0.372350863422292 0.3745449029126213 0.03787284144427002 0.0245752427184466
0 0.4187598116169545 0.370752427184466 0.03218210361067504 0.01820388349514563
0 0.21487441130298274 0.4012439320388349 0.07260596546310832 0.03428398058252427
0 0.30435635792778654 0.4012439320388349 0.052982731554160126 0.02882281553398058
0 0.3576334379905809 0.3976031553398058 0.04611459968602826 0.015473300970873785
0 0.4051216640502355 0.3966929611650485 0.04807692307692308 0.029429611650485434
0 0.45486656200941916 0.3909283980582524 0.046703296703296704 0.02578883495145631
0 0.1587519623233909 0.4165655339805825 0.024725274725274728 0.02245145631067961
0 0.217425431711146 0.42748786407766987 0.06946624803767662 0.030339805825242715
0 0.27649136577708006 0.4200546116504854 0.038461538461538464 0.021541262135922327
0 0.30582810047095765 0.43052184466019416 0.028846153846153848 0.025485436893203883
0 0.3469387755102041 0.42415048543689315 0.049843014128728415 0.037014563106796114
0 0.39707613814756676 0.42369538834951453 0.04807692307692308 0.033677184466019416
0 0.4536891679748823 0.4185376213592233 0.06357927786499215 0.0245752427184466
0 0.1800431711145997 0.4443264563106796 0.061813186813186816 0.018507281553398057
0 0.236361852433281 0.44736043689320387 0.045329670329670335 0.021541262135922327
0 0.2925824175824176 0.4523665048543689 0.06828885400313972 0.03398058252427184
0 0.375392464678179 0.446753640776699 0.08359497645211932 0.034890776699029125
0 0.44790031397174257 0.45191140776699024 0.05945839874411303 0.042172330097087374
0 0.16934850863422293 0.4643507281553398 0.039638932496075356 0.02032766990291262
0 0.21359890109890112 0.47011529126213586 0.04964678178963894 0.027609223300970872
0 0.26520800627943486 0.47178398058252424 0.04925431711145997 0.01820388349514563
0 0.30563186813186816 0.47057038834951453 0.02806122448979592 0.020631067961165046
0 0.36116562009419156 0.47208737864077666 0.03708791208791209 0.0212378640776699
0 0.4120879120879121 0.47193567961165045 0.06318681318681318 0.02336165048543689
0 0.4646781789638933 0.4799757281553398 0.04552590266875981 0.03155339805825243
0 0.18956043956043958 0.48907766990291257 0.08281004709576138 0.025485436893203883
0 0.25264913657770804 0.49984830097087374 0.03787284144427002 0.028216019417475726
0 0.3026883830455259 0.4981796116504854 0.055533751962323394 0.030339805825242715
0 0.3436028257456829 0.4959041262135922 0.023547880690737835 0.022754854368932036
0 0.3694073783359498 0.49666262135922323 0.026491365777080063 0.0212378640776699
0 0.435243328100471 0.5006067961165048 0.10478806907378337 0.032766990291262135
0 0.17494113029827316 0.5098604368932038 0.050824175824175824 0.020934466019417473
0 0.22733516483516486 0.5142597087378641 0.053571428571428575 0.020631067961165046
0 0.2769819466248038 0.5222997572815533 0.025313971742543174 0.021541262135922327
0 0.31259811616954475 0.5210861650485437 0.04277864992150707 0.02214805825242718
0 0.4094387755102041 0.5289745145631067 0.12578492935635793 0.034890776699029125
0 0.21222527472527475 0.5442961165048543 0.021389324960753534 0.015169902912621358
0 0.23714678178963894 0.5432342233009708 0.028453689167974885 0.023968446601941744
0 0.2899332810047096 0.5512742718446602 0.07319466248037677 0.029126213592233007
0 0.3719583987441131 0.5502123786407767 0.08496860282574568 0.019720873786407765
0 0.43043563579277866 0.5565837378640777 0.030416012558869703 0.027002427184466018
0 0.462519623233909 0.547633495145631 0.03414442700156986 0.0212378640776699
0 0.1793563579277865 0.5649271844660194 0.06357927786499215 0.023058252427184463
0 0.24224882260596547 0.5720570388349514 0.06063579277864992 0.029429611650485434
0 0.28502747252747257 0.5706917475728155 0.028846153846153848 0.017597087378640776
0 0.3122056514913658 0.5712985436893203 0.02197802197802198 0.016383495145631068
0 0.34546703296703296 0.5744842233009708 0.03787284144427002 0.02032766990291262
0 0.3786302982731554 0.5758495145631067 0.027276295133437992 0.018810679611650484
0 0.4130690737833595 0.5743325242718446 0.03767660910518054 0.023665048543689317
0 0.4578100470957614 0.5725121359223301 0.046310832025117744 0.019417475728155338
0 0.18141679748822606 0.5907160194174756 0.06770015698587127 0.020024271844660192
0 0.23744113029827316 0.5901092233009708 0.03532182103610675 0.015169902912621358
0 0.26560047095761385 0.5932949029126213 0.02021193092621664 0.018507281553398057
0 0.2902276295133438 0.5943567961165048 0.02433281004709576 0.01395631067961165
0 0.34173861852433285 0.6007281553398057 0.05710361067503925 0.032766990291262135
0 0.3845172684458399 0.5960254854368932 0.025313971742543174 0.018507281553398057
0 0.4062990580847724 0.5942050970873786 0.016287284144427004 0.02214805825242718
0 0.1831828885400314 0.6155946601941747 0.07123233908948196 0.03155339805825243
0 0.24116954474097332 0.6216626213592232 0.05376766091051806 0.03337378640776699
0 0.31132260596546313 0.6196905339805825 0.08418367346938777 0.03731796116504854
0 0.3751962323390895 0.6209041262135921 0.04199372056514914 0.0245752427184466
0 0.4374018838304553 0.6198422330097086 0.08320251177394035 0.03216019417475728
0 0.16483516483516483 0.6448725728155339 0.04120879120879121 0.029429611650485434
0 0.19956828885400316 0.6383495145631067 0.028649921507064365 0.01820388349514563
0 0.22870879120879123 0.6397148058252426 0.027668759811616955 0.011225728155339804
0 0.2538265306122449 0.6375910194174756 0.02099686028257457 0.023968446601941744
0 0.3035714285714286 0.6389563106796116 0.07849293563579278 0.023665048543689317
0 0.37892464678178966 0.6395631067961165 0.05886970172684459 0.023058252427184463
0 0.44662480376766095 0.6389563106796116 0.07496075353218211 0.020631067961165046
0 0.17327315541601257 0.6577669902912621 0.049450549450549455 0.017597087378640776
0 0.2164442700156986 0.6585254854368932 0.03414442700156986 0.01608009708737864
0 0.24430926216640503 0.659132281553398 0.023940345368916798 0.019720873786407765
0 0.29699764521193095 0.6694478155339805 0.04768445839874411 0.027609223300970872
0 0.3645996860282575 0.672633495145631 0.03218210361067504 0.026092233009708737
0 0.40708398744113033 0.6638349514563107 0.05592621664050236 0.026092233009708737
0 0.46026295133437994 0.6582220873786407 0.048469387755102046 0.022754854368932036
0 0.23067111459968603 0.6818871359223301 0.03865777080062795 0.02336165048543689
0 0.2865973312401884 0.6871966019417475 0.07476452119309263 0.03094660194174757
0 0.34801805337519626 0.688258495145631 0.043759811616954476 0.02032766990291262
0 0.4288657770800628 0.686134708737864 0.11597331240188384 0.0245752427184466
0 0.16562009419152277 0.7058555825242718 0.03532182103610675 0.01486650485436893
0 0.20653453689167975 0.7143507281553397 0.053571428571428575 0.021541262135922327
0 0.2614795918367347 0.7154126213592232 0.061813186813186816 0.023058252427184463
0 0.33055337519623235 0.7101031553398057 0.04493720565149137 0.021541262135922327
0 0.38010204081632654 0.7099514563106796 0.05416012558869702 0.015169902912621358
0 0.44515306122448983 0.7134405339805825 0.07515698587127159 0.02882281553398058
0 0.16248037676609106 0.7281553398058251 0.033751962323390894 0.023665048543689317
0 0.2056514913657771 0.7264866504854368 0.049843014128728415 0.0245752427184466
0 0.2755102040816327 0.7264866504854368 0.05180533751962324 0.017900485436893203
0 0.32967032967032966 0.7348300970873786 0.05337519623233909 0.02245145631067961
0 0.3994309262166405 0.7307342233009708 0.07083987441130299 0.022754854368932036
0 0.45555337519623235 0.7327063106796116 0.04336734693877551 0.0212378640776699
0 0.17651098901098902 0.748634708737864 0.058673469387755105 0.02336165048543689
0 0.22184065934065936 0.7490898058252426 0.02688383045525903 0.01395631067961165
0 0.2532378335949765 0.7431735436893203 0.03002354788069074 0.016686893203883495
0 0.31927001569858715 0.7472694174757281 0.047880690737833596 0.018810679611650484
0 0.3650902668759812 0.7489381067961164 0.0445447409733124 0.01911407766990291
0 0.3959968602825746 0.7518203883495145 0.01609105180533752 0.011529126213592231
0 0.4560439560439561 0.7506067961165048 0.05612244897959184 0.0212378640776699
0 0.15531789638932497 0.7682038834951456 0.025313971742543174 0.020024271844660192
0 0.18082810047095763 0.7616808252427184 0.028453689167974885 0.015473300970873785
0 0.2171310832025118 0.7631978155339805 0.0402276295133438 0.01911407766990291
0 0.2705062794348509 0.7666868932038834 0.0500392464678179 0.025485436893203883
0 0.31927001569858715 0.7665351941747572 0.0423861852433281 0.019720873786407765
0 0.3672488226059655 0.7709344660194174 0.050824175824175824 0.02487864077669903
0 0.4233712715855573 0.7698725728155339 0.04415227629513344 0.02578883495145631
0 0.46242150706436425 0.766383495145631 0.03355572998430142 0.018810679611650484
0 0.217425431711146 0.7824635922330097 0.04277864992150707 0.01395631067961165
0 0.3083791208791209 0.7882281553398057 0.05788854003139718 0.02245145631067961
0 0.38127943485086346 0.7859526699029126 0.05376766091051806 0.017900485436893203
0 0.5300235478806907 0.09875606796116504 0.04356357927786499 0.03246359223300971
0 0.5368916797488227 0.12636529126213591 0.08791208791208792 0.03610436893203883
0 0.5169740973312402 0.16641383495145629 0.025313971742543174 0.02578883495145631
0 0.5584772370486657 0.16732402912621358 0.03767660910518054 0.017900485436893203
0 0.5249215070643642 0.19189927184466019 0.03571428571428572 0.022754854368932036
0 0.5623037676609105 0.18977548543689318 0.015502354788069075 0.015473300970873785
0 0.5763343799058085 0.1923543689320388 0.014521193092621665 0.016383495145631068
0 0.513638147566719 0.21040655339805822 0.035910518053375196 0.028216019417475726
0 0.5598508634222921 0.2087378640776699 0.04003139717425432 0.021844660194174755
0 0.6166601255886971 0.0804004854368932 0.061813186813186816 0.05461165048543689
0 0.6735675039246468 0.0960254854368932 0.0543563579277865 0.022754854368932036
0 0.7364599686028258 0.09101941747572814 0.06593406593406594 0.0279126213592233
0 0.7951334379905809 0.08510315533980582 0.05180533751962324 0.01911407766990291
0 0.8463500784929356 0.09299150485436893 0.04748822605965464 0.0245752427184466
0 0.8860871271585558 0.09010922330097086 0.03473312401883831 0.027305825242718445
0 0.6569858712715856 0.11711165048543688 0.08202511773940346 0.03094660194174757
0 0.720467032967033 0.10816140776699028 0.03512558869701727 0.021541262135922327
0 0.8144623233908949 0.10452063106796115 0.03316326530612245 0.017900485436893203
0 0.8539050235478808 0.10588592233009708 0.04925431711145997 0.01699029126213592
0 0.8954081632653061 0.11347087378640776 0.034929356357927786 0.02427184466019417
0 0.6278453689167975 0.14016990291262135 0.05396389324960754 0.01820388349514563
0 0.6726844583987441 0.14290048543689318 0.03021978021978022 0.0212378640776699
0 0.7141875981161696 0.14047330097087377 0.04415227629513344 0.026092233009708737
0 0.7599097331240189 0.13652912621359223 0.0445447409733124 0.02973300970873786
0 0.7984693877551021 0.13030946601941745 0.027472527472527476 0.018507281553398057
0 0.8410518053375197 0.13486043689320387 0.0565149136577708 0.02882281553398058
0 0.8857927786499216 0.13228155339805825 0.03924646781789639 0.02669902912621359
0 0.6010596546310832 0.169751213592233 0.036891679748822605 0.033677184466019416
0 0.6414835164835165 0.16611043689320387 0.03610675039246468 0.031249999999999997
0 0.7183084772370487 0.17050970873786406 0.045329670329670335 0.03216019417475728
0 0.8050431711145998 0.16504854368932037 0.04964678178963894 0.029126213592233007
0 0.8498822605965464 0.14957524271844658 0.034929356357927786 0.019417475728155338
0 0.8883437990580848 0.1476031553398058 0.03924646781789639 0.020934466019417473
0 0.6119505494505495 0.18598300970873785 0.05160910518053376 0.021844660194174755
0 0.6877943485086343 0.18234223300970873 0.06357927786499215 0.027305825242718445
0 0.7437205651491366 0.19174757281553395 0.04277864992150707 0.02427184466019417
0 0.8174058084772371 0.18128033980582522 0.037480376766091054 0.01486650485436893
0 0.8548861852433282 0.17445388349514562 0.03316326530612245 0.023058252427184463
0 0.5990973312401884 0.21177184466019416 0.031789638932496075 0.018810679611650484
0 0.6467817896389325 0.2143507281553398 0.05847723704866562 0.018507281553398057
0 0.6978021978021979 0.21495752427184464 0.044740973312401885 0.028216019417475726
0 0.7598116169544742 0.21298543689320387 0.05416012558869702 0.02245145631067961
0 0.8133830455259027 0.21237864077669902 0.06318681318681318 0.04186893203883495
0 0.8771585557299844 0.19811893203883493 0.052590266875981166 0.02669902912621359
0 0.6373626373626374 0.23619538834951453 0.04003139717425432 0.016686893203883495
0 0.6778846153846154 0.24074635922330095 0.04101255886970173 0.026395631067961164
0 0.7351844583987441 0.2399878640776699 0.048469387755102046 0.02669902912621359
0 0.7742346938775511 0.23634708737864077 0.02806122448979592 0.016383495145631068
0 0.8219191522762952 0.2399878640776699 0.05945839874411303 0.038834951456310676
0 0.8791208791208792 0.22542475728155337 0.0521978021978022 0.030339805825242715
0 0.5925235478806907 0.2627427184466019 0.031200941915227633 0.01820388349514563
0 0.6445251177394035 0.2660800970873786 0.06299058084772372 0.029126213592233007
0 0.7075156985871272 0.26547330097087374 0.06534536891679749 0.030339805825242715
0 0.7680533751962324 0.2650182038834951 0.05102040816326531 0.03853155339805825
0 0.8044544740973313 0.26774878640776695 0.026491365777080063 0.02882281553398058
0 0.8410518053375197 0.25227548543689315 0.04277864992150707 0.02336165048543689
0 0.8879513343799058 0.25303398058252424 0.04277864992150707 0.01699029126213592
0 0.5937009419152277 0.28777305825242716 0.028846153846153848 0.016686893203883495
0 0.6323587127158556 0.28625606796116504 0.03944270015698587 0.019720873786407765
0 0.7442111459968603 0.2929308252427184 0.05160910518053376 0.025182038834951456
0 0.807201726844584 0.29004854368932037 0.05160910518053376 0.028519417475728153
0 0.862146781789639 0.2789745145631068 0.050431711145996864 0.02214805825242718
0 0.8988422291993721 0.2760922330097087 0.02021193092621664 0.018810679611650484
0 0.6052786499215072 0.31993325242718446 0.05474882260596547 0.029429611650485434
0 0.6565934065934066 0.3250910194174757 0.05847723704866562 0.03731796116504854
0 0.7196821036106751 0.32114684466019416 0.03983516483516484 0.015473300970873785
0 0.7650117739403454 0.31644417475728154 0.04179748822605966 0.02245145631067961
0 0.8349686028257457 0.3094660194174757 0.06868131868131869 0.02245145631067961
0 0.8904042386185244 0.3049150485436893 0.0402276295133438 0.02669902912621359
0 0.5968406593406593 0.3414745145631068 0.035518053375196236 0.02336165048543689
0 0.6321624803767661 0.3432949029126213 0.025706436420722137 0.016686893203883495
0 0.6867150706436421 0.34936286407766987 0.07554945054945056 0.03003640776699029
0 0.7563775510204082 0.3439016990291262 0.05396389324960754 0.02032766990291262
0 0.814756671899529 0.33692354368932037 0.05847723704866562 0.026395631067961164
0 0.8725470957613816 0.34678398058252424 0.05592621664050236 0.03822815533980582
0 0.5882064364207221 0.36559466019417475 0.022566718995290426 0.023665048543689317
0 0.6363814756671899 0.3745449029126213 0.06907378335949765 0.03671116504854369
0 0.688284929356358 0.37606189320388345 0.03983516483516484 0.037924757281553395
0 0.7383241758241759 0.37848907766990286 0.07083987441130299 0.031856796116504854
0 0.815934065934066 0.3687803398058252 0.06043956043956044 0.026395631067961164
0 0.8764717425431712 0.3651395631067961 0.050824175824175824 0.02214805825242718
0 0.6191130298273155 0.39623786407766987 0.08791208791208792 0.020631067961165046
0 0.6848508634222921 0.3997269417475728 0.034929356357927786 0.016686893203883495
0 0.7480376766091053 0.3989684466019417 0.08437990580847725 0.02669902912621359
0 0.8172095761381476 0.4009405339805825 0.04611459968602826 0.029429611650485434
0 0.881475667189953 0.3910800970873786 0.04905808477237049 0.03216019417475728
0 0.5933084772370487 0.4199029126213592 0.03198587127158556 0.01820388349514563
0 0.6406004709576139 0.4233919902912621 0.055533751962323394 0.03246359223300971
0 0.7081043956043956 0.42081310679611644 0.07515698587127159 0.020631067961165046
0 0.7708006279434851 0.4199029126213592 0.04199372056514914 0.023058252427184463
0 0.805729984301413 0.426881067961165 0.02590266875981162 0.023058252427184463
0 0.867837519623234 0.41611043689320387 0.0543563579277865 0.017900485436893203
0 0.5929160125588697 0.44508495145631066 0.02806122448979592 0.019417475728155338
0 0.6381475667189953 0.4522148058252427 0.059262166405023554 0.03003640776699029
0 0.7270408163265306 0.4511529126213592 0.09890109890109891 0.030339805825242715
0 0.8003335949764522 0.44523665048543687 0.03669544740973313 0.022754854368932036
0 0.8521389324960754 0.4485740291262136 0.06730769230769232 0.03428398058252427
0 0.6029238618524333 0.48558859223300965 0.07083987441130299 0.03549757281553398
0 0.6641483516483517 0.48634708737864074 0.048861852433281006 0.030339805825242715
0 0.7082025117739403 0.4814927184466019 0.04395604395604396 0.03762135922330097
0 0.7520604395604396 0.4816444174757281 0.04297488226059655 0.028216019417475726
0 0.8085753532182104 0.46950849514563103 0.06338304552590267 0.02214805825242718
0 0.8685243328100472 0.47239077669902907 0.05337519623233909 0.03337378640776699
0 0.5935047095761382 0.5024271844660194 0.03944270015698587 0.020024271844660192
0 0.6938775510204082 0.5128944174757281 0.17268445839874413 0.04338592233009708
0 0.8036695447409734 0.5066747572815533 0.04650706436420722 0.040048543689320384
0 0.8663657770800628 0.4969660194174757 0.07653061224489796 0.03216019417475728
0 0.6172488226059655 0.5359526699029126 0.0837912087912088 0.030643203883495142
0 0.6872056514913658 0.5409587378640777 0.06711145996860284 0.032766990291262135
0 0.7533359497645212 0.5403519417475727 0.05808477237048666 0.03155339805825243
0 0.8177001569858713 0.5350424757281553 0.07182103610675039 0.031249999999999997
0 0.8817700156985872 0.5198725728155339 0.04964678178963894 0.023968446601941744
0 0.5951726844583988 0.5673543689320388 0.04356357927786499 0.030339805825242715
0 0.6401098901098902 0.5590109223300971 0.04003139717425432 0.029429611650485434
0 0.6883830455259027 0.5672026699029126 0.062401883830455265 0.031856796116504854
0 0.7767857142857143 0.5609830097087378 0.0641679748822606 0.021844660194174755
0 0.8358516483516484 0.5626516990291262 0.06652276295133439 0.03610436893203883
0 0.6018445839874411 0.5881371359223301 0.052590266875981166 0.020934466019417473
0 0.682201726844584 0.5946601941747572 0.08536106750392465 0.03822815533980582
0 0.7604984301412874 0.5907160194174756 0.06102825745682889 0.0279126213592233
0 0.8221153846153847 0.5860133495145631 0.053571428571428575 0.02578883495145631
0 0.8782378335949765 0.5796419902912621 0.0543563579277865 0.028216019417475726
0 0.6238226059654631 0.625 0.09419152276295134 0.02973300970873786
0 0.7083987441130298 0.6221177184466019 0.0663265306122449 0.03549757281553398
0 0.7726648351648352 0.6175667475728155 0.05945839874411303 0.02336165048543689
0 0.8218210361067504 0.6162014563106796 0.03571428571428572 0.019417475728155338
0 0.8724489795918368 0.6136225728155339 0.06318681318681318 0.018507281553398057
0 0.604199372056515 0.6556432038834951 0.05690737833594977 0.03094660194174757
0 0.6594387755102041 0.6492718446601942 0.050431711145996864 0.02427184466019417
0 0.707221350078493 0.6560983009708737 0.04003139717425432 0.026395631067961164
0 0.7500981161695448 0.6551881067961165 0.05828100470957614 0.04035194174757281
0 0.8198587127158556 0.6485133495145631 0.0859497645211931 0.03731796116504854
0 0.8827511773940346 0.6365291262135921 0.03630298273155416 0.020024271844660192
0 0.590953689167975 0.6783980582524272 0.024529042386185244 0.018810679611650484
0 0.6179356357927787 0.6770327669902912 0.028649921507064365 0.021541262135922327
0 0.6866169544740973 0.6843143203883495 0.10282574568288855 0.03307038834951456
0 0.771978021978022 0.6856796116504854 0.07378335949764521 0.03398058252427184
0 0.8305533751962324 0.6694478155339805 0.04415227629513344 0.02578883495145631
0 0.881083202511774 0.6692961165048543 0.052982731554160126 0.02669902912621359
0 0.6987833594976453 0.7129854368932038 0.14050235478806908 0.04429611650485436
0 0.8145604395604396 0.7006978155339805 0.06514913657770802 0.020934466019417473
0 0.8781397174254317 0.6929611650485437 0.06043956043956044 0.01820388349514563
0 0.5886970172684459 0.7327063106796116 0.02197802197802198 0.019417475728155338
0 0.6235282574568289 0.7325546116504854 0.042189952904238624 0.01911407766990291
0 0.6770015698587127 0.7418082524271844 0.062401883830455265 0.03398058252427184
0 0.7248822605965464 0.7343749999999999 0.029434850863422294 0.027002427184466018
0 0.7627551020408164 0.7384708737864077 0.03728414442700157 0.03155339805825243
0 0.8002354788069074 0.7269417475728155 0.03414442700156986 0.0279126213592233
0 0.8669544740973313 0.7201152912621359 0.07417582417582418 0.031249999999999997
0 0.5937990580847724 0.7598604368932038 0.03100470957613815 0.0245752427184466
0 0.652668759811617 0.7619842233009708 0.08202511773940346 0.03307038834951456
0 0.7115384615384616 0.7627427184466019 0.02786499215070644 0.012742718446601941
0 0.7598116169544742 0.7603155339805825 0.07260596546310832 0.023665048543689317
0 0.8137755102040817 0.7595570388349514 0.03414442700156986 0.025182038834951456
0 0.8669544740973313 0.757129854368932 0.07103610675039247 0.03731796116504854
0 0.6028257456828886 0.7880764563106796 0.046703296703296704 0.019720873786407765
0 0.654925431711146 0.7923240291262135 0.034340659340659344 0.03610436893203883
0 0.693583202511774 0.7880764563106796 0.03826530612244898 0.027609223300970872
0 0.8207417582417583 0.7836771844660193 0.04807692307692308 0.015776699029126214
0 0.8731357927786499 0.7874696601941746 0.06102825745682889 0.03003640776699029
0 0.6123430141287285 0.8225121359223301 0.09046310832025119 0.0491504854368932
0 0.6985871271585558 0.8181128640776698 0.08084772370486656 0.022754854368932036
0 0.7732535321821037 0.8168992718446602 0.06652276295133439 0.03428398058252427
0 0.8544937205651492 0.8138652912621358 0.10262951334379906 0.029429611650485434
0 0.5972331240188383 0.8504247572815533 0.040620094191522765 0.015776699029126214
0 0.7133045525902669 0.8531553398058251 0.10792778649921508 0.0424757281553398
0 0.8247645211930926 0.8360133495145631 0.03021978021978022 0.026395631067961164
0 0.5970368916797488 0.8746966019417475 0.03473312401883831 0.016383495145631068
0 0.6697409733124019 0.8766686893203883 0.07927786499215071 0.027002427184466018
0 0.7382260596546312 0.8780339805825242 0.06279434850863423 0.03519417475728155
0 0.8054356357927787 0.8690837378640776 0.03983516483516484 0.01729368932038835
0 0.614010989010989 0.9054915048543688 0.0804552590266876 0.037924757281553395
0 0.676510989010989 0.902002427184466 0.03865777080062795 0.01395631067961165
0 0.7210557299843015 0.9032160194174756 0.047291993720565154 0.03519417475728155
0 0.7676609105180534 0.9051881067961164 0.04709576138147567 0.028216019417475726
0 0.6206828885400314 0.9356796116504854 0.09301412872841444 0.0424757281553398
0 0.7018249607535322 0.9352245145631067 0.07358712715855574 0.03428398058252427
0 0.7590266875981162 0.9294599514563106 0.0380690737833595 0.02336165048543689
0 0.7960164835164836 0.924757281553398 0.03394819466248038 0.021844660194174755
