0 0.5239403453689169 0.10664441747572814 0.06043956043956044 0.045206310679611644
0 0.5107927786499216 0.15078883495145629 0.03296703296703297 0.03398058252427184
0 0.549646781789639 0.15018203883495143 0.049450549450549455 0.028519417475728153
0 0.5207025117739403 0.16656553398058252 0.05514128728414443 0.01820388349514563
0 0.6028257456828886 0.09344660194174756 0.076138147566719 0.05946601941747572
0 0.6649332810047096 0.10770631067961164 0.04964678178963894 0.021844660194174755
0 0.7228218210361068 0.1083131067961165 0.06495290423861853 0.027305825242718445
0 0.7739403453689169 0.10967839805825241 0.03532182103610675 0.033677184466019416
0 0.8359497645211932 0.10239684466019416 0.03924646781789639 0.022754854368932036
0 0.8708791208791209 0.10179004854368931 0.02786499215070644 0.01608009708737864
0 0.8855965463108321 0.11028519417475727 0.01295133437990581 0.02214805825242718
0 0.8978610675039247 0.10406553398058252 0.01000784929356358 0.013349514563106795
0 0.6080259026687599 0.13607402912621358 0.04807692307692308 0.03853155339805825
0 0.6561028257456829 0.13910800970873785 0.053571428571428575 0.02578883495145631
0 0.7146781789638933 0.13121966019417475 0.057692307692307696 0.022754854368932036
0 0.7779631083202512 0.1309162621359223 0.06652276295133439 0.022754854368932036
0 0.8235871271585558 0.13137135922330095 0.017660910518053376 0.014563106796116504
0 0.8467425431711146 0.1304611650485437 0.02511773940345369 0.01820388349514563
0 0.8711734693877552 0.12591019417475727 0.021781789638932497 0.020631067961165046
0 0.8998233908948196 0.12636529126213591 0.03355572998430142 0.021541262135922327
0 0.6073390894819467 0.15852548543689318 0.052982731554160126 0.02578883495145631
0 0.6598312401883831 0.1686893203883495 0.05160910518053376 0.03094660194174757
0 0.7193877551020409 0.15807038834951456 0.060832025117739406 0.02973300970873786
0 0.7676609105180534 0.16459344660194172 0.0282574568288854 0.02214805825242718
0 0.794348508634223 0.1476031553398058 0.0423861852433281 0.01486650485436893
0 0.7998430141287285 0.16277305825242716 0.02786499215070644 0.019720873786407765
0 0.8234890109890111 0.15776699029126212 0.022174254317111463 0.025485436893203883
0 0.8489992150706437 0.15473300970873785 0.027668759811616955 0.020024271844660192
0 0.8892268445839875 0.15943567961165048 0.048861852433281006 0.02882281553398058
0 0.6107731554160126 0.19038228155339804 0.07201726844583987 0.03974514563106796
0 0.6571821036106751 0.18492111650485435 0.0141287284144427 0.023968446601941744
0 0.674646781789639 0.19478155339805825 0.026687598116169546 0.025485436893203883
0 0.707221350078493 0.1864381067961165 0.038461538461538464 0.022754854368932036
0 0.7449960753532182 0.1943264563106796 0.04415227629513344 0.03549757281553398
0 0.7742346938775511 0.1920509708737864 0.012362637362637364 0.027305825242718445
0 0.7871860282574569 0.185376213592233 0.012362637362637364 0.015169902912621358
0 0.8190737833594977 0.18340412621359223 0.05102040816326531 0.020934466019417473
0 0.8803963893249608 0.185376213592233 0.07044740973312402 0.03762135922330097
0 0.5903649921507065 0.21283373786407764 0.020604395604395604 0.022754854368932036
0 0.6263736263736264 0.2189016990291262 0.059654631083202514 0.031856796116504854
0 0.6847527472527473 0.21617111650485435 0.05278649921507065 0.01911407766990291
0 0.7470565149136578 0.21829490291262135 0.07182103610675039 0.028216019417475726
0 0.8029827315541602 0.21268203883495143 0.031789638932496075 0.035800970873786406
0 0.845859497645212 0.21131674757281552 0.05396389324960754 0.031249999999999997
0 0.8940345368916798 0.20266990291262135 0.039638932496075356 0.028519417475728153
0 0.5950745682888541 0.2390776699029126 0.032378335949764525 0.02973300970873786
0 0.6321624803767661 0.24863470873786406 0.04768445839874411 0.031249999999999997
0 0.675039246467818 0.23862257281553395 0.03296703296703297 0.02032766990291262
0 0.7075156985871272 0.23831917475728154 0.03159340659340659 0.0245752427184466
0 0.7309654631083203 0.24635922330097085 0.011773940345368918 0.023058252427184463
0 0.7471546310832026 0.2412014563106796 0.02295918367346939 0.020024271844660192
0 0.7771781789638933 0.24180825242718446 0.03708791208791209 0.028519417475728153
0 0.8143642072213502 0.2390776699029126 0.038461538461538464 0.02245145631067961
0 0.8448783359497646 0.24317354368932037 0.025313971742543174 0.02336165048543689
0 0.8786302982731554 0.23771237864077668 0.035910518053375196 0.017900485436893203
0 0.9014913657770801 0.2378640776699029 0.011773940345368918 0.023665048543689317
0 0.911401098901099 0.2333131067961165 0.012755102040816327 0.014563106796116504
0 0.606063579277865 0.27063106796116504 0.05514128728414443 0.027305825242718445
0 0.6560047095761382 0.27123786407766987 0.044348508634222926 0.029126213592233007
0 0.7181122448979592 0.26850728155339804 0.07672684458398744 0.03094660194174757
0 0.7782574568288855 0.26638349514563103 0.04003139717425432 0.0212378640776699
0 0.8198587127158556 0.26774878640776695 0.04003139717425432 0.02882281553398058
0 0.8452708006279436 0.26835558252427183 0.010400313971742544 0.022754854368932036
0 0.881083202511774 0.2616808252427184 0.0620094191522763 0.03003640776699029
0 0.6074372056514914 0.2961165048543689 0.05828100470957614 0.03337378640776699
0 0.6743524332810048 0.2942961165048543 0.07437205651491366 0.025485436893203883
0 0.7281200941915228 0.2930825242718446 0.027276295133437992 0.016383495145631068
0 0.7601059654631084 0.294751213592233 0.03944270015698587 0.03003640776699029
0 0.8114207221350079 0.2912621359223301 0.06161695447409733 0.030339805825242715
0 0.8630298273155417 0.2927791262135922 0.03767660910518054 0.028519417475728153
0 0.8989403453689169 0.2891383495145631 0.03218210361067504 0.02487864077669903
0 0.6000784929356359 0.3208434466019417 0.03885400313971743 0.03428398058252427
0 0.6300039246467818 0.3194781553398058 0.018249607535321823 0.0212378640776699
0 0.6511970172684459 0.32220873786407767 0.026491365777080063 0.02245145631067961
0 0.7006475667189953 0.3270631067961165 0.07044740973312402 0.01820388349514563
0 0.7578492935635793 0.3226638349514563 0.04277864992150707 0.02578883495145631
0 0.8070054945054945 0.31568567961165045 0.04925431711145997 0.028216019417475726
0 0.8411499215070645 0.3150788834951456 0.016679748822605967 0.01911407766990291
0 0.8573390894819467 0.3106796116504854 0.014913657770800628 0.020024271844660192
0 0.8698979591836735 0.3131067961165048 0.010596546310832025 0.017597087378640776
0 0.8868720565149137 0.3097694174757281 0.02295918367346939 0.020631067961165046
0 0.9048273155416013 0.3108313106796116 0.015306122448979593 0.03307038834951456
0 0.5885989010989011 0.3463288834951456 0.015894819466248038 0.027002427184466018
0 0.6157770800627944 0.34981796116504854 0.03610675039246468 0.023665048543689317
0 0.6404042386185244 0.3564927184466019 0.011185243328100471 0.023665048543689317
0 0.652668759811617 0.34784587378640774 0.01295133437990581 0.0245752427184466
0 0.6806318681318682 0.3517900485436893 0.042189952904238624 0.02032766990291262
0 0.7073194662480378 0.36058859223300965 0.013540031397174255 0.028216019417475726
0 0.7386185243328101 0.3549757281553398 0.04827315541601256 0.026092233009708737
0 0.7828689167974883 0.34905946601941745 0.030808477237048666 0.014259708737864077
0 0.8086734693877552 0.34572208737864074 0.01883830455259027 0.01729368932038835
0 0.8336930926216641 0.3426881067961165 0.021781789638932497 0.020934466019417473
0 0.8604788069073784 0.34708737864077666 0.02708006279434851 0.025485436893203883
0 0.8851059654631084 0.341626213592233 0.019819466248037678 0.020024271844660192
0 0.9055141287284145 0.3419296116504854 0.023351648351648352 0.03094660194174757
0 0.5908555729984302 0.3743932038834951 0.02001569858712716 0.025485436893203883
0 0.6050824175824177 0.38379854368932037 0.011185243328100471 0.025485436893203883
0 0.6331436420722135 0.37955097087378636 0.048469387755102046 0.026092233009708737
0 0.6806318681318682 0.37939927184466016 0.04101255886970173 0.0245752427184466
0 0.7066326530612246 0.3886529126213592 0.01216640502354788 0.023058252427184463
0 0.7469583987441131 0.37909587378640774 0.06691522762951335 0.02578883495145631
0 0.7925824175824177 0.37499999999999994 0.022762951334379906 0.02973300970873786
0 0.8046507064364208 0.3818264563106796 0.011577708006279436 0.025182038834951456
0 0.8336930926216641 0.3719660194174757 0.04611459968602826 0.02427184466019417
0 0.8701923076923077 0.3704490291262136 0.024529042386185244 0.0212378640776699
0 0.8991365777080064 0.3740898058252427 0.033359497645211934 0.029126213592233007
0 0.5824175824175825 0.40822208737864074 0.01216640502354788 0.028216019417475726
0 0.592032967032967 0.4036711165048543 0.005886970172684459 0.018507281553398057
0 0.6132260596546312 0.40852548543689315 0.03532182103610675 0.03003640776699029
0 0.6656200941915228 0.4047330097087378 0.05416012558869702 0.02427184466019417
0 0.7207613814756673 0.40518810679611644 0.049450549450549455 0.026395631067961164
0 0.753434065934066 0.40609830097087374 0.008830455259026688 0.014259708737864077
0 0.7655023547880692 0.41504854368932037 0.025510204081632654 0.029126213592233007
0 0.8004317111459969 0.40382281553398053 0.04003139717425432 0.0212378640776699
0 0.855671114599686 0.4042779126213592 0.0641679748822606 0.03853155339805825
0 0.9013932496075354 0.402760922330097 0.032770800627943485 0.034890776699029125
0 0.6063579277864992 0.44220266990291257 0.06475667189952905 0.028216019417475726
0 0.645506279434851 0.43992718446601936 0.011970172684458399 0.02487864077669903
0 0.661401098901099 0.43507281553398053 0.019819466248037678 0.019417475728155338
0 0.6918171114599686 0.4359830097087378 0.03669544740973313 0.028519417475728153
0 0.7315541601255887 0.4337075242718446 0.03453689167974883 0.019720873786407765
0 0.7832613814756673 0.4320388349514563 0.06770015698587127 0.020024271844660192
0 0.8346742543171115 0.4303701456310679 0.030808477237048666 0.016686893203883495
0 0.8830455259026688 0.42718446601941745 0.060832025117739406 0.02669902912621359
0 0.5959576138147568 0.4605582524271844 0.0282574568288854 0.019417475728155338
0 0.639030612244898 0.4678398058252427 0.04689952904238619 0.029126213592233007
0 0.6709183673469388 0.4628337378640776 0.014913657770800628 0.015473300970873785
0 0.6913265306122449 0.4591929611650485 0.026295133437990583 0.026395631067961164
0 0.7271389324960754 0.4681432038834951 0.05317896389324961 0.02973300970873786
0 0.7668759811616955 0.4625303398058252 0.020408163265306124 0.022754854368932036
0 0.7984693877551021 0.462378640776699 0.04120879120879121 0.03216019417475728
0 0.8706828885400314 0.45449029126213586 0.09497645211930927 0.023665048543689317
0 0.6059654631083203 0.48907766990291257 0.04552590266875981 0.02427184466019417
0 0.658359497645212 0.4969660194174757 0.05102040816326531 0.02973300970873786
0 0.6997645211930926 0.48953276699029125 0.02001569858712716 0.025182038834951456
0 0.731063579277865 0.4913531553398058 0.04101255886970173 0.022754854368932036
0 0.767072213500785 0.48983616504854366 0.025510204081632654 0.019720873786407765
0 0.8016091051805339 0.48695388349514557 0.03728414442700157 0.0212378640776699
0 0.8533163265306123 0.48786407766990286 0.06573783359497645 0.037014563106796114
0 0.9029631083202513 0.4796723300970873 0.025313971742543174 0.020631067961165046
0 0.6088108320251178 0.5276092233009708 0.06730769230769232 0.03337378640776699
0 0.6481554160125589 0.5209344660194174 0.011381475667189953 0.016383495145631068
0 0.6599293563579278 0.5280643203883495 0.011381475667189953 0.02336165048543689
0 0.6947605965463108 0.5212378640776698 0.06102825745682889 0.02245145631067961
0 0.7455847723704867 0.5309466019417475 0.042189952904238624 0.030339805825242715
0 0.7839481946624804 0.5175970873786407 0.031789638932496075 0.027305825242718445
0 0.8066130298273156 0.5230582524271844 0.009615384615384616 0.023058252427184463
0 0.8314364207221351 0.5180521844660194 0.04120879120879121 0.04035194174757281
0 0.8735282574568289 0.5154733009708737 0.037480376766091054 0.03216019417475728
0 0.9004120879120879 0.5086468446601942 0.016287284144427004 0.017900485436893203
0 0.606456043956044 0.5458131067961165 0.04768445839874411 0.030339805825242715
0 0.6608124018838305 0.5526395631067961 0.05828100470957614 0.034890776699029125
0 0.7031985871271585 0.5455097087378641 0.022174254317111463 0.02245145631067961
0 0.7240973312401884 0.5489987864077669 0.019230769230769232 0.015473300970873785
0 0.743229984301413 0.5577973300970873 0.01707221350078493 0.029429611650485434
0 0.7678571428571429 0.5442961165048543 0.03021978021978022 0.025485436893203883
0 0.793956043956044 0.5418689320388349 0.019623233908948195 0.02487864077669903
0 0.8470368916797488 0.5411104368932038 0.0881083202511774 0.02578883495145631
0 0.9042386185243328 0.5367111650485437 0.02786499215070644 0.028519417475728153
0 0.5903649921507065 0.5763046116504854 0.02413657770800628 0.02578883495145631
0 0.6234301412872841 0.5794902912621359 0.047880690737833596 0.0279126213592233
0 0.6536499215070644 0.5816140776699028 0.011381475667189953 0.0212378640776699
0 0.6920133437990581 0.5709951456310679 0.06652276295133439 0.0212378640776699
0 0.7379317111459969 0.5761529126213591 0.03473312401883831 0.027305825242718445
0 0.7804160125588697 0.5716019417475727 0.04827315541601256 0.02427184466019417
0 0.8274136577708007 0.5723604368932038 0.05278649921507065 0.02882281553398058
0 0.8875588697017269 0.5637135922330097 0.06161695447409733 0.029126213592233007
0 0.6010596546310832 0.6058859223300971 0.03885400313971743 0.023058252427184463
0 0.6463893249607535 0.6081614077669902 0.04395604395604396 0.019720873786407765
0 0.6751373626373627 0.6086165048543689 0.011185243328100471 0.02669902912621359
0 0.6959379905808477 0.600879854368932 0.02923861852433281 0.017900485436893203
0 0.7287087912087913 0.5958737864077669 0.03002354788069074 0.0212378640776699
0 0.7457810047095762 0.6025485436893203 0.010400313971742544 0.020631067961165046
0 0.7791405023547882 0.5961771844660194 0.05317896389324961 0.018810679611650484
0 0.8125 0.600879854368932 0.010400313971742544 0.02214805825242718
0 0.8379120879120879 0.5939016990291262 0.041601255886970175 0.02336165048543689
0 0.8834379905808478 0.5961771844660194 0.05102040816326531 0.02973300970873786
0 0.6093014128728415 0.6324332524271844 0.05690737833594977 0.027609223300970872
0 0.6710164835164836 0.6386529126213591 0.06299058084772372 0.0279126213592233
0 0.7315541601255887 0.6275788834951456 0.05847723704866562 0.026395631067961164
0 0.764030612244898 0.6359223300970873 0.011185243328100471 0.02669902912621359
0 0.793956043956044 0.6269720873786407 0.049450549450549455 0.023968446601941744
0 0.8646978021978022 0.6283373786407767 0.09752747252747253 0.040048543689320384
0 0.6035125588697018 0.6664138349514562 0.042582417582417584 0.03003640776699029
0 0.6316718995290425 0.6624696601941747 0.01098901098901099 0.01608009708737864
0 0.6620879120879122 0.6623179611650485 0.046310832025117744 0.023058252427184463
0 0.7070251177394035 0.6626213592233009 0.03571428571428572 0.01699029126213592
0 0.7386185243328101 0.6683859223300971 0.03218210361067504 0.03155339805825243
0 0.778061224489796 0.6560983009708737 0.04513343799058085 0.02578883495145631
0 0.8209379905808478 0.6509405339805825 0.035910518053375196 0.025182038834951456
0 0.8571428571428572 0.6506371359223301 0.029827315541601257 0.016686893203883495
0 0.8942307692307693 0.6427487864077669 0.04199372056514914 0.02032766990291262
0 0.5934065934065934 0.6915958737864077 0.020800627943485087 0.023968446601941744
0 0.6339285714285715 0.6984223300970873 0.05514128728414443 0.02427184466019417
0 0.6898547880690739 0.6897754854368932 0.0543563579277865 0.028216019417475726
0 0.7491169544740974 0.6867415048543689 0.05788854003139718 0.02214805825242718
0 0.8037676609105181 0.6820388349514562 0.046703296703296704 0.017597087378640776
0 0.851157770800628 0.6793082524271844 0.04650706436420722 0.01699029126213592
0 0.892072213500785 0.6714199029126213 0.034929356357927786 0.01699029126213592
0 0.5960557299843015 0.7293689320388349 0.035910518053375196 0.030339805825242715
0 0.6354003139717426 0.7214805825242718 0.033751962323390894 0.020631067961165046
0 0.680729984301413 0.7222390776699028 0.049843014128728415 0.03731796116504854
0 0.7236067503924647 0.7255764563106796 0.03787284144427002 0.031856796116504854
0 0.7708987441130298 0.7187499999999999 0.05828100470957614 0.04126213592233009
0 0.804945054945055 0.7202669902912621 0.014521193092621665 0.03155339805825243
0 0.8480180533751963 0.7084344660194174 0.07437205651491366 0.03094660194174757
0 0.8893249607535322 0.7058555825242718 0.01098901098901099 0.027609223300970872
0 0.905317896389325 0.6997876213592232 0.022174254317111463 0.020934466019417473
0 0.5991954474097332 0.7481796116504854 0.028453689167974885 0.02669902912621359
0 0.6411891679748823 0.7548543689320387 0.04964678178963894 0.032766990291262135
0 0.6906397174254317 0.7518203883495145 0.048861852433281006 0.020631067961165046
0 0.7361656200941916 0.7536407766990291 0.03355572998430142 0.025485436893203883
0 0.7601059654631084 0.7510618932038834 0.011185243328100471 0.027002427184466018
0 0.7878728414442701 0.7442354368932038 0.044740973312401885 0.019417475728155338
0 0.8404631083202512 0.7363470873786407 0.057692307692307696 0.02245145631067961
0 0.8919740973312402 0.7339199029126213 0.043759811616954476 0.028519417475728153
0 0.5943877551020409 0.7780643203883495 0.029434850863422294 0.02882281553398058
0 0.61175431711146 0.7851941747572815 0.010792778649921508 0.023665048543689317
0 0.633732339089482 0.7853458737864077 0.037480376766091054 0.03246359223300971
0 0.6699372056514914 0.777760922330097 0.03257456828885401 0.025182038834951456
0 0.6929945054945056 0.786256067961165 0.011970172684458399 0.027609223300970872
0 0.7427394034536892 0.7747269417475727 0.0859497645211931 0.026395631067961164
0 0.8244701726844584 0.768507281553398 0.06887755102040817 0.03398058252427184
0 0.8730376766091053 0.7622876213592232 0.026295133437990583 0.01911407766990291
0 0.9009026687598116 0.7568264563106796 0.02904238618524333 0.02578883495145631
0 0.6058673469387755 0.8091626213592232 0.03787284144427002 0.01820388349514563
0 0.6517857142857143 0.8084041262135921 0.05278649921507065 0.02578883495145631
0 0.6972135007849294 0.804004854368932 0.03218210361067504 0.02427184466019417
0 0.7445054945054945 0.809010922330097 0.06750392464678179 0.03974514563106796
0 0.7861067503924647 0.8094660194174756 0.013343799058084773 0.02973300970873786
0 0.8156397174254317 0.7967233009708737 0.045329670329670335 0.0212378640776699
0 0.8570447409733124 0.7911104368932038 0.03473312401883831 0.03246359223300971
0 0.8962912087912088 0.7830703883495145 0.04179748822605966 0.0279126213592233
0 0.619309262166405 0.8435983009708737 0.06318681318681318 0.031249999999999997
0 0.6570839874411304 0.8470873786407767 0.012755102040816327 0.029126213592233007
0 0.6874018838304553 0.8376820388349514 0.04552590266875981 0.020631067961165046
0 0.7426412872841445 0.839502427184466 0.058673469387755105 0.03216019417475728
0 0.7887558869701727 0.8387439320388349 0.024529042386185244 0.027609223300970872
0 0.8284929356357928 0.8247876213592232 0.05180533751962324 0.022754854368932036
0 0.8561616954474098 0.8222087378640776 0.005494505494505495 0.012742718446601941
0 0.8609693877551021 0.8264563106796116 0.011185243328100471 0.025485436893203883
0 0.8921703296703297 0.8147754854368932 0.050824175824175824 0.020934466019417473
0 0.595467032967033 0.8699939320388349 0.01393249607535322 0.019720873786407765
0 0.6082221350078493 0.868628640776699 0.01000784929356358 0.010315533980582523
0 0.6322605965463108 0.8733313106796116 0.03532182103610675 0.02336165048543689
0 0.6592425431711146 0.8731796116504854 0.010792778649921508 0.0279126213592233
0 0.6952511773940345 0.868021844660194 0.06161695447409733 0.0279126213592233
0 0.7495094191522763 0.8640776699029126 0.04493720565149137 0.04368932038834951
0 0.7839481946624804 0.8545206310679611 0.021585557299843017 0.023968446601941744
0 0.7999411302982732 0.8646844660194174 0.013540031397174255 0.0279126213592233
0 0.8448783359497646 0.8528519417475727 0.07868916797488226 0.02669902912621359
0 0.9037480376766092 0.8469356796116504 0.03002354788069074 0.019720873786407765
0 0.6135204081632654 0.8925970873786407 0.0500392464678179 0.028519417475728153
0 0.644721350078493 0.9026092233009708 0.013147566718995292 0.027305825242718445
0 0.6804356357927787 0.8988167475728155 0.05788854003139718 0.034890776699029125
0 0.7416601255886971 0.8986650485436892 0.05788854003139718 0.03762135922330097
0 0.7708987441130298 0.8995752427184466 0.012755102040816327 0.027305825242718445
0 0.8145604395604396 0.8845570388349514 0.06907378335949765 0.02336165048543689
0 0.881868131868132 0.8837985436893203 0.06397174254317112 0.04126213592233009
0 0.6053767660910518 0.9317354368932038 0.04866562009419152 0.035800970873786406
0 0.6609105180533752 0.9235436893203882 0.05847723704866562 0.02245145631067961
0 0.6945643642072213 0.9291565533980581 0.011577708006279436 0.026395631067961164
0 0.7213500784929356 0.924757281553398 0.04552590266875981 0.037014563106796114
0 0.7796310832025118 0.9211165048543688 0.06161695447409733 0.032766990291262135
0 0.8635204081632654 0.9174757281553397 0.10419937205651492 0.0345873786407767
