0 0.22301805337519626 0.07964199029126214 0.12853218210361067 0.031249999999999997
0 0.30180533751962324 0.07251213592233009 0.02708006279434851 0.02245145631067961
0 0.3280023547880691 0.07251213592233009 0.023351648351648352 0.025485436893203883
0 0.36616954474097335 0.07509101941747572 0.04513343799058085 0.028216019417475726
0 0.4010989010989011 0.07873179611650485 0.025510204081632654 0.023968446601941744
0 0.4434850863422292 0.0847997572815534 0.054552590266875985 0.03610436893203883
0 0.18014128728414444 0.10012135922330097 0.03218210361067504 0.023665048543689317
0 0.21771978021978022 0.10983009708737863 0.06102825745682889 0.0424757281553398
0 0.27649136577708006 0.11043689320388349 0.05612244897959184 0.03822815533980582
0 0.3488029827315542 0.10861650485436893 0.0837912087912088 0.037014563106796114
0 0.4342621664050236 0.11256067961165048 0.06357927786499215 0.030339805825242715
0 0.19740973312401885 0.14290048543689318 0.0804552590266876 0.02973300970873786
0 0.26285321821036106 0.14153519417475727 0.05278649921507065 0.0245752427184466
0 0.3247645211930926 0.13364684466019416 0.04356357927786499 0.03003640776699029
0 0.3737244897959184 0.14047330097087377 0.04925431711145997 0.03216019417475728
0 0.4195447409733124 0.13698422330097088 0.03414442700156986 0.02882281553398058
0 0.4619309262166405 0.14153519417475727 0.05494505494505495 0.04277912621359223
0 0.19554552590266877 0.17263349514563106 0.05788854003139718 0.03155339805825243
0 0.23881475667189955 0.1777912621359223 0.03414442700156986 0.02973300970873786
0 0.28139717425431715 0.17248179611650483 0.05023547880690738 0.02214805825242718
0 0.3527276295133438 0.1688410194174757 0.0641679748822606 0.034890776699029125
0 0.4194466248037677 0.16793082524271843 0.026491365777080063 0.025182038834951456
0 0.465168759811617 0.16656553398058252 0.05474882260596547 0.02427184466019417
0 0.17729591836734696 0.19842233009708737 0.03198587127158556 0.02427184466019417
0 0.21938775510204084 0.2076759708737864 0.028649921507064365 0.030643203883495142
0 0.2631475667189953 0.201001213592233 0.023155416012558872 0.026395631067961164
0 0.30347331240188385 0.20449029126213591 0.04611459968602826 0.03216019417475728
0 0.3715659340659341 0.2067657766990291 0.08928571428571429 0.03610436893203883
0 0.4528061224489796 0.2034283980582524 0.06966248037676609 0.04338592233009708
0 0.19260204081632654 0.2333131067961165 0.05710361067503925 0.023058252427184463
0 0.2657967032967033 0.23695388349514562 0.05121664050235479 0.029126213592233007
0 0.3280023547880691 0.23574029126213591 0.06730769230769232 0.0345873786407767
0 0.3976648351648352 0.23543689320388347 0.0641679748822606 0.02973300970873786
0 0.46212715855573 0.22663834951456308 0.05062794348508635 0.029126213592233007
0 0.1896585557299843 0.2600121359223301 0.048861852433281006 0.02669902912621359
0 0.250392464678179 0.2627427184466019 0.03610675039246468 0.0212378640776699
0 0.29287676609105184 0.2636529126213592 0.04101255886970173 0.028519417475728153
0 0.345074568288854 0.27002427184466016 0.05788854003139718 0.03216019417475728
0 0.4095368916797488 0.27427184466019416 0.0816326530612245 0.03640776699029126
0 0.4639913657770801 0.27229975728155337 0.043759811616954476 0.03671116504854369
0 0.1936813186813187 0.3005157766990291 0.05533751962323391 0.04035194174757281
0 0.3130886970172685 0.2970266990291262 0.12853218210361067 0.038834951456310676
0 0.448489010989011 0.2974817961165048 0.03708791208791209 0.019720873786407765
0 0.2300824175824176 0.33131067961165045 0.08850078492935637 0.026092233009708737
0 0.2934654631083203 0.3338895631067961 0.048861852433281006 0.03731796116504854
0 0.35665227629513346 0.32903519417475724 0.08300627943485087 0.03246359223300971
0 0.44014913657770804 0.3263046116504854 0.0804552590266876 0.030643203883495142
0 0.17974882260596547 0.36407766990291257 0.025510204081632654 0.01699029126213592
0 0.20987048665620095 0.3713592233009708 0.03355572998430142 0.03216019417475728
0 0.24234693877551022 0.36210558252427183 0.022370486656200943 0.022754854368932036
0 0.28983516483516486 0.3577063106796116 0.06436420722135008 0.02427184466019417
0 0.33594976452119313 0.3687803398058252 0.03924646781789639 0.033677184466019416
0 0.38265306122448983 0.3577063106796116 0.05533751962323391 0.035800970873786406
0 0.46222527472527475 0.3545206310679611 0.0543563579277865 0.030643203883495142
0 0.2607927786499215 0.3954793689320388 0.04591836734693878 0.034890776699029125
