0 0.1240188383045526 0.06826456310679611 0.07496075353218211 0.05218446601941747
0 0.19642857142857145 0.06947815533980582 0.05337519623233909 0.04490291262135922
0 0.23214285714285715 0.07524271844660194 0.01805337519623234 0.03094660194174757
0 0.29866562009419156 0.07129854368932038 0.07339089481946626 0.04368932038834951
0 0.2902276295133438 0.07251213592233009 0.09183673469387756 0.03640776699029126
0 0.3606750392464678 0.08525485436893203 0.05612244897959184 0.0424757281553398
0 0.42366562009419156 0.07554611650485436 0.06436420722135008 0.04490291262135922
0 0.46722919937205654 0.08191747572815533 0.02197802197802198 0.03822815533980582
0 0.18347723704866564 0.1016383495145631 0.01883830455259027 0.01699029126213592
0 0.23351648351648352 0.10376213592233009 0.044348508634222926 0.0345873786407767
0 0.22429356357927788 0.10345873786407767 0.06357927786499215 0.030339805825242715
0 0.28728414442700156 0.10527912621359223 0.03728414442700157 0.029126213592233007
0 0.2794348508634223 0.11013349514563106 0.052982731554160126 0.03398058252427184
0 0.3196624803767661 0.1083131067961165 0.0282574568288854 0.0279126213592233
0 0.3504709576138148 0.10649271844660194 0.029434850863422294 0.02669902912621359
0 0.3793171114599686 0.10922330097087378 0.0282574568288854 0.026092233009708737
0 0.4523155416012559 0.10891990291262135 0.06750392464678179 0.03155339805825243
0 0.4407378335949765 0.10922330097087378 0.09065934065934067 0.03216019417475728
0 0.20918367346938777 0.12591019417475727 0.029434850863422294 0.02669902912621359
0 0.19603610675039249 0.12469660194174756 0.05572998430141288 0.029126213592233007
0 0.24352433281004712 0.12924757281553398 0.020408163265306124 0.02245145631067961
0 0.23626373626373628 0.13440533980582522 0.033359497645211934 0.03398058252427184
0 0.2757064364207222 0.13258495145631066 0.04395604395604396 0.02669902912621359
0 0.3504709576138148 0.13925970873786406 0.0773155416012559 0.038834951456310676
0 0.3439952904238619 0.13925970873786406 0.08948194662480377 0.03398058252427184
0 0.41463893249607536 0.1307645631067961 0.03610675039246468 0.02669902912621359
0 0.4099293563579278 0.13683252427184464 0.05023547880690738 0.03398058252427184
0 0.4578100470957614 0.13440533980582522 0.04081632653061225 0.029126213592233007
0 0.1936813186813187 0.15382281553398056 0.038461538461538464 0.029126213592233007
0 0.23528257456828885 0.15958737864077668 0.04081632653061225 0.03337378640776699
0 0.30416012558869704 0.15989077669902912 0.031789638932496075 0.02669902912621359
0 0.34438775510204084 0.16110436893203883 0.046310832025117744 0.029126213592233007
0 0.4154238618524333 0.16019417475728154 0.08791208791208792 0.026092233009708737
0 0.4790031397174255 0.16595873786407767 0.020408163265306124 0.038834951456310676
0 0.19662480376766092 0.17930825242718446 0.04591836734693878 0.02669902912621359
0 0.25176609105180536 0.18082524271844658 0.05886970172684459 0.02973300970873786
0 0.32103610675039246 0.1844660194174757 0.07967032967032968 0.03216019417475728
0 0.4012951334379906 0.18841019417475727 0.031397174254317116 0.023058252427184463
0 0.3895211930926217 0.18841019417475727 0.05494505494505495 0.025485436893203883
0 0.42719780219780223 0.19508495145631066 0.03924646781789639 0.03398058252427184
0 0.46605180533751966 0.1911407766990291 0.038461538461538464 0.02487864077669903
0 0.1925039246467818 0.2087378640776699 0.0565149136577708 0.04065533980582524
0 0.25392464678178966 0.21753640776699026 0.0663265306122449 0.03519417475728155
0 0.3180926216640503 0.21632281553398056 0.05808477237048666 0.025485436893203883
0 0.3842229199372057 0.2157160194174757 0.07182103610675039 0.03640776699029126
0 0.45310047095761385 0.21753640776699026 0.06279434850863423 0.030339805825242715
0 0.18897174254317112 0.23513349514563106 0.019623233908948195 0.01699029126213592
0 0.2405808477237049 0.2412014563106796 0.07967032967032968 0.038834951456310676
0 0.33850078492935637 0.24271844660194172 0.03767660910518054 0.027305825242718445
0 0.3732339089481947 0.24150485436893201 0.028649921507064365 0.02487864077669903
0 0.4014913657770801 0.24423543689320387 0.025510204081632654 0.030339805825242715
0 0.45486656200941916 0.24605582524271843 0.05376766091051806 0.038834951456310676
0 0.18622448979591838 0.2660800970873786 0.03453689167974883 0.03519417475728155
0 0.2186028257456829 0.2715412621359223 0.03885400313971743 0.03155339805825243
0 0.2564756671899529 0.26729368932038833 0.036891679748822605 0.025485436893203883
0 0.2890502354788069 0.27427184466019416 0.029827315541601257 0.03216019417475728
0 0.3494897959183674 0.2682038834951456 0.06279434850863423 0.03216019417475728
0 0.34321036106750397 0.26972087378640774 0.07535321821036108 0.030339805825242715
0 0.42288069073783363 0.26911407766990286 0.08555729984301413 0.029126213592233007
0 0.184850863422292 0.29095873786407767 0.028649921507064365 0.02669902912621359
0 0.22311616954474098 0.2945995145631068 0.04395604395604396 0.032766990291262135
0 0.26805337519623235 0.2924757281553398 0.044348508634222926 0.03094660194174757
0 0.27649136577708006 0.2912621359223301 0.059654631083202514 0.02245145631067961
0 0.33182888540031397 0.30066747572815533 0.06828885400313972 0.038834951456310676
0 0.451530612244898 0.2952063106796116 0.05023547880690738 0.021844660194174755
0 0.440934065934066 0.2973300970873786 0.07299843014128729 0.02245145631067961
0 0.19289638932496075 0.31917475728155337 0.041601255886970175 0.027305825242718445
0 0.2686420722135008 0.3285800970873786 0.03296703296703297 0.03640776699029126
0 0.29611459968602827 0.3225121359223301 0.02197802197802198 0.029126213592233007
0 0.3732339089481947 0.31978155339805825 0.1314756671899529 0.027305825242718445
0 0.4684065934065934 0.3237257281553398 0.03610675039246468 0.03640776699029126
0 0.1936813186813187 0.3443567961165048 0.044740973312401885 0.02669902912621359
0 0.24529042386185246 0.3519417475728155 0.051412872841444274 0.02973300970873786
0 0.2914050235478807 0.3589199029126213 0.05023547880690738 0.029126213592233007
0 0.3282967032967033 0.35922330097087374 0.029827315541601257 0.02973300970873786
0 0.36381475667189955 0.3507281553398058 0.04120879120879121 0.04186893203883495
0 0.42288069073783363 0.34678398058252424 0.030612244897959186 0.029126213592233007
0 0.2066326530612245 0.3698422330097087 0.06907378335949765 0.03155339805825243
0 0.25529827315541603 0.37591019417475724 0.031397174254317116 0.02427184466019417
0 0.28316326530612246 0.38137135922330095 0.03532182103610675 0.029126213592233007
0 0.3347723704866562 0.3850121359223301 0.07103610675039247 0.032766990291262135
0 0.42111459968602827 0.3810679611650485 0.051412872841444274 0.03337378640776699
0 0.4091444270015699 0.38137135922330095 0.07221350078492936 0.030339805825242715
0 0.46722919937205654 0.37894417475728154 0.04081632653061225 0.0279126213592233
0 0.2003532182103611 0.397754854368932 0.05494505494505495 0.029126213592233007
0 0.24018838304552592 0.39593446601941745 0.023940345368916798 0.030339805825242715
0 0.2713893249607536 0.40746359223300965 0.05180533751962324 0.03398058252427184
0 0.33614599686028257 0.4056432038834951 0.059654631083202514 0.025485436893203883
0 0.44191522762951335 0.40989077669902907 0.08830455259026689 0.04368932038834951
0 0.43328100470957615 0.41080097087378636 0.10478806907378337 0.043082524271844655
0 0.18681318681318682 0.43052184466019416 0.060832025117739406 0.038834951456310676
0 0.24882260596546313 0.4256674757281553 0.025510204081632654 0.03155339805825243
0 0.23959968602825746 0.42597087378640774 0.046310832025117744 0.037014563106796114
0 0.2753139717425432 0.426881067961165 0.02511773940345369 0.02427184466019417
0 0.3012166405023548 0.42748786407766987 0.026687598116169546 0.029126213592233007
0 0.33594976452119313 0.43052184466019416 0.04199372056514914 0.03155339805825243
0 0.3958006279434851 0.4378033980582524 0.03296703296703297 0.029126213592233007
0 0.5251177394034537 0.4681432038834951 0.0003924646781789639 0.0
0 0.45074568288854006 0.43173543689320387 0.07142857142857144 0.04126213592233009
0 0.37029042386185246 0.4329490291262136 0.026687598116169546 0.03640776699029126
0 0.19387755102040818 0.4514563106796116 0.04120879120879121 0.018810679611650484
0 0.2588304552590267 0.45479368932038833 0.04866562009419152 0.03398058252427184
0 0.24960753532182106 0.4535800970873786 0.06475667189952905 0.03398058252427184
0 0.3122056514913658 0.45479368932038833 0.06436420722135008 0.03155339805825243
0 0.4087519623233909 0.45600728155339804 0.031397174254317116 0.029126213592233007
0 0.4364207221350079 0.45479368932038833 0.023155416012558872 0.03155339805825243
0 0.4699764521193093 0.4590412621359223 0.04395604395604396 0.0279126213592233
0 0.36832810047095765 0.45782766990291257 0.044740973312401885 0.0279126213592233
0 0.2186028257456829 0.47542475728155337 0.05533751962323391 0.03398058252427184
0 0.2089874411302983 0.4748179611650485 0.07456828885400314 0.040048543689320384
0 0.266679748822606 0.4839199029126213 0.03610675039246468 0.03155339805825243
0 0.31475667189952905 0.48422330097087374 0.06318681318681318 0.04065533980582524
0 0.3069073783359498 0.48695388349514557 0.049843014128728415 0.032766990291262135
0 0.36401098901098905 0.480885922330097 0.03610675039246468 0.032766990291262135
0 0.42935635792778654 0.48331310679611644 0.062401883830455265 0.025485436893203883
0 0.47566718995290425 0.4839199029126213 0.029434850863422294 0.01699029126213592
0 0.3983516483516484 0.7964199029126213 0.04513343799058085 0.05339805825242718
0 0.18622448979591838 0.5045509708737863 0.04552590266875981 0.02669902912621359
0 0.22704081632653061 0.5103155339805825 0.038461538461538464 0.03944174757281553
0 0.2904238618524333 0.5051577669902912 0.03571428571428572 0.025485436893203883
0 0.28512558869701726 0.5081917475728155 0.05416012558869702 0.03155339805825243
0 0.2782574568288854 0.5045509708737863 0.06318681318681318 0.03398058252427184
0 0.32986656200941916 0.5133495145631067 0.03767660910518054 0.04186893203883495
0 0.3622448979591837 0.5075849514563107 0.028649921507064365 0.03155339805825243
0 0.4099293563579278 0.5121359223300971 0.06750392464678179 0.03822815533980582
0 0.46350078492935637 0.5124393203883495 0.051412872841444274 0.03398058252427184
0 0.1946624803767661 0.5324635922330097 0.05062794348508635 0.03155339805825243
0 0.28669544740973313 0.5361043689320388 0.06907378335949765 0.038834951456310676
0 0.36145996860282575 0.5382281553398057 0.0773155416012559 0.03094660194174757
0 0.451138147566719 0.5385315533980582 0.06750392464678179 0.03398058252427184
0 0.19270015698587128 0.5597694174757281 0.044348508634222926 0.0279126213592233
0 0.2305729984301413 0.5640169902912621 0.03532182103610675 0.021844660194174755
0 0.27256671899529045 0.5697815533980582 0.05023547880690738 0.04429611650485436
0 0.33869701726844587 0.5655339805825242 0.08516483516483517 0.03337378640776699
0 0.39521193092621665 0.5652305825242718 0.025510204081632654 0.02427184466019417
0 0.4597723704866562 0.5625 0.05886970172684459 0.03216019417475728
0 0.4503532182103611 0.5628033980582524 0.08320251177394035 0.029126213592233007
0 0.22586342229199374 0.5931432038834951 0.05023547880690738 0.04368932038834951
0 0.22115384615384617 0.5949635922330097 0.06043956043956044 0.040048543689320384
0 0.2668759811616955 0.5949635922330097 0.025510204081632654 0.03519417475728155
0 0.320447409733124 0.5943567961165048 0.07692307692307693 0.03398058252427184
0 0.33222135007849296 0.5922330097087378 0.05494505494505495 0.028519417475728153
0 0.38029827315541603 0.5964805825242718 0.04199372056514914 0.03216019417475728
0 0.4201334379905809 0.5901092233009708 0.05337519623233909 0.03398058252427184
0 0.4666405023547881 0.587378640776699 0.039638932496075356 0.028519417475728153
0 0.20153061224489796 0.6183252427184466 0.05886970172684459 0.027305825242718445
0 0.3797095761381476 0.6162014563106796 0.03218210361067504 0.02427184466019417
0 0.43367346938775514 0.616504854368932 0.07417582417582418 0.03944174757281553
0 0.5217817896389325 0.08131067961165048 0.052590266875981166 0.03822815533980582
0 0.5072605965463108 0.1240898058252427 0.02197802197802198 0.019417475728155338
0 0.5366954474097332 0.1253033980582524 0.04866562009419152 0.0279126213592233
0 0.528061224489796 0.14805825242718446 0.06514913657770802 0.02245145631067961
0 0.603414442700157 0.07008495145631068 0.09654631083202513 0.08009708737864077
0 0.6752354788069074 0.08737864077669902 0.0565149136577708 0.03094660194174757
0 0.7379317111459969 0.08237257281553398 0.06887755102040817 0.031856796116504854
0 0.7965070643642073 0.07190533980582524 0.052982731554160126 0.032766990291262135
0 0.8448783359497646 0.07858009708737863 0.04297488226059655 0.029126213592233007
0 0.8376177394034537 0.07524271844660194 0.03159340659340659 0.017597087378640776
0 0.5916405023547882 0.11665655339805825 0.03100470957613815 0.021541262135922327
0 0.6281397174254317 0.11438106796116504 0.051412872841444274 0.037014563106796114
0 0.6741562009419153 0.1084648058252427 0.03944270015698587 0.023968446601941744
0 0.7203689167974883 0.10740291262135922 0.04827315541601256 0.021844660194174755
0 0.7606946624803768 0.10300364077669902 0.031200941915227633 0.027002427184466018
0 0.7922880690737834 0.10118325242718446 0.03159340659340659 0.027002427184466018
0 0.8190737833594977 0.09875606796116504 0.021585557299843017 0.03003640776699029
0 0.8726452119309263 0.10285194174757281 0.05729984301412873 0.027305825242718445
0 0.8662676609105181 0.10209344660194174 0.07044740973312402 0.029429611650485434
0 0.6001766091051806 0.14290048543689318 0.052001569858712716 0.027305825242718445
0 0.657967032967033 0.14168689320388347 0.04591836734693878 0.02427184466019417
0 0.7239992150706437 0.14259708737864077 0.06063579277864992 0.03337378640776699
0 0.7168367346938775 0.140625 0.07574568288854004 0.033677184466019416
0 0.7846350078492936 0.13212985436893201 0.028453689167974885 0.02032766990291262
0 0.8059262166405023 0.1284890776699029 0.01883830455259027 0.027609223300970872
0 0.7748233908948196 0.13334344660194172 0.04297488226059655 0.026395631067961164
0 0.8592032967032968 0.12424150485436893 0.08575353218210362 0.031856796116504854
0 0.5955651491365778 0.17248179611650483 0.057692307692307696 0.03549757281553398
0 0.6532574568288855 0.16489684466019416 0.05533751962323391 0.027609223300970872
0 0.6977040816326531 0.16838592233009708 0.031200941915227633 0.027305825242718445
0 0.7373430141287285 0.1608009708737864 0.04179748822605966 0.028519417475728153
0 0.7725667189952905 0.16064927184466019 0.029827315541601257 0.022754854368932036
0 0.7964089481946626 0.15670509708737862 0.02374411302982732 0.029429611650485434
0 0.8222135007849294 0.15473300970873785 0.023547880690737835 0.021844660194174755
0 0.8600863422291994 0.15837378640776698 0.049843014128728415 0.032766990291262135
0 0.5919348508634223 0.19675364077669902 0.04415227629513344 0.034890776699029125
0 0.6351059654631084 0.19569174757281552 0.02413657770800628 0.0345873786407767
0 0.6294152276295134 0.1931128640776699 0.035910518053375196 0.03974514563106796
0 0.6656200941915228 0.1920509708737864 0.03414442700156986 0.020024271844660192
0 0.6992739403453689 0.19569174757281552 0.0402276295133438 0.027305825242718445
0 0.7785518053375197 0.18947208737864077 0.04140502354788069 0.03246359223300971
0 0.8139717425431712 0.18037014563106796 0.029434850863422294 0.02578883495145631
0 0.8452708006279436 0.17900485436893201 0.03198587127158556 0.02427184466019417
0 0.8783359497645212 0.1777912621359223 0.029827315541601257 0.023665048543689317
0 0.6264717425431712 0.21859830097087377 0.05239403453689168 0.03246359223300971
0 0.6732731554160126 0.21814320388349512 0.036499215070643645 0.0212378640776699
0 0.7062401883830456 0.21966019417475727 0.02708006279434851 0.029126213592233007
0 0.7672684458398744 0.2091929611650485 0.04042386185243328 0.022754854368932036
0 0.8119113029827316 0.21237864077669902 0.05474882260596547 0.029126213592233007
0 0.8610675039246468 0.20509708737864077 0.04120879120879121 0.029126213592233007
0 0.896585557299843 0.20418689320388347 0.031789638932496075 0.021844660194174755
0 0.5899725274725275 0.24453883495145629 0.024921507064364207 0.017597087378640776
0 0.6128335949764522 0.24211165048543687 0.018445839874411302 0.023665048543689317
0 0.6495290423861853 0.23877427184466019 0.031789638932496075 0.01820388349514563
0 0.6448194662480378 0.24059466019417475 0.04356357927786499 0.01820388349514563
0 0.6856357927786499 0.24438713592233008 0.04709576138147567 0.031856796116504854
0 0.7372448979591837 0.23938106796116504 0.036891679748822605 0.021844660194174755
0 0.7325353218210362 0.24393203883495143 0.04552590266875981 0.027305825242718445
0 0.7695251177394035 0.23498179611650483 0.026491365777080063 0.027002427184466018
0 0.812892464678179 0.23710558252427183 0.056711145996860286 0.026395631067961164
0 0.8767660910518054 0.23376820388349512 0.07025117739403454 0.028216019417475726
0 0.5902668759811617 0.27063106796116504 0.031789638932496075 0.029126213592233007
0 0.6259811616954475 0.26972087378640774 0.04003139717425432 0.03094660194174757
0 0.6747448979591837 0.26653519417475724 0.06102825745682889 0.028216019417475726
0 0.7262558869701727 0.27184466019417475 0.04003139717425432 0.0279126213592233
0 0.7601059654631084 0.2682038834951456 0.026491365777080063 0.0279126213592233
0 0.7890502354788069 0.2609223300970874 0.033359497645211934 0.03398058252427184
0 0.8325156985871273 0.25546116504854366 0.025313971742543174 0.02427184466019417
0 0.8806907378335951 0.25637135922330095 0.06750392464678179 0.026092233009708737
0 0.6079277864992151 0.294751213592233 0.022370486656200943 0.01911407766990291
0 0.5998822605965464 0.2956614077669903 0.038461538461538464 0.020934466019417473
0 0.6509026687598116 0.2942961165048543 0.0565149136577708 0.03640776699029126
0 0.6563971742543171 0.294751213592233 0.046310832025117744 0.033677184466019416
0 0.7183084772370487 0.2906553398058252 0.020604395604395604 0.025485436893203883
0 0.7085949764521193 0.29202063106796117 0.04120879120879121 0.0245752427184466
0 0.7611852433281006 0.28989684466019416 0.04709576138147567 0.031249999999999997
0 0.815149136577708 0.28898665048543687 0.036499215070643645 0.026395631067961164
0 0.8109301412872842 0.28792475728155337 0.04650706436420722 0.027305825242718445
0 0.8574372056514914 0.2806432038834951 0.03002354788069074 0.023665048543689317
0 0.8925627943485087 0.2806432038834951 0.039050235478806906 0.023665048543689317
0 0.5987048665620095 0.3235740291262136 0.036891679748822605 0.021541262135922327
0 0.6302982731554161 0.3225121359223301 0.025510204081632654 0.03398058252427184
0 0.6505102040816327 0.31765776699029125 0.014913657770800628 0.02427184466019417
0 0.6903453689167975 0.3234223300970874 0.06475667189952905 0.02973300970873786
0 0.7498037676609106 0.3182645631067961 0.04866562009419152 0.02669902912621359
0 0.7892464678178964 0.31705097087378636 0.023940345368916798 0.02427184466019417
0 0.8282967032967034 0.3161407766990291 0.05180533751962324 0.03216019417475728
0 0.8769623233908949 0.31219660194174753 0.05180533751962324 0.038834951456310676
0 0.5990973312401884 0.35254854368932037 0.05337519623233909 0.037014563106796114
0 0.6450156985871272 0.34648058252427183 0.03924646781789639 0.02487864077669903
0 0.7066326530612246 0.3452669902912621 0.06357927786499215 0.026092233009708737
0 0.8021978021978022 0.34132281553398053 0.07025117739403454 0.02427184466019417
0 0.8494897959183674 0.34374999999999994 0.02511773940345369 0.029126213592233007
0 0.8926609105180534 0.33798543689320387 0.03610675039246468 0.035800970873786406
0 0.6108712715855573 0.37712378640776695 0.0565149136577708 0.025485436893203883
0 0.6224489795918368 0.3756067961165048 0.031789638932496075 0.02973300970873786
0 0.668956043956044 0.37773058252427183 0.05494505494505495 0.029126213592233007
0 0.7127158555729984 0.37955097087378636 0.026295133437990583 0.03398058252427184
0 0.7519623233908949 0.37469660194174753 0.04905808477237049 0.0279126213592233
0 0.7951334379905809 0.3743932038834951 0.03414442700156986 0.035800970873786406
0 0.8453689167974883 0.36377427184466016 0.06946624803767662 0.025485436893203883
0 0.896978021978022 0.36316747572815533 0.030612244897959186 0.01820388349514563
0 0.6234301412872841 0.4035194174757281 0.07849293563579278 0.03094660194174757
0 0.679945054945055 0.4035194174757281 0.026687598116169546 0.0212378640776699
0 0.7113422291993721 0.4068567961165048 0.04081632653061225 0.0279126213592233
0 0.7521585557299844 0.40898058252427183 0.04081632653061225 0.027305825242718445
0 0.79925431711146 0.4016990291262136 0.0565149136577708 0.03216019417475728
0 0.8620486656200942 0.39350728155339804 0.05337519623233909 0.02669902912621359
0 0.9040423861852434 0.39047330097087374 0.02904238618524333 0.0279126213592233
0 0.5951726844583988 0.4381067961165048 0.0282574568288854 0.03216019417475728
0 0.6000784929356359 0.43841019417475724 0.046703296703296704 0.03398058252427184
0 0.6611067503924647 0.4347694174757281 0.07221350078492936 0.03640776699029126
0 0.7356750392464678 0.4347694174757281 0.0423861852433281 0.02669902912621359
0 0.8098508634222921 0.42627427184466016 0.04866562009419152 0.021844660194174755
0 0.7972919937205653 0.4299150485436893 0.07299843014128729 0.02669902912621359
0 0.8520408163265306 0.42081310679611644 0.036499215070643645 0.02427184466019417
0 0.8956043956043956 0.4214199029126213 0.04827315541601256 0.02669902912621359
0 0.6267660910518054 0.4632888349514563 0.04042386185243328 0.02427184466019417
0 0.6155808477237049 0.4629854368932038 0.06593406593406594 0.02487864077669903
0 0.6785714285714286 0.4626820388349514 0.05612244897959184 0.03398058252427184
0 0.7484301412872841 0.45479368932038833 0.04827315541601256 0.02669902912621359
0 0.7831632653061225 0.45449029126213586 0.02119309262166405 0.02245145631067961
0 0.8157378335949765 0.4487257281553398 0.03610675039246468 0.023058252427184463
0 0.8612637362637363 0.4523665048543689 0.06122448979591837 0.030339805825242715
0 0.9042386185243328 0.44265776699029125 0.023940345368916798 0.020631067961165046
0 0.6077315541601256 0.4960558252427184 0.06907378335949765 0.03155339805825243
0 0.6599293563579278 0.4824029126213592 0.0282574568288854 0.02245145631067961
0 0.6913265306122449 0.48452669902912615 0.033751962323390894 0.030339805825242715
0 0.7545133437990581 0.4839199029126213 0.08948194662480377 0.03762135922330097
0 0.8229984301412874 0.4814927184466019 0.0380690737833595 0.030339805825242715
0 0.8569466248037677 0.47754854368932037 0.031397174254317116 0.03337378640776699
0 0.897370486656201 0.47390776699029125 0.04709576138147567 0.03094660194174757
0 0.6016483516483517 0.5188106796116504 0.03257456828885401 0.020024271844660192
0 0.6654238618524333 0.5160800970873786 0.0620094191522763 0.02427184466019417
0 0.658751962323391 0.5151699029126213 0.07535321821036108 0.027305825242718445
0 0.7187990580847724 0.5154733009708737 0.046310832025117744 0.030339805825242715
0 0.7896389324960754 0.5087985436893203 0.04356357927786499 0.029126213592233007
0 0.7853218210361068 0.5087985436893203 0.057692307692307696 0.029126213592233007
0 0.832613814756672 0.5066747572815533 0.04003139717425432 0.02487864077669903
0 0.8726452119309263 0.5033373786407767 0.03924646781789639 0.032766990291262135
0 0.903061224489796 0.5006067961165048 0.03021978021978022 0.03216019417475728
0 0.6120486656200942 0.5455097087378641 0.06985871271585557 0.043082524271844655
0 0.6748430141287285 0.5449029126213591 0.04709576138147567 0.03094660194174757
0 0.7160518053375197 0.5367111650485437 0.03296703296703297 0.021844660194174755
0 0.7492150706436421 0.5427791262135921 0.039638932496075356 0.03155339805825243
0 0.8275117739403454 0.5330703883495145 0.07378335949764521 0.02427184466019417
0 0.8914835164835165 0.527002427184466 0.05337519623233909 0.02669902912621359
0 0.6051805337519623 0.5731189320388349 0.03885400313971743 0.021844660194174755
0 0.6507064364207221 0.5743325242718446 0.04827315541601256 0.02427184466019417
0 0.7148744113029828 0.5643203883495145 0.05023547880690738 0.023665048543689317
0 0.7643249607535322 0.5615898058252426 0.049450549450549455 0.020631067961165046
0 0.8122056514913658 0.5573422330097086 0.047880690737833596 0.02669902912621359
0 0.8734301412872842 0.5555218446601942 0.07299843014128729 0.032766990291262135
0 0.6026295133437991 0.5973907766990291 0.033751962323390894 0.02669902912621359
0 0.6736656200941915 0.5949635922330097 0.03296703296703297 0.021844660194174755
0 0.6595368916797488 0.5949635922330097 0.06436420722135008 0.02669902912621359
0 0.7113422291993721 0.5967839805825242 0.03610675039246468 0.03155339805825243
0 0.7148744113029828 0.5885922330097086 0.02904238618524333 0.023665048543689317
0 0.7529434850863422 0.5934466019417475 0.04709576138147567 0.028519417475728153
0 0.8047488226059655 0.5870752427184466 0.03767660910518054 0.02427184466019417
0 0.9065934065934066 0.5791868932038834 0.02708006279434851 0.025485436893203883
0 0.6454081632653061 0.625 0.03532182103610675 0.02487864077669903
0 0.6242150706436421 0.6246966019417475 0.07692307692307693 0.029126213592233007
0 0.6927001569858713 0.6240898058252426 0.03021978021978022 0.020631067961165046
0 0.7525510204081634 0.6231796116504854 0.09811616954474098 0.03094660194174757
0 0.8279042386185244 0.6149878640776698 0.05180533751962324 0.03762135922330097
0 0.8681318681318682 0.6113470873786407 0.04199372056514914 0.038834951456310676
0 0.6053767660910518 0.6538228155339805 0.03767660910518054 0.021844660194174755
0 0.9044348508634223 0.6055825242718446 0.03453689167974883 0.02487864077669903
0 0.6485478806907379 0.6516990291262136 0.029827315541601257 0.02487864077669903
0 0.6775902668759812 0.6550364077669902 0.027472527472527476 0.02669902912621359
0 0.72350863422292 0.6438106796116504 0.06593406593406594 0.028519417475728153
0 0.7970957613814758 0.6410800970873786 0.05612244897959184 0.030339805825242715
0 0.8459576138147568 0.6353155339805825 0.043171114599686033 0.02487864077669903
0 0.8777472527472528 0.6325849514563107 0.017268445839874413 0.023058252427184463
0 0.9028649921507065 0.6301577669902912 0.03296703296703297 0.021844660194174755
0 0.6149921507064364 0.6793082524271844 0.05690737833594977 0.03640776699029126
0 0.6595368916797488 0.6787014563106796 0.02590266875981162 0.0279126213592233
0 0.6942700156985872 0.6793082524271844 0.03414442700156986 0.02669902912621359
0 0.7297880690737834 0.6702063106796116 0.03532182103610675 0.030339805825242715
0 0.7963108320251178 0.6677791262135921 0.08124018838304553 0.025485436893203883
0 0.8879513343799058 0.6623179611650485 0.06593406593406594 0.03155339805825243
0 0.8801020408163266 0.6623179611650485 0.08634222919937207 0.03155339805825243
0 0.6014521193092622 0.7072208737864077 0.026687598116169546 0.019417475728155338
0 0.6634615384615385 0.7026699029126213 0.09419152276295134 0.02973300970873786
0 0.7262558869701727 0.6956917475728155 0.029827315541601257 0.023058252427184463
0 0.7686420722135008 0.7005461165048543 0.06279434850863423 0.032766990291262135
0 0.8222135007849294 0.6932645631067961 0.028649921507064365 0.032766990291262135
0 0.854199372056515 0.6884101941747572 0.03296703296703297 0.0279126213592233
0 0.9010989010989011 0.6884101941747572 0.05612244897959184 0.025485436893203883
0 0.6210753532182104 0.7333131067961164 0.04395604395604396 0.023058252427184463
0 0.6597331240188383 0.733009708737864 0.02708006279434851 0.027305825242718445
0 0.690149136577708 0.7324029126213591 0.04081632653061225 0.02487864077669903
0 0.7219387755102041 0.7229975728155339 0.019623233908948195 0.02669902912621359
0 0.7462715855572999 0.7208737864077669 0.02904238618524333 0.02245145631067961
0 0.7896389324960754 0.7211771844660193 0.05612244897959184 0.025485436893203883
0 0.8465463108320251 0.7151092233009708 0.036499215070643645 0.01820388349514563
0 0.8804945054945056 0.7126820388349514 0.02904238618524333 0.020631067961165046
0 0.9111067503924647 0.7090412621359222 0.029827315541601257 0.015776699029126214
0 0.6030219780219781 0.7606189320388349 0.03296703296703297 0.029126213592233007
0 0.6713108320251178 0.7563713592233009 0.08869701726844585 0.032766990291262135
0 0.7348901098901099 0.7484830097087378 0.03296703296703297 0.021844660194174755
0 0.7747252747252747 0.745752427184466 0.05062794348508635 0.02487864077669903
0 0.8345761381475668 0.741504854368932 0.047880690737833596 0.020024271844660192
0 0.8722527472527473 0.7390776699029126 0.02511773940345369 0.020024271844660192
0 0.6234301412872841 0.7891383495145631 0.08006279434850865 0.04490291262135922
0 0.6925039246467818 0.7873179611650485 0.05572998430141288 0.03519417475728155
0 0.7452904238618525 0.7842839805825242 0.05062794348508635 0.03519417475728155
0 0.7914050235478808 0.7803398058252426 0.05494505494505495 0.0345873786407767
0 0.8732339089481947 0.7730582524271844 0.0890894819466248 0.03337378640776699
0 0.614403453689168 0.8209951456310679 0.05023547880690738 0.037014563106796114
0 0.6571821036106751 0.8212985436893203 0.03767660910518054 0.029126213592233007
0 0.6976059654631084 0.8164441747572815 0.04866562009419152 0.038834951456310676
0 0.7690345368916798 0.8033980582524272 0.02590266875981162 0.027305825242718445
0 0.7967032967032968 0.8030946601941746 0.02708006279434851 0.03155339805825243
0 0.8357535321821037 0.7961165048543689 0.049450549450549455 0.020024271844660192
0 0.8936420722135008 0.7912621359223301 0.04513343799058085 0.0212378640776699
0 0.6077315541601256 0.8443567961165048 0.026687598116169546 0.021844660194174755
0 0.6581632653061225 0.8486043689320387 0.04905808477237049 0.032766990291262135
0 0.6991758241758242 0.8470873786407767 0.027472527472527476 0.027305825242718445
0 0.7219387755102041 0.8376820388349514 0.01805337519623234 0.020631067961165046
0 0.7588304552590267 0.839502427184466 0.05886970172684459 0.03155339805825243
0 0.8365384615384616 0.8255461165048543 0.07456828885400314 0.030339805825242715
0 0.8991365777080064 0.8216019417475727 0.04748822605965464 0.020024271844660192
0 0.6275510204081634 0.8789441747572815 0.09772370486656201 0.04126213592233009
0 0.7276295133437991 0.8743932038834951 0.10164835164835165 0.037014563106796114
0 0.8100470957613816 0.8674150485436892 0.06161695447409733 0.032766990291262135
0 0.6138147566718996 0.9032160194174756 0.05376766091051806 0.03155339805825243
0 0.6817111459968603 0.8989684466019416 0.039638932496075356 0.023058252427184463
0 0.6722919937205651 0.9007888349514562 0.060832025117739406 0.02669902912621359
0 0.7437205651491366 0.8983616504854368 0.059262166405023554 0.03155339805825243
0 0.7908163265306123 0.8929004854368932 0.031789638932496075 0.015776699029126214
